a1 : 1 
artificialStation: 0
visitInterval: 8

Stations : [
35
148
101
103
152
154
75
44
0
]

stationsCapacities : [
24
24
30
42
18
39
36
12
0
]

safetyInventoryMargin : [
0.0
0.0
0.0
0.0
0.0
0.0
0.0
0.0
0.0
]
vehicleParkingTime: 2.0
unitHandlingTime: 0.25

Vehicles : [
1
]

vehicleCapacity : [
23
]

drivingTime : [
0 2.5  9.516666666666667  7.766666666666667  2.183333333333333  13.2  7.133333333333334  3.15  0
2.466666666666667  0 9.666666666666666  7.916666666666667  4.65  10.783333333333333  7.283333333333333  0.65  0
8.983333333333333  9.35  0 5.516666666666667  9.066666666666666  9.216666666666667  3.4166666666666665  10.0  0
6.666666666666667  7.033333333333333  5.833333333333333  0 6.75  5.466666666666667  3.933333333333333  7.683333333333334  0
2.216666666666667  4.7  9.2  7.45  0 12.9  6.816666666666666  5.35  0
11.05  11.416666666666666  6.916666666666667  5.666666666666667  11.15  0 6.05  11.533333333333333  0
11.7  12.6  7.566666666666666  8.466666666666667  11.783333333333333  5.8  0 12.066666666666666  0
3.1333333333333333  0.6666666666666666  10.183333333333334  7.516666666666667  5.316666666666666  10.75  7.95  0 0
0 0 0 0 0 0 0 0 0
]