a1 : 1
artificialStation: 0
visitInterval: 8

Stations : [
35
148
101
103
154
0
]

stationsCapacities : [
24
24
30
42
39
0
]

safetyInventoryMargin : [
0.0
0.0
0.0
0.0
0.0
0.0
]
vehicleParkingTime: 2.0
unitHandlingTime: 0.25

Vehicles : [
1
]

vehicleCapacity : [
23
]

drivingTime : [
0 2.5  9.516666666666667  7.766666666666667  13.2   0
2.466666666666667  0 9.666666666666666  7.916666666666667  10.783333333333333  0
8.983333333333333  9.35  0 5.516666666666667  9.216666666666667    0
6.666666666666667  7.033333333333333  5.833333333333333  0 5.466666666666667   0
11.05  11.416666666666666  6.916666666666667  5.666666666666667   0   0
0 0 0 0 0 0
]
