21602.114236337064, 44, -1.0
21624.96228981006, 103, 1.0
21628.16185385075, 154, 1.0
21631.368392465363, 103, 1.0
21636.96282118022, 44, -1.0
21640.767448686864, 103, 1.0
21649.782543657246, 148, -1.0
21654.86838742993, 44, -1.0
21657.362874373463, 103, 1.0
21659.957095339603, 35, -1.0
21660.663105674408, 44, -1.0
21676.11281637412, 44, -1.0
21676.4416733465, 103, 1.0
21678.795019930134, 148, -1.0
21678.909301189142, 101, 1.0
21680.41011375447, 154, 1.0
21682.507180848548, 35, 1.0
21682.74540537419, 154, -1.0
21690.14302026724, 35, 1.0
21690.301977910694, 152, -1.0
21698.928681592493, 35, -1.0
21702.530958405117, 75, 1.0
21705.05330766897, 75, -1.0
21709.555455243066, 101, 1.0
21720.741396695714, 75, 1.0
21722.429325696176, 75, 1.0
21728.544626536812, 75, 1.0
21734.66538663823, 103, 1.0
21735.01719545255, 103, -1.0
21735.18254344533, 103, 1.0
21741.19785569745, 101, 1.0
21745.497450921095, 152, 1.0
21746.55962043843, 75, -1.0
21746.60373397357, 152, -1.0
21749.487849282552, 152, -1.0
21750.45545290742, 154, -1.0
21755.032983293942, 103, 1.0
21756.544815754307, 101, 1.0
21760.273009524102, 101, -1.0
21763.911442317403, 101, 1.0
21764.247753015556, 35, -1.0
21769.589014056222, 75, 1.0
21770.541463976322, 101, 1.0
21774.53524305234, 44, -1.0
21774.90845981332, 101, -1.0
21775.7723568577, 75, 1.0
21781.713590483723, 44, -1.0
21782.54433320237, 103, 1.0
21784.057019105927, 35, -1.0
21784.261238717663, 75, 1.0
21790.00822502101, 152, 1.0
21790.820568328665, 103, 1.0
21791.283159988518, 152, -1.0
21799.386310125607, 103, 1.0
21802.125784509935, 148, 1.0
21808.687237707327, 44, -1.0
21808.772003658843, 101, 1.0
21813.65558957981, 154, 1.0
21813.861181941014, 44, -1.0
21820.230752074964, 44, -1.0
21820.821229214696, 101, 1.0
21823.15774398062, 152, 1.0
21827.130502234377, 154, 1.0
21829.160792122228, 101, 1.0
21832.805936649573, 103, 1.0
21833.60993420444, 35, -1.0
21840.907508851302, 101, -1.0
21842.62487355378, 35, -1.0
21846.31747012585, 103, 1.0
21850.033269574964, 75, 1.0
21852.013992863383, 35, 1.0
21867.72380638044, 101, 1.0
21869.049071265505, 148, -1.0
21871.259444846713, 101, -1.0
21873.008627671625, 152, 1.0
21874.46283791849, 75, -1.0
21878.754721439967, 75, 1.0
21889.473401128784, 75, 1.0
21892.527773961705, 35, -1.0
21897.966413560982, 103, 1.0
21899.48421257257, 101, -1.0
21907.523118265766, 35, -1.0
21918.510676133614, 154, 1.0
21920.819381223177, 101, 1.0
21922.840546772488, 75, -1.0
21923.537706914645, 35, 1.0
21927.16636327546, 35, -1.0
21927.900514807756, 75, -1.0
21932.22167770328, 101, 1.0
21937.14192543645, 101, -1.0
21937.233393962768, 75, 1.0
21941.46027662272, 35, 1.0
21942.531979406525, 35, -1.0
21944.756171890804, 103, 1.0
21953.657522730453, 101, -1.0
21953.691825799553, 75, 1.0
21957.643537313943, 154, -1.0
21970.886230327393, 75, 1.0
21971.160826318468, 75, 1.0
21974.007052125813, 101, 1.0
21975.285435027672, 75, 1.0
21978.368675968675, 75, 1.0
21978.68331674586, 101, -1.0
21982.990255243003, 152, -1.0
21985.23241710103, 35, -1.0
21987.54036648742, 35, -1.0
21988.973206335355, 35, -1.0
21992.69456342207, 44, -1.0
21996.40416087546, 44, -1.0
22002.522767059112, 154, 1.0
22003.407048920373, 75, 1.0
22003.642431150543, 103, -1.0
22004.470795942507, 148, -1.0
22006.93197329191, 148, -1.0
22006.952851634494, 101, -1.0
22013.776082161232, 35, -1.0
22024.122816816343, 152, -1.0
22024.290789843624, 103, -1.0
22032.621763398423, 75, 1.0
22039.446564419402, 101, 1.0
22043.690750381775, 75, -1.0
22048.06846349993, 152, 1.0
22054.68535107096, 148, -1.0
22056.50949495969, 35, -1.0
22057.13419637856, 35, -1.0
22058.699748914056, 101, 1.0
22059.481887918126, 101, 1.0
22064.479192273287, 44, -1.0
22068.6292734198, 101, 1.0
22071.412553773578, 103, -1.0
22074.94356549609, 35, -1.0
22077.45097901601, 152, -1.0
22078.268310094696, 101, -1.0
22082.71857911089, 35, 1.0
22090.245180041245, 103, -1.0
22098.23088682081, 148, -1.0
22105.128300474527, 154, 1.0
22105.676251304445, 35, -1.0
22105.9303983942, 101, 1.0
22113.73389810307, 101, 1.0
22114.551105075796, 103, 1.0
22127.917520437702, 35, 1.0
22129.048210644483, 75, 1.0
22130.753189580366, 75, 1.0
22133.567399670177, 103, 1.0
22134.961660283592, 101, 1.0
22141.748933579536, 101, 1.0
22152.81479254466, 103, 1.0
22158.15609850382, 35, -1.0
22160.129160355948, 75, -1.0
22172.238404951753, 101, 1.0
22173.2158376674, 75, 1.0
22173.910224087074, 101, 1.0
22175.486118067616, 44, -1.0
22175.500461659438, 75, 1.0
22179.583150935072, 148, -1.0
22179.96412093391, 44, -1.0
22180.541938765924, 103, 1.0
22180.976943847385, 152, -1.0
22181.980490888887, 148, -1.0
22184.070241173093, 103, 1.0
22184.356247189036, 103, 1.0
22185.507520039268, 35, 1.0
22188.1200895518, 101, -1.0
22188.77532769381, 154, 1.0
22189.238548338497, 101, 1.0
22192.595036743667, 35, -1.0
22198.134571631625, 35, -1.0
22200.61557573726, 152, -1.0
22200.756705085827, 101, 1.0
22201.23272522021, 44, -1.0
22206.0288656745, 44, -1.0
22206.216804002972, 152, -1.0
22212.003366645753, 35, 1.0
22212.050011067648, 103, 1.0
22218.903303704254, 154, 1.0
22218.977326483306, 75, 1.0
22222.57309513016, 75, 1.0
22235.905048823024, 75, -1.0
22245.10422596423, 44, -1.0
22249.831869974543, 148, -1.0
22251.38021459403, 101, 1.0
22259.68347997317, 75, -1.0
22265.148769619635, 44, -1.0
22269.312833691107, 152, -1.0
22273.93043020089, 103, 1.0
22274.08700764218, 35, -1.0
22284.0705793309, 75, 1.0
22286.670799994918, 148, -1.0
22292.122448444785, 44, -1.0
22297.67214240015, 35, 1.0
22298.871661503064, 75, -1.0
22302.88337238471, 154, -1.0
22303.02726921211, 152, -1.0
22305.319949148772, 75, 1.0
22309.18979214883, 75, 1.0
22313.176425796937, 154, 1.0
22325.858091098464, 75, -1.0
22329.96246942464, 103, 1.0
22332.923893804214, 152, 1.0
22336.969655032906, 101, 1.0
22344.494024820662, 103, -1.0
22345.858680253383, 75, 1.0
22346.16537490968, 44, -1.0
22353.761338565153, 35, -1.0
22353.848375753918, 75, 1.0
22354.229064717067, 101, 1.0
22372.740488254054, 101, 1.0
22376.979483373714, 154, 1.0
22379.823749289244, 152, 1.0
22382.281911437643, 103, 1.0
22383.96261136042, 103, 1.0
22387.09032452106, 154, -1.0
22387.376692598988, 35, -1.0
22389.66343201312, 44, -1.0
22390.579433803905, 75, 1.0
22393.13878128018, 35, -1.0
22398.304390555342, 35, -1.0
22402.422443844316, 101, 1.0
22405.19861714065, 75, 1.0
22405.7995660165, 35, -1.0
22409.440553352324, 101, -1.0
22412.378868925185, 152, -1.0
22415.192668193988, 148, -1.0
22423.54935700491, 148, -1.0
22425.807699371846, 101, 1.0
22429.467875465965, 152, -1.0
22429.779355814186, 152, -1.0
22431.246185386044, 148, -1.0
22432.29996098675, 101, 1.0
22433.738516117206, 148, -1.0
22439.054992862282, 152, -1.0
22444.03229443387, 101, -1.0
22446.348412570842, 75, -1.0
22446.659374582992, 101, 1.0
22457.58496397197, 44, -1.0
22457.772782784912, 44, -1.0
22458.00512893101, 75, -1.0
22466.07342344127, 152, -1.0
22468.267918452104, 75, 1.0
22477.290591770427, 35, -1.0
22477.808212552616, 44, -1.0
22483.749144714246, 35, 1.0
22488.300230106703, 75, 1.0
22501.047204379956, 35, -1.0
22505.139733840286, 103, 1.0
22511.180244091953, 152, 1.0
22519.597383034295, 101, 1.0
22528.983720253276, 152, -1.0
22534.306956704637, 148, -1.0
22535.288772398617, 44, -1.0
22537.734317846152, 148, -1.0
22544.404521054996, 44, -1.0
22554.228135561883, 44, -1.0
22554.54355914471, 44, -1.0
22556.72469568978, 154, 1.0
22557.197983093087, 75, -1.0
22557.453081485495, 75, -1.0
22564.936711728937, 103, 1.0
22573.137725008426, 44, -1.0
22574.821512619827, 103, -1.0
22576.172904942607, 154, -1.0
22578.13077842359, 103, 1.0
22582.997938896846, 35, -1.0
22592.146362964784, 103, 1.0
22596.99615404658, 101, 1.0
22600.523794121502, 75, -1.0
22604.404679285046, 35, -1.0
22619.215192647986, 101, 1.0
22621.50045477568, 101, 1.0
22622.378349038532, 152, 1.0
22623.33883330933, 35, 1.0
22626.33559785936, 75, -1.0
22627.692283172313, 154, 1.0
22631.932280175482, 103, 1.0
22632.946641856433, 44, -1.0
22638.73902041393, 75, -1.0
22639.35189539459, 75, 1.0
22641.033929175697, 152, -1.0
22641.044097487433, 152, -1.0
22644.011245835114, 152, -1.0
22646.571641960014, 152, -1.0
22648.55121889922, 152, -1.0
22648.645180126743, 35, -1.0
22654.172998953425, 101, -1.0
22656.08026747804, 101, 1.0
22658.15754145601, 101, 1.0
22659.99516894323, 44, -1.0
22663.275813421897, 75, 1.0
22668.522555292267, 75, 1.0
22668.97051038891, 103, 1.0
22671.311362227498, 103, 1.0
22675.92654699397, 154, 1.0
22679.272052714874, 152, -1.0
22679.867018359048, 35, -1.0
22681.22948796029, 103, 1.0
22686.78950341433, 103, 1.0
22697.45285025466, 101, 1.0
22704.8070908993, 44, -1.0
22704.933688555062, 101, -1.0
22718.410552473142, 152, -1.0
22727.204640505617, 35, -1.0
22730.231123682544, 75, 1.0
22740.870492304995, 44, 1.0
22741.155279901122, 75, 1.0
22741.298991464795, 103, 1.0
22746.0665067504, 103, 1.0
22754.9532501126, 101, 1.0
22761.046680054387, 75, 1.0
22764.601989624298, 44, -1.0
22780.265533770944, 44, -1.0
22781.885515875605, 44, -1.0
22785.214183248394, 44, -1.0
22789.131202294684, 103, 1.0
22790.617239617975, 154, 1.0
22790.89460757626, 35, -1.0
22792.844004534625, 44, -1.0
22807.794122530606, 75, -1.0
22812.072704657076, 103, 1.0
22813.027307539436, 75, -1.0
22815.334651722897, 152, -1.0
22816.058765252666, 35, -1.0
22816.129308092986, 101, 1.0
22825.655434155706, 44, -1.0
22827.078296850807, 44, -1.0
22827.758971385938, 148, -1.0
22828.33307866308, 103, 1.0
22832.160086505133, 152, -1.0
22836.696839383556, 75, 1.0
22847.90294459887, 154, 1.0
22864.206424653774, 152, 1.0
22865.25492450366, 152, -1.0
22865.853806746694, 154, 1.0
22868.37846007971, 152, -1.0
22872.135848711674, 152, -1.0
22873.076259190762, 154, 1.0
22875.183452759284, 154, -1.0
22891.617174216517, 148, -1.0
22895.865232824894, 152, -1.0
22902.126055827815, 75, -1.0
22902.41728987325, 101, 1.0
22910.023364062192, 101, -1.0
22915.043990199734, 44, -1.0
22916.94274320938, 75, -1.0
22939.09305642736, 35, -1.0
22943.932394495096, 35, -1.0
22949.632550470345, 103, 1.0
22953.578767054347, 103, 1.0
22957.002362394607, 44, -1.0
22970.053108151344, 154, 1.0
22975.7168115734, 101, 1.0
22979.493087207215, 44, 1.0
22989.863361510997, 152, -1.0
22993.426212252, 44, -1.0
22994.98497818416, 44, 1.0
22995.042202028748, 75, 1.0
22995.987123991094, 35, -1.0
22996.728689580945, 101, 1.0
22999.132205010817, 103, -1.0
23005.619334035866, 103, 1.0
23007.835422521774, 75, -1.0
23009.94994596001, 35, -1.0
23015.364616759656, 148, -1.0
23018.16316810073, 148, -1.0
23018.271711387635, 152, 1.0
23027.150483728703, 101, -1.0
23031.181228548045, 44, -1.0
23033.88346320193, 152, -1.0
23036.226936291998, 101, -1.0
23036.966049710743, 101, 1.0
23040.349111969652, 148, -1.0
23044.5508895642, 148, -1.0
23044.97888268156, 35, 1.0
23047.384717407735, 35, -1.0
23048.622610893817, 103, 1.0
23048.736191063115, 75, 1.0
23051.79957081028, 75, -1.0
23052.069430410782, 44, -1.0
23055.05980968481, 154, 1.0
23073.412228183126, 44, -1.0
23074.444911759478, 148, -1.0
23075.043360716423, 154, 1.0
23078.584847138114, 101, 1.0
23078.89073248479, 44, -1.0
23080.885071304616, 75, 1.0
23081.733319733143, 103, -1.0
23082.168450528738, 75, -1.0
23086.286550235385, 148, -1.0
23087.64992801035, 103, -1.0
23093.989947359394, 101, 1.0
23108.041262770716, 152, -1.0
23108.786636345594, 152, 1.0
23111.617024348416, 148, -1.0
23115.309262271192, 35, -1.0
23121.484009423504, 101, 1.0
23121.89946068438, 148, -1.0
23123.637717000696, 44, -1.0
23128.29679968201, 44, -1.0
23131.620848647883, 103, 1.0
23139.746459520764, 75, 1.0
23140.17785373139, 75, -1.0
23147.332296857476, 101, -1.0
23148.61072338061, 101, 1.0
23149.50823311205, 35, 1.0
23152.73026606429, 101, 1.0
23156.206064690075, 35, -1.0
23156.744227596217, 148, -1.0
23157.882065429432, 101, 1.0
23160.401596850126, 103, 1.0
23160.495864617194, 152, -1.0
23176.230545103634, 35, -1.0
23177.60097770633, 35, -1.0
23177.81580779877, 44, -1.0
23183.799292007097, 148, -1.0
23183.930282236404, 103, 1.0
23184.86980039544, 75, 1.0
23192.870227252268, 35, -1.0
23194.713572396013, 101, -1.0
23196.5093454199, 75, 1.0
23196.66911635455, 101, 1.0
23199.043519960913, 103, 1.0
23218.44202907529, 35, 1.0
23220.615310145073, 35, 1.0
23221.021108620647, 152, -1.0
23225.638741049323, 75, -1.0
23230.941877656776, 75, 1.0
23232.018900055635, 75, 1.0
23240.92335682808, 75, 1.0
23247.31854109015, 75, 1.0
23248.90907688027, 103, -1.0
23250.47683551255, 101, 1.0
23256.443409638494, 35, 1.0
23256.668192933073, 75, -1.0
23259.124591644042, 148, -1.0
23262.393073549036, 101, 1.0
23266.27384234478, 75, 1.0
23272.951416280317, 103, 1.0
23277.966067271027, 101, 1.0
23281.42483353141, 152, -1.0
23285.68911257124, 152, -1.0
23288.247964115933, 152, -1.0
23290.15856554807, 75, 1.0
23295.090010545046, 75, -1.0
23296.510154429976, 35, 1.0
23296.878644310887, 35, -1.0
23299.215591478736, 44, 1.0
23299.37026893863, 154, 1.0
23303.65827129361, 44, 1.0
23313.503939218386, 44, -1.0
23314.19850136519, 148, -1.0
23318.249148634928, 35, -1.0
23322.942194810115, 101, 1.0
23325.91228966354, 101, 1.0
23329.88162666738, 103, 1.0
23331.21015639443, 154, 1.0
23332.227653692895, 44, -1.0
23336.748124431175, 148, 1.0
23342.005010965877, 148, -1.0
23342.86730496662, 154, 1.0
23345.028252044896, 35, -1.0
23346.952822806077, 35, -1.0
23348.187627372685, 44, -1.0
23352.19977807125, 154, 1.0
23363.05699830162, 44, -1.0
23373.176985400936, 44, 1.0
23380.525743198905, 35, -1.0
23382.605800237383, 101, -1.0
23383.10702616343, 101, 1.0
23384.968470592084, 101, 1.0
23388.083226929764, 75, -1.0
23392.021558963905, 44, 1.0
23393.423540261556, 44, -1.0
23394.643218073175, 154, 1.0
23395.04020753543, 103, 1.0
23412.557751480046, 103, 1.0
23413.055524833155, 103, -1.0
23418.15935681172, 101, 1.0
23426.862061469783, 152, -1.0
23428.601848023984, 101, 1.0
23436.380339670504, 101, 1.0
23439.263395118327, 152, 1.0
23443.52010926777, 101, -1.0
23449.538044575416, 148, -1.0
23458.008066252227, 148, -1.0
23458.335566819114, 148, -1.0
23459.067031161656, 103, 1.0
23459.751391425918, 152, 1.0
23461.00005338086, 101, 1.0
23465.915610954176, 101, -1.0
23473.401827295274, 101, 1.0
23474.55457118079, 44, -1.0
23479.52148109152, 101, 1.0
23486.929126994568, 75, 1.0
23491.593604742407, 152, -1.0
23494.28097525105, 44, -1.0
23497.87877286993, 35, 1.0
23500.905798392512, 75, 1.0
23501.34143746682, 154, 1.0
23501.502777764512, 101, -1.0
23503.581833363485, 75, 1.0
23505.509135529865, 148, -1.0
23509.91163023985, 148, -1.0
23510.19972848293, 75, 1.0
23516.910976309733, 152, -1.0
23518.586657367254, 148, -1.0
23521.303663475413, 101, -1.0
23532.250756285735, 35, 1.0
23533.887124743185, 103, 1.0
23536.270303849575, 152, -1.0
23544.404913032424, 44, -1.0
23552.264671752604, 148, -1.0
23552.68699383319, 154, -1.0
23557.298714286382, 103, 1.0
23560.145803851334, 35, -1.0
23560.516475088807, 154, -1.0
23565.25877322293, 44, -1.0
23573.109241335853, 35, -1.0
23575.506303812945, 148, -1.0
23575.79001828175, 148, -1.0
23577.072089362955, 148, -1.0
23579.132638940675, 35, 1.0
23581.968877880063, 103, 1.0
23582.080693601667, 103, 1.0
23585.900470631175, 44, -1.0
23586.758458436263, 75, 1.0
23588.84794697955, 148, -1.0
23591.3072589653, 75, 1.0
23597.226248640072, 101, -1.0
23604.717499407096, 101, 1.0
23606.57673526567, 101, 1.0
23609.391074555057, 75, 1.0
23614.568152278825, 35, -1.0
23616.375115412346, 35, 1.0
23625.17186031526, 152, -1.0
23629.80018345674, 101, 1.0
23630.244509941902, 148, -1.0
23634.709374766528, 44, -1.0
23638.24983583559, 75, 1.0
23642.114390315834, 75, 1.0
23655.05279246245, 75, -1.0
23656.630586190247, 103, 1.0
23665.197735255806, 44, -1.0
23669.418750527842, 44, -1.0
23670.424616776232, 148, -1.0
23674.093505536996, 152, 1.0
23676.833778819797, 148, -1.0
23680.18353501602, 103, 1.0
23681.079113146345, 101, 1.0
23681.837810909532, 101, 1.0
23683.097032157762, 154, 1.0
23684.77500308025, 103, 1.0
23685.021871231977, 148, -1.0
23691.007248940557, 152, -1.0
23697.92522160759, 44, -1.0
23698.736148278236, 44, 1.0
23718.746267106584, 154, 1.0
23722.955833310814, 152, -1.0
23730.1830403248, 75, 1.0
23735.17855914938, 75, 1.0
23737.311645619295, 101, 1.0
23740.571943177503, 154, 1.0
23741.335873983397, 154, 1.0
23742.74420765455, 101, 1.0
23745.592084404027, 152, -1.0
23754.1156076519, 101, -1.0
23754.807711863876, 35, -1.0
23755.503029629643, 75, -1.0
23755.70760915298, 103, 1.0
23758.39108295151, 75, 1.0
23763.655018290556, 101, -1.0
23765.07659376627, 152, -1.0
23770.22514463322, 154, 1.0
23770.61774600723, 101, 1.0
23773.133657503167, 154, -1.0
23785.7381545013, 75, 1.0
23787.330610390803, 101, 1.0
23789.295696537974, 35, -1.0
23790.306276099698, 44, -1.0
23790.579340148422, 75, 1.0
23791.46310483483, 75, 1.0
23796.36595080933, 154, 1.0
23804.950283921695, 35, 1.0
23814.183687952842, 103, 1.0
23822.78875252855, 101, -1.0
23825.321428265703, 75, 1.0
23826.005748155418, 148, -1.0
23834.968520733153, 154, 1.0
23846.290891317556, 101, 1.0
23854.83492181981, 103, 1.0
23866.297726217825, 101, 1.0
23867.65436852147, 101, 1.0
23867.806793069412, 75, -1.0
23868.784671321675, 44, -1.0
23878.92934187651, 152, -1.0
23879.259732420178, 101, 1.0
23881.901423827392, 103, 1.0
23887.307720146135, 44, -1.0
23889.62204436453, 75, -1.0
23895.151998907826, 148, -1.0
23897.191046623673, 148, -1.0
23903.722122627598, 75, -1.0
23904.769516343014, 148, -1.0
23909.847382013897, 103, 1.0
23912.71287248205, 101, 1.0
23915.347839462094, 44, -1.0
23926.35581951237, 103, 1.0
23929.45289708737, 44, -1.0
23930.96737433556, 148, -1.0
23931.36796231186, 35, -1.0
23933.291978544006, 35, 1.0
23937.115746864176, 35, 1.0
23938.70065165232, 152, -1.0
23940.245420812138, 101, 1.0
23947.45789789512, 75, 1.0
23950.849498230353, 75, -1.0
23955.891539313354, 75, 1.0
23961.51501330266, 103, 1.0
23966.11876950646, 148, -1.0
23970.398869560893, 154, 1.0
23975.633859597485, 35, -1.0
23977.083944748225, 101, 1.0
23985.039870082524, 35, -1.0
23987.917440126832, 44, -1.0
23992.672035901716, 44, -1.0
23999.81966494067, 101, 1.0
24008.650530589577, 152, -1.0
24009.88293910109, 152, -1.0
24012.041182611127, 148, -1.0
24022.450081054903, 101, 1.0
24029.194295530775, 152, -1.0
24032.499392014608, 75, 1.0
24047.421557173635, 44, -1.0
24049.876290692268, 35, 1.0
24051.378141595895, 103, 1.0
24051.427249902412, 103, 1.0
24052.198628393024, 101, 1.0
24054.73613928863, 103, 1.0
24054.894096485397, 103, 1.0
24079.155175124175, 75, 1.0
24082.983210349455, 101, 1.0
24086.066608722915, 44, -1.0
24088.850616558157, 103, 1.0
24090.00319543024, 154, 1.0
24092.382912629277, 35, -1.0
24094.27264579797, 75, 1.0
24097.594649937284, 152, -1.0
24098.744851621806, 35, -1.0
24101.234148278287, 101, 1.0
24106.007258536833, 148, -1.0
24111.94650590537, 103, 1.0
24113.741646514052, 35, -1.0
24115.66330261624, 35, -1.0
24115.91771974792, 148, -1.0
24120.359068504386, 35, -1.0
24130.842511711522, 103, 1.0
24132.229914736745, 148, -1.0
24132.30881224228, 152, -1.0
24137.77249753956, 75, 1.0
24140.75223009756, 75, -1.0
24140.88815199462, 44, -1.0
24145.061651755197, 75, 1.0
24145.856755831333, 101, 1.0
24150.149949885952, 101, 1.0
24152.80986615297, 103, 1.0
24157.05820271084, 101, 1.0
24157.26622006018, 152, 1.0
24158.288239170735, 101, -1.0
24161.845390083396, 148, -1.0
24164.29195706317, 75, -1.0
24170.05899379524, 75, -1.0
24182.477804644484, 154, 1.0
24182.90285174545, 75, 1.0
24196.483004982685, 152, -1.0
24209.447220702445, 154, 1.0
24215.949430665853, 152, -1.0
24221.80293568164, 148, 1.0
24229.800463283438, 35, -1.0
24232.297222631696, 152, -1.0
24237.783760314767, 154, 1.0
24238.458352103047, 75, 1.0
24240.93584563925, 101, 1.0
24247.825113095383, 101, -1.0
24248.303805885014, 75, 1.0
24257.83520167043, 44, -1.0
24261.04166844489, 35, 1.0
24261.863265257263, 35, 1.0
24267.11143645168, 154, 1.0
24270.556584498034, 101, 1.0
24270.892696028382, 35, -1.0
24275.85822992259, 75, 1.0
24277.263954802387, 154, 1.0
24281.358081807644, 44, -1.0
24282.991905443763, 103, 1.0
24283.5668314519, 148, -1.0
24287.386602202016, 101, 1.0
24292.007763252106, 103, 1.0
24297.163928422677, 44, -1.0
24302.742999615482, 101, 1.0
24310.466221031733, 148, -1.0
24311.961260645687, 101, 1.0
24316.651123225274, 44, -1.0
24316.718331105196, 101, -1.0
24324.34640969278, 44, -1.0
24324.99025110646, 154, -1.0
24325.406029961996, 101, 1.0
24327.899654143, 101, 1.0
24337.842322766122, 101, 1.0
24346.064963400095, 75, 1.0
24349.39795628653, 103, 1.0
24351.156650427292, 35, -1.0
24353.117384113983, 154, 1.0
24360.498078205484, 154, 1.0
24360.863626924398, 148, -1.0
24361.313223046283, 152, -1.0
24368.182820497015, 101, 1.0
24368.757825067383, 75, -1.0
24368.893722698936, 148, -1.0
24370.935554082374, 75, 1.0
24371.959964164624, 35, 1.0
24373.7271913744, 44, 1.0
24377.811060309563, 44, 1.0
24378.244290548715, 154, 1.0
24381.29898464761, 154, -1.0
24381.429568356358, 75, 1.0
24385.704374479013, 35, -1.0
24385.944497117194, 35, -1.0
24388.62034810518, 35, 1.0
24392.124621390634, 103, 1.0
24394.688468562767, 75, 1.0
24396.31127126518, 35, -1.0
24402.93996345629, 75, 1.0
24411.616596590164, 75, 1.0
24415.456114373937, 103, 1.0
24424.184748685486, 103, 1.0
24431.165183189078, 35, -1.0
24432.848895526626, 154, 1.0
24433.357543464415, 101, 1.0
24451.565600049085, 35, 1.0
24451.66860317481, 103, 1.0
24461.88682166731, 152, -1.0
24467.322233613417, 103, 1.0
24467.58804138671, 35, -1.0
24467.763010751853, 103, 1.0
24469.225152390136, 103, 1.0
24475.34675737238, 154, -1.0
24482.59253083873, 75, -1.0
24485.038720390905, 103, 1.0
24489.408711276097, 35, -1.0
24500.488756689327, 35, -1.0
24503.325783475528, 103, 1.0
24503.49517791352, 35, -1.0
24508.93602691272, 103, 1.0
24511.87459278182, 152, -1.0
24514.282843182315, 44, -1.0
24521.54512836034, 101, 1.0
24528.930801315364, 148, -1.0
24531.050354237566, 152, -1.0
24532.19995235341, 35, -1.0
24535.066063665763, 35, 1.0
24540.930455013313, 75, 1.0
24549.91755299602, 44, -1.0
24550.440331176804, 44, 1.0
24551.09969613296, 103, 1.0
24556.483582723915, 154, -1.0
24557.771313855526, 101, 1.0
24559.972649680967, 101, 1.0
24560.25762899898, 103, 1.0
24561.99869240248, 44, -1.0
24562.424417313625, 103, 1.0
24568.40841536019, 35, -1.0
24570.334717853853, 101, -1.0
24571.957386843143, 101, 1.0
24579.0692784693, 152, -1.0
24581.21911520888, 35, 1.0
24582.01676075877, 101, 1.0
24582.308463046298, 35, 1.0
24590.274903855054, 152, -1.0
24591.19063824754, 152, -1.0
24592.42867977065, 152, -1.0
24594.352266833546, 148, -1.0
24604.93341183669, 154, 1.0
24607.03923716373, 75, 1.0
24607.26931962368, 75, 1.0
24610.96084775291, 152, -1.0
24614.579693108568, 154, -1.0
24618.218285175833, 75, -1.0
24626.134215829865, 35, -1.0
24654.119024413947, 101, 1.0
24658.501003273017, 101, 1.0
24667.846815068202, 44, -1.0
24695.264116698334, 44, -1.0
24695.46248348368, 148, -1.0
24695.467149037817, 154, 1.0
24699.592747624465, 154, 1.0
24700.395335129844, 101, 1.0
24703.30186049488, 154, 1.0
24705.10146354743, 35, 1.0
24705.453468252268, 75, 1.0
24708.075947208585, 35, -1.0
24709.29772620223, 152, -1.0
24717.467156317623, 101, 1.0
24717.579486607123, 75, 1.0
24719.836910682956, 101, 1.0
24729.019245841202, 154, 1.0
24729.61650169742, 35, 1.0
24734.968840431036, 101, 1.0
24740.283144053825, 101, 1.0
24743.5426184287, 103, 1.0
24749.1185295483, 101, -1.0
24749.734265464678, 44, -1.0
24752.017867546278, 101, -1.0
24752.984657565346, 75, 1.0
24753.829371536838, 101, 1.0
24755.12079812229, 35, 1.0
24759.130668331498, 35, 1.0
24761.49501188639, 35, -1.0
24761.74530667344, 101, 1.0
24761.937976269204, 148, -1.0
24764.910027949234, 154, 1.0
24765.39234779244, 75, -1.0
24766.3188114005, 35, 1.0
24769.536578238774, 75, 1.0
24771.50168851047, 103, 1.0
24785.49966040026, 152, -1.0
24786.568721158998, 35, -1.0
24797.367909144185, 101, 1.0
24816.841313531306, 75, 1.0
24822.848100622166, 101, 1.0
24834.00504783941, 103, 1.0
24851.223947127593, 101, -1.0
24856.66308280645, 148, -1.0
24864.207211874746, 35, -1.0
24864.427130495907, 35, -1.0
24868.808430464487, 44, -1.0
24870.614477212046, 154, 1.0
24873.08328393235, 154, 1.0
24882.237957998947, 148, -1.0
24886.532218681634, 148, -1.0
24889.44679145992, 44, -1.0
24893.79322879738, 148, -1.0
24898.966492727544, 103, 1.0
24903.304037886162, 44, -1.0
24907.07736767751, 148, -1.0
24908.91220183978, 101, 1.0
24911.684915656144, 103, 1.0
24912.4390317576, 35, -1.0
24918.03012442625, 44, -1.0
24921.089778673333, 44, -1.0
24924.044694943546, 35, -1.0
24925.895366112538, 103, 1.0
24934.621410730786, 44, -1.0
24937.840037956303, 103, 1.0
24942.779337897962, 75, 1.0
24943.66658533176, 75, 1.0
24947.02116229379, 35, -1.0
24947.76815682906, 103, -1.0
24955.1748932195, 154, -1.0
24960.690021040744, 103, 1.0
24962.124791220103, 154, -1.0
24964.054072436684, 75, 1.0
24964.06321407959, 75, -1.0
24972.876335730583, 75, -1.0
24977.578834554097, 44, -1.0
24977.590280154644, 35, 1.0
24980.188760860834, 152, 1.0
24980.9750593378, 35, -1.0
24987.29282825245, 75, -1.0
24987.508366153834, 152, -1.0
24989.118893039908, 103, 1.0
24992.432844599938, 101, 1.0
25006.160791442308, 152, -1.0
25007.7633831549, 103, 1.0
25019.040978511002, 75, 1.0
25021.38185084539, 101, 1.0
25022.61963031441, 103, 1.0
25026.02178535954, 154, 1.0
25028.434624677328, 44, -1.0
25031.482179834584, 103, 1.0
25032.11762794234, 152, -1.0
25037.605103684178, 101, 1.0
25038.908989738502, 103, 1.0
25039.23304978926, 154, 1.0
25040.416916224105, 35, -1.0
25043.81243631403, 148, -1.0
25049.284801223992, 152, 1.0
25050.92483833854, 44, -1.0
25059.603899945745, 101, 1.0
25068.23975070863, 103, 1.0
25076.730677267893, 44, -1.0
25079.833108948587, 103, 1.0
25083.872436935468, 35, -1.0
25085.857088290777, 103, 1.0
25089.028279803028, 35, 1.0
25092.37294055366, 75, 1.0
25095.798854922767, 148, -1.0
25101.356516818407, 75, 1.0
25104.644306884944, 152, -1.0
25116.58695102817, 75, 1.0
25120.61518595579, 152, -1.0
25123.33933161253, 154, 1.0
25126.675887944526, 152, 1.0
25129.495056204636, 101, 1.0
25131.38282343534, 75, 1.0
25132.600857175905, 35, -1.0
25139.94262184268, 75, 1.0
25140.441368704232, 103, 1.0
25142.85044964555, 35, 1.0
25144.06914663624, 35, -1.0
25153.44328724929, 35, -1.0
25155.27479528125, 101, 1.0
25158.593072307394, 44, -1.0
25163.359259626377, 44, -1.0
25164.526791839577, 152, -1.0
25169.01984689079, 35, -1.0
25169.464705978684, 152, -1.0
25171.901105778754, 148, -1.0
25181.553010224383, 152, 1.0
25182.334581673003, 101, 1.0
25182.41530350621, 75, -1.0
25186.286518509543, 101, 1.0
25186.67975733588, 75, 1.0
25191.538896699436, 148, -1.0
25195.48223442309, 101, -1.0
25198.009674838075, 75, -1.0
25199.699949447557, 44, -1.0
25205.069100543555, 101, 1.0
25215.77685528379, 101, 1.0
25217.321277425704, 154, 1.0
25217.743327602326, 101, 1.0
25218.689951648827, 154, 1.0
25220.73997424367, 101, 1.0
25235.045219660293, 44, 1.0
25240.031924545056, 101, -1.0
25244.39962472892, 44, -1.0
25268.995428933144, 152, 1.0
25296.162912331285, 148, -1.0
25307.471921483524, 101, 1.0
25312.013548238345, 35, -1.0
25314.996943111277, 35, -1.0
25315.46667825532, 148, -1.0
25316.25176878934, 35, -1.0
25316.37592027442, 148, 1.0
25318.23103270815, 35, 1.0
25319.48657808616, 101, 1.0
25319.704420353173, 35, -1.0
25323.398621030094, 148, -1.0
25326.15032387928, 75, -1.0
25329.64240826388, 148, 1.0
25333.815073859394, 35, 1.0
25352.421436497025, 152, -1.0
25353.03578161772, 103, 1.0
25355.43094775802, 75, -1.0
25363.35321300547, 152, -1.0
25364.345963875894, 35, -1.0
25366.78807085089, 75, 1.0
25369.21148432039, 35, -1.0
25372.374437057384, 101, 1.0
25374.44185494078, 75, -1.0
25382.999045140066, 101, -1.0
25398.021633379714, 152, -1.0
25398.25265928852, 35, -1.0
25400.32149706433, 44, -1.0
25401.092426275278, 101, 1.0
25413.348742284707, 148, -1.0
25418.92842945512, 35, 1.0
25422.42373889851, 101, 1.0
25433.222821269996, 101, 1.0
25436.119167998193, 148, -1.0
25438.21286031085, 148, -1.0
25445.884473075737, 152, -1.0
25446.37736228003, 103, 1.0
25449.681093172294, 148, -1.0
25457.36859479882, 44, 1.0
25462.935210218635, 75, -1.0
25472.791256877204, 75, -1.0
25475.912803583222, 103, 1.0
25487.087396574923, 103, 1.0
25489.108455891266, 35, 1.0
25495.473764279363, 44, 1.0
25522.285636998284, 101, -1.0
25523.12001975735, 75, 1.0
25534.435232557338, 148, -1.0
25535.076929939096, 35, 1.0
25536.382341443783, 103, -1.0
25542.895766893424, 103, 1.0
25555.528582498344, 154, 1.0
25557.208379338346, 35, -1.0
25564.76357239757, 35, -1.0
25572.891384292026, 101, 1.0
25579.891575460246, 103, -1.0
25584.762240639757, 148, -1.0
25593.480585008907, 152, -1.0
25596.620465981923, 35, -1.0
25607.92352499996, 101, 1.0
25609.755356388254, 103, 1.0
25610.317980707157, 154, 1.0
25612.852386335235, 103, 1.0
25622.45208880074, 35, -1.0
25627.64607294429, 101, 1.0
25629.708243019522, 101, 1.0
25629.83572009409, 101, 1.0
25630.658394759183, 35, -1.0
25635.815476712025, 148, -1.0
25636.896612937813, 152, 1.0
25645.690039466423, 101, 1.0
25653.92767783608, 35, 1.0
25661.078553761778, 101, 1.0
25669.14271067896, 75, -1.0
25672.47704965536, 75, -1.0
25682.17143579888, 154, -1.0
25684.20979834175, 35, 1.0
25685.422474711613, 154, -1.0
25692.62700135661, 75, -1.0
25700.805560573026, 75, 1.0
25704.884890833655, 35, 1.0
25706.40670952245, 44, -1.0
25710.02371587193, 101, 1.0
25716.184625097103, 148, -1.0
25721.886762933686, 148, -1.0
25727.560764706894, 154, 1.0
25744.818022319396, 154, 1.0
25753.926260315486, 44, -1.0
25760.02296889521, 101, -1.0
25761.577646744383, 154, 1.0
25763.345474545094, 148, -1.0
25764.494559306775, 148, -1.0
25766.626585672933, 103, 1.0
25770.048594732514, 35, -1.0
25780.796123741442, 101, 1.0
25782.45304020221, 148, -1.0
25790.695716472936, 154, -1.0
25791.432806438243, 148, -1.0
25794.10551968462, 154, -1.0
25800.78849112099, 152, -1.0
25804.110393142066, 35, -1.0
25809.316170441434, 148, -1.0
25811.695564350564, 44, -1.0
25812.663963071605, 148, -1.0
25814.400948134542, 75, -1.0
25818.79458893514, 75, -1.0
25819.445004782254, 152, 1.0
25824.155987925355, 44, -1.0
25824.401536284044, 148, -1.0
25828.124898821898, 152, -1.0
25851.93219827477, 35, 1.0
25862.25151401026, 101, -1.0
25863.076231794053, 35, -1.0
25882.954584343297, 44, -1.0
25889.61056090895, 35, -1.0
25901.177735961515, 101, -1.0
25906.83995356522, 152, 1.0
25909.206240986845, 103, -1.0
25909.670451355374, 35, -1.0
25913.184247952337, 152, -1.0
25917.236400264544, 75, -1.0
25919.677486053995, 148, -1.0
25928.02997752235, 35, 1.0
25936.908006061018, 101, 1.0
25943.203031984, 101, 1.0
25950.98206628365, 148, -1.0
25951.365226426486, 148, -1.0
25952.592327033737, 154, 1.0
25956.14867787597, 44, -1.0
25962.06405374, 75, -1.0
25980.541550885784, 75, -1.0
25985.784864413363, 101, 1.0
25986.468558308505, 148, -1.0
25993.092020020165, 154, 1.0
25995.593312788304, 44, -1.0
26004.465669927777, 154, 1.0
26009.360171391167, 152, -1.0
26021.517127340372, 35, -1.0
26023.780257693954, 103, -1.0
26031.67529953291, 35, 1.0
26044.73563437997, 148, -1.0
26045.953974923134, 154, 1.0
26050.77689108515, 101, 1.0
26058.065836157162, 101, 1.0
26061.8519103011, 101, 1.0
26061.925729068105, 44, 1.0
26064.079695277127, 35, -1.0
26067.555754086363, 35, -1.0
26070.420245417215, 152, -1.0
26072.607709967062, 148, -1.0
26075.330872821407, 44, -1.0
26084.13332337742, 148, 1.0
26089.698190876712, 35, -1.0
26103.0901049641, 148, -1.0
26106.876810963015, 44, -1.0
26111.36121428472, 101, 1.0
26126.448056722522, 75, -1.0
26134.198183801425, 148, -1.0
26149.22057547346, 35, -1.0
26149.65017112402, 101, 1.0
26156.30161435266, 35, 1.0
26163.20181362568, 101, 1.0
26164.87860015989, 35, -1.0
26167.42737959331, 35, 1.0
26169.720145074774, 101, 1.0
26207.39929847649, 148, -1.0
26223.057405181884, 101, -1.0
26229.328107753834, 148, -1.0
26232.02444040326, 101, -1.0
26237.417521267005, 148, -1.0
26239.631027094707, 44, -1.0
26253.55828034089, 148, -1.0
26259.913100922597, 101, 1.0
26273.04838451236, 101, 1.0
26273.22266242396, 103, 1.0
26278.790941096402, 148, 1.0
26289.28386224165, 103, 1.0
26289.592841085145, 44, -1.0
26293.404512693367, 44, -1.0
26296.832443050018, 35, -1.0
26298.688252807933, 101, 1.0
26300.12713830343, 101, 1.0
26306.277449708927, 154, 1.0
26306.407668346637, 101, -1.0
26308.403757352815, 148, -1.0
26311.02364472952, 44, -1.0
26317.787411884878, 148, -1.0
26318.540370157636, 148, -1.0
26319.32823211105, 103, 1.0
26327.719651555264, 101, -1.0
26329.182269074132, 35, -1.0
26335.141318084618, 152, 1.0
26342.293625209644, 35, 1.0
26344.96705317486, 148, 1.0
26350.010733230727, 152, -1.0
26350.093120455327, 75, -1.0
26369.99632214678, 103, 1.0
26371.863662705706, 35, 1.0
26373.767870548807, 44, -1.0
26381.79853375198, 103, 1.0
26388.27847113038, 154, 1.0
26394.854883985896, 154, 1.0
26397.672400535288, 101, 1.0
26398.56455619891, 75, -1.0
26403.60980365124, 148, -1.0
26411.555621507076, 154, 1.0
26411.965875720176, 152, -1.0
26413.323936459168, 148, -1.0
26421.891130591837, 35, -1.0
26432.91650263331, 148, -1.0
26434.174685046866, 154, 1.0
26439.20067476906, 75, 1.0
26450.423132827033, 35, 1.0
26457.855125895283, 75, -1.0
26464.03429000421, 152, -1.0
26466.72327845617, 148, -1.0
26470.93408151258, 154, 1.0
26472.062516262078, 148, -1.0
26488.422446031607, 35, 1.0
26491.68123032197, 35, 1.0
26501.509243366145, 44, 1.0
26511.459256527025, 148, -1.0
26511.871815064398, 75, -1.0
26512.252783239244, 148, -1.0
26514.636532573015, 101, 1.0
26515.263519432257, 148, -1.0
26516.089492354033, 101, 1.0
26517.633680009716, 35, -1.0
26528.247768949834, 101, 1.0
26541.64055885659, 103, -1.0
26554.35455234095, 44, -1.0
26569.606870431435, 148, -1.0
26602.793113982792, 154, 1.0
26614.98801421078, 148, -1.0
26617.95227920998, 154, -1.0
26627.290399560854, 154, 1.0
26634.64514770739, 152, 1.0
26646.906096123774, 35, 1.0
26652.195919011727, 101, 1.0
26682.053100276884, 154, 1.0
26683.059413003906, 35, -1.0
26685.57528021757, 35, 1.0
26685.950349787323, 101, 1.0
26687.294354427966, 44, -1.0
26702.264854564753, 101, 1.0
26710.65350954725, 75, -1.0
26713.986108301266, 154, 1.0
26717.513148058657, 103, 1.0
26725.69622321485, 152, 1.0
26727.068367543663, 101, 1.0
26729.23812631605, 35, 1.0
26735.839790830174, 152, 1.0
26736.878754010395, 35, -1.0
26740.190154540465, 101, 1.0
26751.252090308557, 148, -1.0
26765.924458634472, 103, -1.0
26768.64353078224, 44, -1.0
26779.59110818313, 101, -1.0
26783.128402039914, 148, -1.0
26783.896838340937, 35, 1.0
26797.26801892396, 152, -1.0
26802.26550186518, 148, -1.0
26807.234900430612, 75, -1.0
26818.5733442106, 101, -1.0
26823.25321141031, 154, 1.0
26824.0555710441, 154, 1.0
26829.145884690726, 154, -1.0
26829.86060038962, 154, -1.0
26835.20806940782, 103, -1.0
26836.389801495643, 154, 1.0
26838.36860153883, 101, -1.0
26841.29202255023, 35, -1.0
26843.43702426243, 44, -1.0
26843.896260009707, 75, -1.0
26848.988919789845, 148, -1.0
26849.59012844923, 152, -1.0
26859.34430085668, 75, -1.0
26860.433804114367, 101, -1.0
26863.510203528876, 101, 1.0
26867.50662354364, 148, -1.0
26875.136483612205, 101, -1.0
26881.485030487023, 148, -1.0
26884.5437437662, 148, -1.0
26884.97410888591, 101, 1.0
26895.850855185316, 35, 1.0
26898.502303046076, 148, -1.0
26899.95855682281, 101, -1.0
26907.051993908564, 152, -1.0
26913.566534773014, 152, 1.0
26930.234515763088, 148, -1.0
26946.57837701405, 154, 1.0
26952.182536280714, 152, 1.0
26954.056729687672, 101, 1.0
26962.170616973577, 101, 1.0
26963.40920817224, 154, 1.0
26964.520415288112, 148, -1.0
26970.95084305685, 101, -1.0
26971.4908179454, 101, 1.0
26992.92400551365, 75, 1.0
27002.27622202904, 152, -1.0
27005.04201853397, 152, -1.0
27018.743981537034, 152, 1.0
27022.82783825426, 152, -1.0
27026.141646194486, 152, -1.0
27027.21527115608, 101, 1.0
27047.863940037278, 101, -1.0
27049.22379705981, 101, 1.0
27050.845734864688, 103, 1.0
27062.129682206454, 35, -1.0
27068.710340968762, 101, -1.0
27071.237256484113, 103, 1.0
27083.171179041965, 101, 1.0
27086.11354348814, 148, -1.0
27089.996953134527, 101, 1.0
27095.172793088153, 35, -1.0
27100.96662196677, 154, 1.0
27103.706772356196, 101, 1.0
27105.47525687473, 152, -1.0
27106.21975286131, 103, 1.0
27109.89886441305, 103, 1.0
27119.77867417653, 152, 1.0
27120.97382406483, 101, 1.0
27122.500149732005, 148, -1.0
27126.78327640717, 44, -1.0
27129.820727624552, 154, -1.0
27131.040278864224, 44, -1.0
27132.227211204787, 148, -1.0
27136.2931467927, 44, -1.0
27138.565818468745, 44, -1.0
27141.389608545152, 35, 1.0
27148.109286793813, 35, 1.0
27150.893418036463, 44, -1.0
27153.64299524897, 101, 1.0
27158.475353293412, 103, -1.0
27164.906509423257, 148, -1.0
27166.762272084092, 154, -1.0
27179.139770128186, 35, -1.0
27180.27611146724, 154, 1.0
27183.945269382035, 101, 1.0
27189.572423949325, 103, -1.0
27192.043165764226, 152, -1.0
27192.82118101264, 101, 1.0
27200.091474396413, 35, -1.0
27200.43685902634, 44, -1.0
27202.015969546916, 44, -1.0
27208.137122935797, 154, -1.0
27219.418789906027, 35, -1.0
27224.3475325072, 101, -1.0
27229.388139391678, 148, -1.0
27230.112344720525, 154, 1.0
27231.866955162895, 148, -1.0
27232.131489581494, 103, -1.0
27233.702036811443, 44, -1.0
27236.45197907367, 148, -1.0
27238.966604613168, 152, 1.0
27239.8711681733, 154, -1.0
27252.094096268982, 44, -1.0
27256.29868326066, 103, 1.0
27264.37760740927, 35, 1.0
27269.429187869766, 35, 1.0
27270.490797373684, 101, 1.0
27271.752575946448, 35, 1.0
27274.231755757937, 35, 1.0
27281.057701084046, 44, 1.0
27296.719684253807, 44, -1.0
27298.690992772372, 35, -1.0
27298.96147008742, 35, 1.0
27318.428167761926, 44, -1.0
27322.186545610733, 101, 1.0
27327.227070897723, 103, 1.0
27327.57076968241, 148, 1.0
27335.14477112568, 35, -1.0
27365.51981011126, 152, -1.0
27371.49349984626, 148, -1.0
27371.95485547392, 101, 1.0
27382.27261143078, 35, -1.0
27393.039663506752, 154, -1.0
27400.85311634379, 101, 1.0
27414.568553442838, 44, -1.0
27416.554210106842, 101, -1.0
27420.26543107052, 101, 1.0
27421.294719840513, 75, -1.0
27431.920837668367, 152, -1.0
27435.5970024791, 103, 1.0
27448.45028217524, 152, -1.0
27454.231116585783, 103, 1.0
27463.396505463057, 35, 1.0
27485.718830211597, 101, 1.0
27493.822603510936, 148, -1.0
27504.529255977588, 148, -1.0
27509.892971011534, 101, 1.0
27517.3421456256, 154, 1.0
27524.348245067733, 35, 1.0
27525.162939546808, 35, 1.0
27530.233514805837, 101, -1.0
27532.79446798096, 101, -1.0
27534.809533466636, 103, 1.0
27535.070252700527, 44, -1.0
27536.58291925586, 154, 1.0
27547.30807676688, 152, -1.0
27548.281045100834, 101, -1.0
27556.499129707092, 152, -1.0
27589.92430102865, 148, -1.0
27591.92871453072, 152, -1.0
27601.00516447171, 35, -1.0
27612.612979012516, 148, -1.0
27613.2827185023, 35, 1.0
27616.779826237107, 103, 1.0
27617.759555361292, 101, -1.0
27620.576624743877, 148, -1.0
27622.421691209885, 35, -1.0
27626.21294754069, 152, -1.0
27630.223329613265, 103, -1.0
27634.151866578402, 101, -1.0
27644.35125692515, 152, 1.0
27659.945795470227, 35, -1.0
27666.76401911349, 152, -1.0
27667.150697661367, 154, 1.0
27685.23897332809, 103, 1.0
27696.562596845688, 35, 1.0
27711.59802501953, 148, -1.0
27717.773228246693, 75, -1.0
27721.375157424383, 35, 1.0
27723.98621444486, 101, 1.0
27730.3135761897, 101, 1.0
27735.348418039604, 101, 1.0
27737.728756102693, 35, -1.0
27743.351821894328, 148, -1.0
27744.64772083506, 75, -1.0
27745.695187221616, 101, -1.0
27746.389519861725, 152, -1.0
27747.80514279218, 101, -1.0
27749.43354958748, 101, 1.0
27749.678369406767, 154, -1.0
27760.784241744826, 148, -1.0
27763.464335107616, 35, 1.0
27772.167539439346, 35, 1.0
27772.648125931042, 35, 1.0
27773.943497611293, 101, 1.0
27782.988902483692, 154, 1.0
27787.63719127594, 148, -1.0
27788.28581117574, 152, -1.0
27788.294888437642, 154, -1.0
27792.939812996534, 75, 1.0
27802.03231550986, 148, -1.0
27807.448035600373, 148, -1.0
27810.35757307414, 101, -1.0
27812.31284980622, 148, -1.0
27818.032003576394, 44, -1.0
27825.689120585634, 148, -1.0
27832.952622706554, 154, 1.0
27835.512621325717, 154, 1.0
27843.82274725161, 101, 1.0
27845.06355825745, 154, -1.0
27865.49894585952, 44, -1.0
27873.219728633136, 44, -1.0
27876.584653528767, 152, -1.0
27876.91479856792, 103, 1.0
27878.93014687214, 103, 1.0
27888.333441065748, 148, -1.0
27892.249958100954, 35, 1.0
27897.728152063755, 148, -1.0
27947.43458593616, 154, 1.0
27949.092454759186, 101, -1.0
27950.70266533357, 152, -1.0
27953.309201847238, 152, -1.0
27960.49379906379, 154, -1.0
27960.902421225317, 152, -1.0
27960.938939102663, 103, 1.0
27963.302622432042, 44, -1.0
27966.184203004366, 35, 1.0
27989.771744265232, 101, 1.0
27992.47103288254, 154, 1.0
27993.742860393606, 101, 1.0
27999.101437343703, 154, 1.0
28001.010839570954, 101, 1.0
28014.206033480034, 148, -1.0
28018.4579872377, 35, 1.0
28029.042124683136, 148, -1.0
28047.011112482804, 154, 1.0
28048.084803772308, 101, 1.0
28052.852449360616, 148, -1.0
28057.023989269866, 154, 1.0
28058.63658754352, 75, -1.0
28058.912939817725, 101, 1.0
28064.00289846351, 148, -1.0
28064.57768376341, 148, -1.0
28072.747501508282, 75, -1.0
28072.996872019135, 35, -1.0
28082.136424748263, 35, -1.0
28106.288481240783, 35, 1.0
28115.558820203478, 103, 1.0
28127.089636325778, 154, 1.0
28128.99705998063, 101, -1.0
28135.105140916898, 35, -1.0
28139.182608915784, 35, 1.0
28141.374195544107, 148, -1.0
28148.99401145464, 103, 1.0
28151.747293643526, 44, -1.0
28151.884306625914, 154, -1.0
28152.307277967182, 75, 1.0
28165.12173043788, 148, -1.0
28170.432985372787, 101, -1.0
28172.955016292522, 103, 1.0
28179.90966393193, 101, 1.0
28184.942133325498, 35, -1.0
28192.569238975117, 103, -1.0
28195.622865833426, 148, -1.0
28199.297724326603, 35, 1.0
28205.43455653375, 103, 1.0
28207.55821681643, 35, -1.0
28216.654885084223, 152, -1.0
28219.84578949188, 154, 1.0
28220.48805840999, 75, -1.0
28224.88850772609, 152, 1.0
28231.26842408143, 101, 1.0
28233.16544262311, 35, -1.0
28233.931469435294, 101, -1.0
28237.224686995214, 152, -1.0
28245.80410707082, 44, -1.0
28249.531150542985, 44, -1.0
28256.903197805153, 148, -1.0
28259.969970480764, 154, 1.0
28264.99960178847, 101, 1.0
28265.10793237609, 152, 1.0
28266.2222353545, 101, 1.0
28266.497520002944, 75, -1.0
28269.777233663564, 148, -1.0
28272.36363155342, 152, -1.0
28273.61469640872, 152, -1.0
28274.78255939889, 101, 1.0
28275.25111220704, 44, 1.0
28298.158181073068, 103, 1.0
28303.64718351522, 154, -1.0
28313.08005008537, 154, 1.0
28318.046062682035, 152, -1.0
28324.429091172624, 148, -1.0
28332.730450572744, 154, 1.0
28335.454837314934, 154, -1.0
28346.053975529987, 103, 1.0
28349.630199238734, 152, 1.0
28354.22872002278, 148, 1.0
28377.152608343073, 35, -1.0
28381.424266591508, 154, -1.0
28382.241970364987, 154, 1.0
28385.67860675542, 101, 1.0
28386.052830697525, 148, 1.0
28387.868082696154, 148, -1.0
28408.92193691885, 154, -1.0
28410.294035571063, 154, 1.0
28410.568408381623, 101, 1.0
28420.050680085933, 35, 1.0
28420.182233625837, 148, -1.0
28421.652244547615, 75, -1.0
28422.384903685328, 152, -1.0
28425.004168659038, 148, 1.0
28434.44255162223, 101, -1.0
28441.924521979665, 152, 1.0
28445.291264058957, 148, -1.0
28452.461887091984, 148, -1.0
28453.44928042138, 35, -1.0
28461.00128250069, 101, 1.0
28475.148041079265, 103, 1.0
28488.77330423037, 44, -1.0
28489.00169549992, 101, 1.0
28506.11360575123, 101, -1.0
28506.267365161166, 101, -1.0
28508.96290889168, 148, -1.0
28509.655637377262, 101, 1.0
28509.91899006614, 101, -1.0
28510.577115032404, 35, -1.0
28510.988122234514, 152, -1.0
28514.59711240395, 154, 1.0
28515.724812014614, 101, 1.0
28516.436303954608, 103, 1.0
28520.40809174025, 75, -1.0
28522.39830534131, 101, 1.0
28524.191184553118, 152, -1.0
28525.9148276571, 101, 1.0
28526.447270259563, 103, -1.0
28529.60186459047, 103, 1.0
28533.337736773443, 101, -1.0
28539.714144908314, 103, 1.0
28541.18069691933, 152, -1.0
28544.377301868197, 103, 1.0
28546.121247681458, 44, -1.0
28547.70947543082, 152, 1.0
28549.787544751787, 44, -1.0
28559.633986359444, 103, -1.0
28567.808415708867, 103, 1.0
28571.410408569594, 44, -1.0
28572.745995011886, 101, 1.0
28573.37709689187, 154, 1.0
28583.51994224588, 148, -1.0
28586.473497877283, 101, 1.0
28595.06626468043, 152, 1.0
28600.32364798674, 152, 1.0
28603.467335623445, 103, 1.0
28607.773600786193, 35, 1.0
28616.585818678002, 148, -1.0
28620.911518550998, 152, -1.0
28628.92062668944, 148, -1.0
28635.65286789978, 101, 1.0
28637.61083746686, 152, -1.0
28643.588635867283, 44, -1.0
28656.5079577998, 148, -1.0
28666.290155553623, 44, -1.0
28673.487131011545, 148, -1.0
28674.94165780052, 152, -1.0
28683.56620054468, 154, 1.0
28684.976142849977, 101, 1.0
28689.177538155334, 75, -1.0
28690.751167001665, 154, 1.0
28693.08398356948, 44, -1.0
28694.553458459504, 44, -1.0
28694.81292738649, 152, 1.0
28695.147883210815, 154, 1.0
28699.05503078024, 75, -1.0
28715.97030761376, 101, -1.0
28721.233317782197, 103, -1.0
28726.5945140029, 35, -1.0
28729.748353467738, 148, 1.0
28738.211422215376, 154, 1.0
28741.064742893297, 35, -1.0
28744.65206881452, 152, -1.0
28761.965654120162, 152, -1.0
28763.956601478123, 101, -1.0
28764.15625440849, 101, 1.0
28768.559793903725, 154, 1.0
28777.83389973112, 44, -1.0
28784.74784878982, 35, 1.0
28792.269203900567, 101, 1.0
28797.078535520246, 35, -1.0
28815.814727913035, 44, -1.0
28822.80769372688, 103, 1.0
28828.455878771198, 35, -1.0
28841.63243822674, 35, -1.0
28842.58790024175, 101, -1.0
28856.79058075631, 35, -1.0
28868.588200163646, 152, -1.0
28874.2444675717, 148, -1.0
28877.686807202575, 154, 1.0
28882.80098845154, 152, -1.0
28884.35293184875, 75, -1.0
28888.767778247708, 75, 1.0
28896.976775227202, 101, -1.0
28899.284187571575, 154, 1.0
28901.844255451604, 148, -1.0
28910.29513851451, 148, -1.0
28910.435904138187, 35, 1.0
28921.891293224766, 75, 1.0
28929.116029108925, 101, -1.0
28929.94341675304, 35, -1.0
28931.9495627594, 75, -1.0
28936.151227448052, 101, -1.0
28939.06527777312, 35, 1.0
28939.165506910635, 103, 1.0
28941.439442915682, 35, 1.0
28947.58676354835, 35, -1.0
28961.098574165164, 101, -1.0
28969.32155138409, 35, -1.0
28974.27883446065, 148, 1.0
28977.233796358767, 35, -1.0
28981.145299497297, 101, -1.0
28983.2783529221, 44, -1.0
28983.309665781868, 152, -1.0
28988.78627937265, 44, -1.0
28997.318323069914, 35, -1.0
28997.812368831426, 75, 1.0
29000.751496262084, 44, -1.0
29015.52264990821, 35, -1.0
29018.684048952968, 148, -1.0
29021.160624995806, 35, 1.0
29036.949814396994, 44, -1.0
29041.749129429532, 44, -1.0
29056.142808679233, 75, -1.0
29064.99546533219, 152, 1.0
29081.342011851742, 44, -1.0
29082.31790318556, 152, 1.0
29089.978916645592, 101, -1.0
29091.14263864214, 35, 1.0
29098.940156306446, 148, 1.0
29114.62628669918, 101, -1.0
29126.24600027228, 35, -1.0
29134.29410973918, 152, -1.0
29136.333141039857, 101, -1.0
29138.02034272505, 101, 1.0
29147.568231303092, 152, -1.0
29151.585798184355, 152, 1.0
29155.039078121677, 44, -1.0
29159.797199962806, 75, -1.0
29162.11679584307, 103, 1.0
29174.27892325585, 35, 1.0
29193.420937337858, 35, -1.0
29222.16821240926, 75, -1.0
29227.947612035055, 35, -1.0
29230.28259933743, 35, 1.0
29234.563334809318, 148, -1.0
29238.286987494535, 44, -1.0
29250.721081017047, 148, -1.0
29250.9269257323, 152, 1.0
29251.84773506469, 103, 1.0
29257.823198174032, 44, -1.0
29265.54649503077, 35, -1.0
29274.026283443636, 152, -1.0
29274.56437415893, 152, 1.0
29276.332979025028, 152, 1.0
29282.708621558326, 44, -1.0
29286.42162129224, 148, -1.0
29290.5342311489, 103, 1.0
29290.929679076115, 154, 1.0
29291.001900822335, 44, -1.0
29291.597678846156, 103, 1.0
29291.769206485053, 101, -1.0
29296.65483959455, 35, 1.0
29302.468936749363, 152, -1.0
29309.601815642876, 35, -1.0
29310.73415256055, 35, -1.0
29327.385744782187, 75, 1.0
29328.448113693754, 148, -1.0
29328.928975427603, 35, -1.0
29343.577005895342, 75, -1.0
29348.769107514036, 148, 1.0
29348.788937045883, 103, 1.0
29349.982813900708, 148, -1.0
29351.150328463194, 44, -1.0
29355.41253917194, 44, -1.0
29367.002317640814, 75, 1.0
29368.465632018862, 152, -1.0
29369.694472745323, 75, -1.0
29369.80348162412, 35, 1.0
29381.922390886753, 35, 1.0
29387.066624094874, 35, -1.0
29390.986133075847, 103, 1.0
29397.013346518062, 35, -1.0
29406.72921896154, 152, -1.0
29407.233211890787, 148, -1.0
29408.10731488212, 103, 1.0
29415.561340053202, 35, -1.0
29426.385977423157, 148, 1.0
29437.298972278226, 148, -1.0
29446.76428947289, 103, 1.0
29448.271740715812, 148, -1.0
29449.434671720745, 75, -1.0
29467.045545294128, 148, -1.0
29473.519269796376, 148, -1.0
29475.611406126533, 103, 1.0
29480.942373482612, 101, -1.0
29482.477807554504, 35, -1.0
29498.471500356576, 103, 1.0
29526.563936386105, 148, -1.0
29529.210599570528, 35, 1.0
29532.72688759831, 101, -1.0
29532.83936248898, 35, -1.0
29545.615751143207, 103, 1.0
29556.43714151588, 44, 1.0
29561.37712661244, 101, -1.0
29563.93549175057, 75, -1.0
29564.02743785705, 44, -1.0
29564.809538595026, 148, -1.0
29575.717289048993, 75, -1.0
29588.228875139655, 35, 1.0
29589.05553914468, 152, -1.0
29591.215810802692, 44, -1.0
29605.627007853018, 44, -1.0
29609.40352668876, 152, -1.0
29629.35344715799, 148, -1.0
29630.05460088086, 148, -1.0
29632.666416934408, 154, 1.0
29652.288847372558, 152, 1.0
29672.526722298706, 101, -1.0
29674.8459160176, 101, -1.0
29690.44297935091, 148, -1.0
29693.131219108745, 148, 1.0
29696.361945149456, 44, -1.0
29704.257342165038, 152, 1.0
29705.66209519479, 35, -1.0
29727.29297420961, 44, -1.0
29735.069435864927, 35, -1.0
29738.255803608503, 35, 1.0
29745.175738981336, 44, -1.0
29749.00308963565, 35, -1.0
29767.37221653401, 148, -1.0
29780.371277697137, 44, -1.0
29791.028654982485, 148, -1.0
29800.156706761823, 75, -1.0
29813.286343275562, 152, 1.0
29814.7439068517, 103, 1.0
29815.253043803117, 152, 1.0
29817.58598690136, 35, -1.0
29822.87355410323, 44, -1.0
29859.66129204672, 35, 1.0
29863.201361521235, 44, -1.0
29875.648121683185, 101, -1.0
29877.1552881359, 44, -1.0
29912.933265255913, 148, -1.0
29916.162171445383, 101, -1.0
29920.849469826346, 152, 1.0
29922.07014956055, 103, 1.0
29922.152971369902, 75, -1.0
29925.40917465033, 75, -1.0
29929.745065000392, 103, 1.0
29938.323727269242, 75, -1.0
29942.29661357098, 75, -1.0
29944.71602100327, 154, 1.0
29944.848203315112, 35, -1.0
29948.7672601729, 148, -1.0
29965.85539951355, 152, -1.0
29969.39964214483, 148, -1.0
29979.43760002002, 44, -1.0
29980.002819007645, 35, 1.0
29985.595384645203, 44, -1.0
29989.27935067009, 148, -1.0
30002.761652603556, 152, -1.0
30018.140744897708, 148, -1.0
30042.317689188705, 148, -1.0
30042.751076253495, 35, -1.0
30043.55011037543, 44, -1.0
30049.544491475608, 148, -1.0
30050.477846772337, 148, -1.0
30051.535231670576, 148, -1.0
30055.586107573086, 101, -1.0
30058.26215442968, 152, -1.0
30062.704034900715, 44, -1.0
30063.062116141773, 101, -1.0
30065.405526142724, 35, -1.0
30080.33784752279, 35, -1.0
30089.990307474494, 35, -1.0
30094.15876522554, 152, 1.0
30096.44277822358, 101, -1.0
30100.558100490955, 152, -1.0
30100.69881184151, 103, 1.0
30103.664171899632, 154, -1.0
30118.8524480236, 75, -1.0
30119.15955085579, 148, -1.0
30124.512704023527, 35, 1.0
30142.987908728977, 103, 1.0
30160.35387618619, 148, -1.0
30160.68671685423, 103, 1.0
30160.894364502477, 101, -1.0
30167.98736817728, 148, -1.0
30178.92823837275, 35, -1.0
30183.845370236228, 75, -1.0
30196.169819763447, 152, -1.0
30196.689422856627, 35, -1.0
30210.494453340016, 148, -1.0
30215.63371031962, 152, -1.0
30215.885135588254, 152, 1.0
30223.45682209037, 35, 1.0
30225.114652233315, 103, 1.0
30228.987428515862, 152, 1.0
30230.318131143937, 44, -1.0
30252.5699537826, 101, -1.0
30260.62759104739, 152, 1.0
30265.106935969114, 152, -1.0
30266.316403861518, 152, -1.0
30267.44829719658, 35, -1.0
30276.394234449752, 35, 1.0
30283.022621651755, 35, -1.0
30289.51773981202, 148, 1.0
30300.06444102736, 101, -1.0
30305.764230089797, 101, -1.0
30306.130600684166, 152, 1.0
30324.34670679826, 35, -1.0
30342.489504236128, 152, -1.0
30351.961273479053, 44, -1.0
30354.387523351634, 35, -1.0
30354.783654644427, 148, -1.0
30359.256253251806, 75, -1.0
30371.78908448329, 75, -1.0
30374.698266882067, 148, 1.0
30379.028347076794, 44, -1.0
30397.248308810624, 154, 1.0
30402.412338313305, 75, -1.0
30420.65271014845, 101, 1.0
30431.73749051693, 35, 1.0
30437.613046050574, 35, 1.0
30438.994467997487, 148, -1.0
30443.90311089218, 35, 1.0
30448.06638250641, 35, -1.0
30456.338215010688, 148, -1.0
30470.09853483239, 44, -1.0
30497.293149674046, 154, -1.0
30501.795560596875, 35, -1.0
30507.506083276243, 103, 1.0
30510.286324086053, 148, -1.0
30513.66661329993, 148, -1.0
30539.071601935084, 154, 1.0
30539.984963360956, 148, -1.0
30542.467515845547, 101, -1.0
30545.796965976395, 101, 1.0
30548.679518894256, 35, -1.0
30559.449840201276, 35, 1.0
30561.21829043079, 152, -1.0
30563.83824280729, 44, -1.0
30565.13752828725, 103, 1.0
30565.737421199443, 152, -1.0
30568.470556668148, 148, -1.0
30572.764497970402, 152, 1.0
30579.238335336406, 152, -1.0
30591.202952895874, 101, -1.0
30593.424549647465, 101, -1.0
30599.34971063867, 103, 1.0
30604.568398520405, 75, -1.0
30631.48319165112, 44, -1.0
30644.259303637195, 35, -1.0
30654.98983406215, 75, -1.0
30666.030808678657, 148, 1.0
30677.241855054053, 152, -1.0
30678.721173276546, 44, -1.0
30687.732909139933, 103, 1.0
30688.188940216314, 152, -1.0
30704.146308398726, 35, 1.0
30712.25329312628, 75, -1.0
30720.49147076378, 152, -1.0
30722.590768408914, 101, 1.0
30737.650020815294, 148, -1.0
30742.852761124923, 152, -1.0
30760.13369028752, 101, -1.0
30762.02283086086, 35, 1.0
30775.83917679779, 103, 1.0
30783.774659371582, 44, -1.0
30788.954510568117, 152, 1.0
30795.74454125379, 148, -1.0
30796.641424003807, 101, -1.0
30809.14284337833, 75, -1.0
30815.237548575245, 35, -1.0
30823.473694076223, 152, -1.0
30825.37434493261, 35, 1.0
30826.711935686086, 44, -1.0
30834.514286968028, 103, 1.0
30841.36180310505, 152, -1.0
30844.90853314586, 75, -1.0
30846.734881104287, 154, 1.0
30860.9028838784, 75, -1.0
30867.18930638014, 152, 1.0
30872.492214586855, 44, -1.0
30873.900477566556, 154, 1.0
30887.63245758482, 148, -1.0
30888.829762149613, 35, 1.0
30904.053331203857, 148, -1.0
30913.958788136868, 35, -1.0
30925.0396210881, 44, -1.0
30930.144568210148, 101, 1.0
30938.128337871007, 152, -1.0
30959.104452226635, 152, 1.0
30959.886518358682, 35, 1.0
30960.32875710884, 44, -1.0
30960.589572043227, 152, -1.0
30965.873846016075, 35, -1.0
30969.678206992372, 148, -1.0
30986.185203553476, 154, 1.0
30989.05370453112, 103, 1.0
30998.535073542593, 35, -1.0
31001.61350293692, 35, -1.0
31007.98249569218, 75, -1.0
31010.60073453365, 35, -1.0
31020.02921149355, 44, -1.0
31021.558099036076, 75, -1.0
31043.33968932871, 75, -1.0
31054.108119205197, 101, -1.0
31070.89263474996, 35, 1.0
31072.21968867207, 154, 1.0
31072.59946809169, 152, 1.0
31072.86491063758, 35, 1.0
31075.012827860013, 152, -1.0
31075.637563299984, 75, -1.0
31092.54717345285, 44, -1.0
31098.557766430145, 35, -1.0
31100.909080888618, 148, -1.0
31105.551963675323, 103, 1.0
31105.718369894443, 35, 1.0
31109.299186738943, 152, -1.0
31113.681055845667, 148, -1.0
31116.364420911043, 75, -1.0
31133.310835961114, 44, -1.0
31148.17897693825, 148, -1.0
31155.810406208337, 154, 1.0
31156.04508338173, 35, -1.0
31160.404394349942, 152, 1.0
31163.300012925327, 44, -1.0
31163.34221138561, 101, -1.0
31173.563982116717, 75, 1.0
31174.29541247478, 35, -1.0
31182.216635273966, 152, -1.0
31184.583761411486, 35, 1.0
31185.764932358572, 101, -1.0
31199.389233816866, 35, -1.0
31204.143608839862, 35, -1.0
31206.36808858427, 101, -1.0
31206.5002863662, 75, 1.0
31209.35204226824, 101, -1.0
31214.129709920006, 148, -1.0
31218.688410016755, 152, -1.0
31223.302651592843, 148, 1.0
31251.83435587503, 35, -1.0
31252.641815696195, 103, 1.0
31258.759413546195, 35, -1.0
31262.207524454625, 75, -1.0
31269.409183526834, 75, 1.0
31277.397645252873, 154, 1.0
31279.097034843435, 44, -1.0
31293.86644943967, 75, 1.0
31300.394125914252, 103, 1.0
31308.98103492283, 101, -1.0
31313.13494851182, 35, -1.0
31329.62226575178, 75, -1.0
31337.89377097902, 148, -1.0
31342.600550396204, 101, -1.0
31370.46780733079, 103, 1.0
31375.860449046966, 35, -1.0
31382.950419280103, 152, 1.0
31384.345992587456, 35, -1.0
31394.96733393638, 154, 1.0
31398.188374166166, 44, -1.0
31399.42632372767, 148, -1.0
31399.884854130763, 44, -1.0
31412.767271807563, 35, -1.0
31412.91184177664, 44, -1.0
31416.464962763588, 101, -1.0
31435.069680540786, 35, -1.0
31442.047327472003, 75, 1.0
31445.20081010363, 101, -1.0
31448.873878852082, 75, -1.0
31462.90725485539, 75, -1.0
31466.66318508368, 152, 1.0
31478.160879656454, 75, -1.0
31478.345131614155, 148, 1.0
31481.279861117357, 75, -1.0
31484.419759172135, 44, -1.0
31492.7257227794, 152, 1.0
31506.01467936938, 44, -1.0
31510.070196164466, 35, 1.0
31526.045590740356, 75, -1.0
31527.019791455146, 35, 1.0
31527.119498637156, 148, -1.0
31542.601064991475, 152, -1.0
31548.273255815027, 152, -1.0
31552.36495219528, 101, -1.0
31553.375011983986, 101, -1.0
31566.31459536912, 152, -1.0
31566.496879995124, 152, -1.0
31569.05195577415, 152, -1.0
31583.018755926332, 101, -1.0
31589.272876051018, 101, -1.0
31593.47352226799, 44, -1.0
31595.718441264675, 35, 1.0
31598.459932149315, 44, -1.0
31598.93382798223, 148, -1.0
31599.881469094744, 75, 1.0
31614.644959563913, 152, -1.0
31618.47937811427, 101, -1.0
31628.79267922424, 103, 1.0
31642.806251622103, 35, -1.0
31676.138245747574, 35, -1.0
31679.098084821802, 75, -1.0
31692.436213138742, 44, -1.0
31696.25700176825, 35, -1.0
31703.805071046212, 154, 1.0
31711.158812113856, 44, 1.0
31711.830489924498, 152, -1.0
31713.90282136351, 152, -1.0
31716.72912188955, 152, -1.0
31732.76009558052, 148, -1.0
31736.793515051402, 152, 1.0
31737.313720244052, 44, -1.0
31749.45450121003, 152, -1.0
31770.409671317815, 103, 1.0
31771.674673803558, 44, -1.0
31789.45315720744, 35, -1.0
31798.10835742871, 148, -1.0
31801.387336664426, 35, -1.0
31802.876017641796, 35, -1.0
31807.057196920825, 35, -1.0
31817.24586114834, 152, -1.0
31820.03723061034, 101, 1.0
31843.658578102983, 148, -1.0
31852.157440452578, 35, 1.0
31857.52286611007, 148, -1.0
31865.44114052889, 103, 1.0
31866.367549044284, 152, -1.0
31866.855432971013, 44, -1.0
31873.451711183177, 152, 1.0
31891.997758044075, 101, -1.0
31912.950945540597, 152, 1.0
31917.460600987248, 148, -1.0
31923.874238430042, 44, -1.0
31942.09791907266, 152, -1.0
31943.948451714856, 44, -1.0
31958.558690737787, 103, 1.0
31988.202674165717, 75, -1.0
31988.78966508007, 75, -1.0
31993.40627548068, 35, -1.0
31996.563438834666, 152, 1.0
31999.47326688205, 35, -1.0
32012.84193049571, 152, -1.0
32015.09127705106, 35, 1.0
32028.075330298074, 35, -1.0
32029.815375630944, 44, -1.0
32036.820370540878, 35, -1.0
32038.05764530121, 154, 1.0
32038.415236452744, 75, -1.0
32039.911256039413, 75, -1.0
32042.434191889348, 101, -1.0
32043.57733415819, 35, -1.0
32044.27885221228, 148, -1.0
32057.178703219826, 35, -1.0
32060.946377046334, 35, -1.0
32068.774883426, 35, 1.0
32072.181533291576, 101, -1.0
32086.510059727254, 152, -1.0
32095.11460727484, 152, 1.0
32112.327829841048, 35, -1.0
32122.63148875561, 35, 1.0
32136.08364880885, 148, -1.0
32136.098263804746, 152, -1.0
32147.815624633982, 35, -1.0
32152.0860469548, 103, 1.0
32169.163838072025, 44, -1.0
32169.56402603034, 35, 1.0
32184.88907838713, 44, -1.0
32186.935588385364, 152, -1.0
32196.98237838751, 148, -1.0
32200.89854453256, 75, -1.0
32207.501643676304, 148, -1.0
32220.36948839146, 35, 1.0
32224.959578753125, 148, -1.0
32248.037802597308, 35, 1.0
32248.635523288234, 152, -1.0
32275.190777523865, 154, 1.0
32276.68486336242, 152, -1.0
32281.915830594124, 103, 1.0
32285.50980584501, 75, -1.0
32314.788806025586, 154, 1.0
32319.42847720323, 154, -1.0
32325.09520845538, 75, -1.0
32338.76690560345, 101, -1.0
32341.05851576115, 75, 1.0
32354.741820221818, 75, -1.0
32354.816775177682, 101, -1.0
32355.41384142704, 35, -1.0
32378.71496242435, 152, -1.0
32381.643884751553, 103, 1.0
32388.35366229966, 44, -1.0
32412.465167844155, 75, -1.0
32416.510552098393, 101, 1.0
32417.587336088003, 152, 1.0
32417.750454800265, 101, 1.0
32427.170810116088, 148, -1.0
32438.702783457615, 148, -1.0
32452.95183691649, 152, -1.0
32461.20889192314, 152, -1.0
32462.27135393693, 148, -1.0
32472.535146912884, 101, -1.0
32473.180635491048, 44, -1.0
32474.49433841501, 103, -1.0
32480.66575786302, 152, -1.0
32481.460263024375, 44, -1.0
32484.345468303458, 103, 1.0
32485.687635915714, 75, -1.0
32486.78539372183, 152, -1.0
32487.358992534566, 35, -1.0
32491.251285344002, 35, -1.0
32493.936923122175, 44, -1.0
32495.030599147587, 103, -1.0
32499.102009535884, 35, -1.0
32509.96119226235, 44, -1.0
32510.7580526026, 103, 1.0
32514.295545345238, 103, 1.0
32516.49271940362, 103, 1.0
32522.133248806116, 103, 1.0
32526.490990352806, 35, -1.0
32531.47735955108, 35, -1.0
32539.28970747313, 152, 1.0
32545.201679555634, 152, -1.0
32545.39807110657, 152, -1.0
32548.481524469258, 152, -1.0
32549.36645996725, 152, -1.0
32550.032865160072, 44, -1.0
32552.106905315544, 101, -1.0
32553.404410215364, 75, 1.0
32558.867490619545, 44, -1.0
32561.06943900942, 44, -1.0
32566.013994529727, 35, -1.0
32566.17872970074, 35, -1.0
32566.547390759122, 44, -1.0
32571.961671133788, 152, 1.0
32581.65638654444, 103, 1.0
32588.678817543958, 101, 1.0
32593.041525911744, 35, -1.0
32599.098632327026, 101, 1.0
32609.61110512122, 101, 1.0
32615.379695713065, 75, 1.0
32621.617451927454, 103, -1.0
32624.33944518533, 103, -1.0
32625.91625701956, 152, -1.0
32626.218907354312, 44, -1.0
32627.285422065204, 35, -1.0
32636.147233917458, 35, -1.0
32637.49234993718, 148, -1.0
32637.65402192352, 75, -1.0
32644.148744753275, 44, 1.0
32652.232232700586, 101, 1.0
32653.20828951791, 101, 1.0
32663.451512849257, 152, 1.0
32669.01558793124, 101, 1.0
32678.418246039255, 75, -1.0
32678.503090107464, 101, 1.0
32678.528087874292, 103, 1.0
32679.326770557494, 103, 1.0
32680.018279759955, 103, 1.0
32680.24894734977, 103, -1.0
32693.565465643955, 103, 1.0
32698.74322070786, 103, 1.0
32699.588554790338, 75, 1.0
32701.92290950709, 154, 1.0
32705.36911348789, 101, -1.0
32713.10450705624, 152, -1.0
32713.3028650076, 44, -1.0
32715.133723436742, 152, -1.0
32715.67364877736, 35, 1.0
32716.01599591718, 35, 1.0
32717.705576006792, 148, -1.0
32718.90676755018, 101, 1.0
32720.122861655444, 154, 1.0
32724.614446412375, 101, -1.0
32744.797504101633, 152, -1.0
32750.233778814356, 35, -1.0
32752.009645462695, 152, 1.0
32756.274671134983, 44, -1.0
32757.035037388265, 103, 1.0
32758.457017733443, 35, -1.0
32760.411255844025, 103, 1.0
32760.82925609987, 101, 1.0
32764.815873838787, 75, -1.0
32765.23610925769, 103, 1.0
32781.94747924612, 75, -1.0
32793.99390624354, 35, -1.0
32795.587972770445, 75, -1.0
32809.02473196786, 101, 1.0
32811.26803162302, 35, -1.0
32816.97155036362, 103, 1.0
32817.67685803844, 101, 1.0
32827.49376918282, 148, -1.0
32829.10147064275, 148, -1.0
32840.99015796295, 103, -1.0
32841.37221082775, 101, 1.0
32844.79580082757, 35, -1.0
32855.49672368674, 75, 1.0
32858.78628300093, 152, 1.0
32862.86866903471, 44, -1.0
32864.51199888841, 75, -1.0
32865.55025804005, 44, -1.0
32871.700518716534, 154, 1.0
32875.49551478916, 152, -1.0
32880.38385109638, 35, -1.0
32881.16481159129, 44, -1.0
32882.022288755055, 75, 1.0
32893.125273253805, 103, -1.0
32898.825876410985, 35, 1.0
32905.99953402883, 44, 1.0
32911.516090917576, 35, -1.0
32915.492074155736, 35, -1.0
32915.6947933657, 152, -1.0
32921.01245294695, 152, 1.0
32931.86571849857, 148, -1.0
32933.02594203184, 44, -1.0
32934.12082396419, 75, -1.0
32945.57416885426, 148, -1.0
32946.88859561434, 103, 1.0
32947.61822474663, 152, -1.0
32965.2875504007, 44, -1.0
32975.77411763119, 75, -1.0
32977.779036873304, 103, -1.0
32995.85898084052, 103, 1.0
33001.71820044988, 75, -1.0
33008.74646539999, 44, -1.0
33011.22252195796, 148, -1.0
33013.26476970494, 44, -1.0
33021.80658458702, 44, 1.0
33033.85295001807, 152, 1.0
33035.809834944914, 35, -1.0
33038.146173028836, 75, 1.0
33044.94880207008, 35, -1.0
33048.22474779999, 35, -1.0
33057.08073749611, 103, 1.0
33061.28996095324, 75, 1.0
33066.83835918039, 44, -1.0
33069.93543724487, 35, -1.0
33076.84490660102, 103, 1.0
33079.22609758624, 35, -1.0
33092.07614410408, 75, -1.0
33096.585734708024, 75, -1.0
33108.778219019434, 44, -1.0
33112.628669118465, 154, 1.0
33118.069491244154, 75, -1.0
33124.064359044874, 152, -1.0
33128.96367466765, 44, 1.0
33132.88063362541, 44, -1.0
33140.6238278399, 44, -1.0
33149.93542179371, 35, -1.0
33151.106469676364, 35, -1.0
33152.48272845191, 75, -1.0
33153.90419623403, 101, 1.0
33159.93955869957, 148, -1.0
33162.35785703067, 44, -1.0
33170.691085949555, 152, 1.0
33174.83775865197, 35, -1.0
33187.21969261908, 75, -1.0
33187.99284701104, 103, 1.0
33195.597027633565, 101, -1.0
33224.30886638544, 148, -1.0
33232.81266725125, 35, -1.0
33235.16238743439, 103, -1.0
33240.22948609346, 103, 1.0
33248.39197283879, 152, -1.0
33256.29148154131, 101, 1.0
33260.35111975894, 103, -1.0
33262.07033055091, 148, -1.0
33262.8207784457, 101, 1.0
33264.842796284946, 44, -1.0
33268.394486899495, 103, 1.0
33285.03944221504, 101, 1.0
33287.52820969128, 154, 1.0
33312.837513537226, 152, -1.0
33319.11251783362, 152, -1.0
33324.243177660406, 154, -1.0
33325.87823729227, 152, -1.0
33325.95421608495, 35, -1.0
33332.27435076205, 103, -1.0
33334.48129571558, 101, 1.0
33335.615292485614, 148, -1.0
33343.98125440514, 35, -1.0
33351.7194464355, 35, -1.0
33355.94727249491, 44, -1.0
33359.21191319877, 44, 1.0
33361.5265629187, 103, 1.0
33368.60234933776, 152, -1.0
33376.48440727893, 103, 1.0
33386.864858294415, 154, -1.0
33387.31886764362, 148, -1.0
33389.27865881461, 101, 1.0
33390.131946390946, 44, -1.0
33399.126128175994, 35, -1.0
33399.73149094238, 148, -1.0
33399.92012376484, 103, 1.0
33402.84125768804, 35, 1.0
33403.335698944116, 103, 1.0
33406.33339635423, 44, 1.0
33407.41317235758, 152, 1.0
33420.27963202485, 44, 1.0
33421.364442176084, 75, 1.0
33423.529574648885, 35, -1.0
33427.00227324225, 35, -1.0
33427.40972201489, 154, -1.0
33434.307849390316, 148, -1.0
33436.43693064532, 101, -1.0
33444.5731733076, 103, 1.0
33454.02107076162, 154, 1.0
33458.87272475123, 152, 1.0
33459.058791459545, 152, 1.0
33460.95777604177, 148, -1.0
33466.829241479965, 75, -1.0
33481.25230684341, 35, -1.0
33486.31097090828, 35, -1.0
33489.649141202324, 103, 1.0
33493.42489366194, 101, 1.0
33496.42263944694, 35, -1.0
33501.65107461277, 152, 1.0
33507.61282877893, 75, -1.0
33513.83430573636, 101, -1.0
33522.86173300112, 44, -1.0
33530.43826086768, 154, -1.0
33531.356116803785, 152, -1.0
33534.17010280032, 75, -1.0
33560.9779503817, 44, -1.0
33562.52373742681, 35, -1.0
33564.09838146705, 103, 1.0
33568.56834196673, 103, -1.0
33570.16078352623, 35, -1.0
33580.20322046452, 103, 1.0
33581.513102029574, 44, -1.0
33581.89670779417, 35, -1.0
33590.03766239295, 75, 1.0
33595.818452896565, 103, 1.0
33602.4381020411, 75, -1.0
33605.1560613992, 101, 1.0
33609.27783136323, 75, -1.0
33609.92493632513, 35, -1.0
33610.9808014045, 101, 1.0
33613.65992317757, 44, -1.0
33617.27160145832, 35, -1.0
33618.21239978899, 35, -1.0
33619.716467277955, 103, 1.0
33629.48270323324, 154, -1.0
33637.968136145704, 75, -1.0
33638.008214614296, 35, -1.0
33646.0624346134, 101, 1.0
33647.36665062687, 75, 1.0
33655.288120118756, 35, -1.0
33656.69113514127, 148, -1.0
33658.99154155199, 103, 1.0
33661.98582799145, 35, 1.0
33664.01260340127, 75, 1.0
33669.92193809025, 101, -1.0
33683.53542015646, 152, -1.0
33689.01506077994, 103, 1.0
33691.97685725738, 75, 1.0
33694.47502264586, 148, -1.0
33697.1299266069, 103, 1.0
33698.861645992874, 101, 1.0
33707.89901201502, 152, 1.0
33713.113130402315, 152, -1.0
33716.19186930374, 103, -1.0
33717.91507583341, 35, -1.0
33721.56864070564, 35, -1.0
33728.59996532819, 35, -1.0
33732.18427638485, 103, 1.0
33756.703133812596, 44, 1.0
33761.1075265666, 35, -1.0
33761.22800024223, 44, -1.0
33766.194181701794, 101, 1.0
33769.813448309236, 103, 1.0
33778.536929126276, 103, -1.0
33783.944767064924, 44, -1.0
33787.52337167235, 75, -1.0
33788.52843352009, 103, -1.0
33795.398123453204, 101, 1.0
33797.2734102284, 44, -1.0
33810.08240862273, 148, -1.0
33818.857035672394, 103, -1.0
33823.478137491475, 154, -1.0
33825.30893422572, 35, 1.0
33826.30661197946, 35, -1.0
33838.46304686728, 103, 1.0
33853.167434886505, 75, 1.0
33856.129672856354, 44, 1.0
33862.346734762585, 148, -1.0
33865.659684487226, 44, 1.0
33866.24220409871, 148, -1.0
33871.47072251763, 152, 1.0
33871.95359036462, 103, 1.0
33883.08005323075, 103, 1.0
33889.59530767435, 75, -1.0
33898.205256970105, 44, -1.0
33901.27605580665, 154, -1.0
33903.11774332047, 103, 1.0
33905.94080028023, 103, 1.0
33908.49212194065, 35, -1.0
33913.312807972005, 101, -1.0
33913.324335641984, 152, 1.0
33917.84036267507, 75, -1.0
33923.09462999223, 101, 1.0
33926.66670246278, 35, 1.0
33927.587236372725, 35, 1.0
33931.8059884251, 35, -1.0
33933.89825969835, 35, -1.0
33934.12318234993, 148, -1.0
33936.81008605942, 35, -1.0
33941.03249183719, 148, -1.0
33945.40177515867, 154, 1.0
33947.774736935826, 148, -1.0
33958.55668866187, 75, -1.0
33958.922977742, 75, 1.0
33972.527366980736, 152, -1.0
33973.341761788564, 35, -1.0
33978.42713834707, 148, -1.0
33990.56060799163, 103, 1.0
34005.88439491904, 35, -1.0
34010.27252009871, 103, 1.0
34011.812764920316, 103, 1.0
34027.271946627734, 154, 1.0
34033.963141981774, 148, -1.0
34039.79444803091, 154, -1.0
34041.40077440814, 35, -1.0
34051.666136784246, 35, -1.0
34064.87440510953, 152, -1.0
34069.21071958941, 101, 1.0
34069.97957568578, 35, -1.0
34070.59031478329, 44, 1.0
34075.28937181429, 152, -1.0
34096.38635728253, 152, -1.0
34098.61912673809, 152, -1.0
34110.04378786866, 35, -1.0
34116.4021557835, 152, -1.0
34118.35650281456, 148, 1.0
34124.25150562746, 103, -1.0
34125.39450648596, 44, -1.0
34125.52513345338, 103, 1.0
34145.67966844379, 103, 1.0
34152.696561843986, 75, -1.0
34154.73556285992, 35, -1.0
34155.94564147701, 44, -1.0
34156.27593718047, 101, 1.0
34165.238866542495, 148, 1.0
34167.36118066923, 75, -1.0
34168.50720233667, 148, -1.0
34170.70043308266, 35, -1.0
34171.34130603925, 75, 1.0
34181.97227944157, 35, -1.0
34181.97444499901, 35, -1.0
34183.747760627695, 103, 1.0
34188.15360234987, 103, 1.0
34191.503509428454, 35, -1.0
34195.183819669044, 101, -1.0
34196.7873058768, 75, -1.0
34203.63058862546, 44, -1.0
34208.76679076655, 44, -1.0
34210.341243341856, 44, -1.0
34215.071091672056, 103, 1.0
34218.681712637546, 103, 1.0
34220.56379295862, 152, 1.0
34224.70401844808, 148, -1.0
34229.14543655234, 44, -1.0
34234.41072705704, 148, -1.0
34235.69418056217, 103, 1.0
34241.76784117511, 103, 1.0
34242.17939351213, 75, 1.0
34256.16069792134, 101, 1.0
34258.89912183116, 101, 1.0
34260.81118743706, 152, -1.0
34261.916243564636, 152, 1.0
34268.64124721079, 35, -1.0
34282.83488695356, 103, 1.0
34288.326597624655, 101, 1.0
34292.21044552088, 44, 1.0
34296.544520734155, 152, -1.0
34300.09811287687, 101, 1.0
34305.88432959538, 152, -1.0
34315.16474039648, 152, -1.0
34321.27091437526, 152, -1.0
34331.94939549913, 35, -1.0
34332.122201941274, 44, -1.0
34335.38152769295, 103, 1.0
34347.451676602504, 103, 1.0
34351.696904864686, 44, -1.0
34355.58886619501, 75, 1.0
34356.933976801454, 152, -1.0
34364.728195151765, 75, 1.0
34369.099293618114, 101, 1.0
34395.38838600154, 101, 1.0
34396.64377979463, 35, -1.0
34396.97969987197, 103, -1.0
34415.75917009813, 44, -1.0
34418.277629769545, 101, -1.0
34419.595756322065, 75, -1.0
34437.96305841538, 148, -1.0
34447.77481171564, 101, -1.0
34453.824543126546, 101, -1.0
34465.83610485468, 154, 1.0
34467.399258537785, 44, 1.0
34473.30121404659, 152, -1.0
34477.78466157913, 101, 1.0
34487.411622174826, 148, 1.0
34487.656664658454, 101, -1.0
34492.212128543724, 154, 1.0
34492.93724675657, 154, -1.0
34494.06296616201, 101, -1.0
34496.88244274451, 35, -1.0
34503.76679906584, 75, 1.0
34505.26956130651, 154, -1.0
34508.13206956255, 35, -1.0
34518.4425405778, 154, 1.0
34522.91347021522, 35, 1.0
34524.81132590443, 35, -1.0
34527.74450767036, 75, -1.0
34528.82429974149, 152, 1.0
34528.95257406347, 148, -1.0
34533.03085430844, 101, 1.0
34535.64672505932, 152, -1.0
34543.86203917237, 44, -1.0
34544.837720369396, 101, -1.0
34550.705790896434, 75, -1.0
34551.52585367934, 101, -1.0
34553.206696283014, 103, 1.0
34555.954738141634, 148, -1.0
34557.37009855982, 35, -1.0
34575.897757456754, 75, 1.0
34577.041316421375, 35, -1.0
34582.108186531135, 75, 1.0
34586.06607031825, 148, -1.0
34586.83674745493, 35, 1.0
34586.88716039532, 44, -1.0
34593.01685873599, 103, 1.0
34603.97248630054, 152, 1.0
34606.05495405051, 44, -1.0
34607.66289943209, 35, -1.0
34610.826944347915, 103, 1.0
34617.268300526935, 103, 1.0
34624.74120155399, 35, -1.0
34629.780084849466, 44, -1.0
34640.05422216571, 103, 1.0
34643.95702702451, 101, 1.0
34648.0746280896, 148, -1.0
34650.31590272395, 35, -1.0
34650.6293237465, 101, 1.0
34656.680614481535, 152, -1.0
34656.859448920026, 75, -1.0
34665.01843908762, 152, -1.0
34667.69804584427, 103, 1.0
34669.849038546774, 35, -1.0
34671.43684633977, 101, 1.0
34672.98054247907, 148, -1.0
34675.087759357855, 101, 1.0
34678.03143431765, 152, -1.0
34682.037431684985, 101, 1.0
34686.179983310525, 103, -1.0
34706.73265290812, 101, 1.0
34709.43781467743, 75, 1.0
34716.95168685188, 103, 1.0
34717.68752479918, 101, 1.0
34720.576156761104, 103, 1.0
34720.95547815081, 154, 1.0
34730.431553448085, 103, 1.0
34730.5820784925, 75, -1.0
34738.89023363199, 35, -1.0
34744.20036069087, 152, -1.0
34749.74329944143, 44, 1.0
34760.77146664966, 152, -1.0
34763.46841949259, 35, -1.0
34774.135220267475, 44, -1.0
34775.66204706656, 101, 1.0
34788.10698157655, 101, 1.0
34790.92428002553, 152, -1.0
34792.166980463924, 75, 1.0
34816.50514324548, 101, 1.0
34822.05816298775, 103, 1.0
34825.016642327326, 101, -1.0
34832.99599421005, 44, -1.0
34833.42260302585, 101, -1.0
34840.45497778915, 148, 1.0
34847.74676238722, 152, -1.0
34847.924291883966, 152, -1.0
34848.00295228846, 75, 1.0
34860.08514743365, 101, 1.0
34862.43587225944, 75, -1.0
34866.53328513025, 35, -1.0
34874.18831717061, 35, -1.0
34888.987306617084, 152, -1.0
34892.42028172147, 35, -1.0
34897.38190985397, 35, 1.0
34904.989705563086, 101, 1.0
34909.315719370476, 101, 1.0
34913.53899356565, 103, 1.0
34920.94846417052, 152, -1.0
34924.362039835876, 101, 1.0
34926.847408375, 101, -1.0
34935.22851074918, 152, -1.0
34938.31621103284, 44, -1.0
34941.16506957317, 101, 1.0
34942.19033519345, 103, 1.0
34942.519404267994, 148, -1.0
34944.449971358874, 44, -1.0
34947.95951134003, 101, 1.0
34952.5027502634, 101, -1.0
34967.58550562776, 44, -1.0
34970.96681257148, 103, -1.0
34973.3045972957, 103, 1.0
34977.61774170277, 103, 1.0
34987.318152970845, 35, -1.0
34994.38560348444, 148, -1.0
34995.60205854311, 103, 1.0
34995.92706588693, 103, 1.0
34996.57311621488, 103, 1.0
35004.28888034605, 103, 1.0
35015.13579824134, 44, 1.0
35031.03670864369, 101, 1.0
35042.656783624465, 103, 1.0
35043.56600672821, 75, -1.0
35056.60473177091, 103, 1.0
35059.40876337918, 101, 1.0
35061.176399864846, 152, -1.0
35062.27642031733, 75, 1.0
35064.30163240245, 75, 1.0
35066.35388213269, 152, -1.0
35074.66736148636, 75, -1.0
35077.35854569214, 101, 1.0
35080.51125242697, 35, -1.0
35085.76177995857, 35, -1.0
35087.31682858649, 75, -1.0
35092.91348984271, 154, -1.0
35104.803383347054, 101, 1.0
35106.78507402805, 101, 1.0
35129.719800108374, 103, 1.0
35134.887311461185, 148, -1.0
35135.57135424774, 44, -1.0
35139.616461910795, 75, -1.0
35149.64923906097, 152, 1.0
35150.25981924722, 44, 1.0
35170.66547248584, 152, -1.0
35186.206883758554, 103, 1.0
35205.7566347243, 103, 1.0
35208.966175587215, 44, -1.0
35209.8818842993, 75, -1.0
35218.64410089855, 101, 1.0
35220.115629704465, 75, 1.0
35227.584589825216, 103, 1.0
35241.33160952666, 44, -1.0
35248.61299068096, 101, 1.0
35250.33997073594, 44, -1.0
35257.53770828584, 154, -1.0
35259.768775033066, 44, -1.0
35268.425632950864, 44, 1.0
35272.517521168804, 75, -1.0
35274.98758989495, 101, 1.0
35295.77582099727, 75, -1.0
35299.69615435041, 148, -1.0
35314.53947682077, 148, -1.0
35320.0922892175, 148, -1.0
35330.8363443231, 103, 1.0
35331.79639809175, 75, 1.0
35333.967014203365, 148, -1.0
35339.455143261446, 152, 1.0
35350.6360209385, 148, -1.0
35351.152509638545, 35, -1.0
35367.3671980726, 75, -1.0
35369.73534809493, 154, -1.0
35373.19483451883, 152, -1.0
35374.60233553705, 103, 1.0
35384.01584989044, 148, -1.0
35401.937784605514, 35, 1.0
35404.31429691578, 101, 1.0
35405.052821472826, 152, -1.0
35417.870788626926, 44, 1.0
35419.588914667605, 75, 1.0
35423.67375904403, 75, -1.0
35425.28230319292, 35, -1.0
35426.09265177555, 101, -1.0
35429.05131151652, 152, 1.0
35448.15900867043, 148, -1.0
35453.80051956678, 75, 1.0
35463.11558995765, 35, -1.0
35464.55785917445, 101, 1.0
35465.79028950735, 101, -1.0
35470.31162944725, 103, 1.0
35474.04563450515, 148, -1.0
35475.22701079253, 75, -1.0
35479.23736331036, 35, -1.0
35479.60113945918, 101, 1.0
35491.44586528168, 148, -1.0
35492.2345952924, 103, 1.0
35493.13368611527, 35, -1.0
35498.34236848785, 148, -1.0
35504.068081017824, 35, -1.0
35504.72269791426, 152, -1.0
35515.75499977597, 103, 1.0
35520.62007334688, 75, -1.0
35526.715930432045, 148, -1.0
35533.106027755515, 75, -1.0
35543.329335131704, 154, 1.0
35544.16645588395, 75, -1.0
35559.77299728577, 75, 1.0
35560.44166657736, 75, -1.0
35561.55814132405, 148, -1.0
35567.751741797016, 101, -1.0
35570.170612759495, 103, 1.0
35575.49476333714, 148, 1.0
35578.406435080775, 103, 1.0
35580.40431704706, 75, -1.0
35583.2161952894, 44, 1.0
35583.238156695515, 101, 1.0
35585.1223296306, 103, -1.0
35593.22398060792, 148, -1.0
35596.13328874416, 35, -1.0
35599.925363384755, 101, -1.0
35602.16190507231, 75, -1.0
35610.196968031756, 101, 1.0
35611.41483748394, 152, -1.0
35623.047753461644, 103, 1.0
35631.192485685475, 152, -1.0
35632.55251420173, 148, -1.0
35632.84053304736, 44, 1.0
35632.92471118396, 148, -1.0
35633.103317361725, 44, -1.0
35647.019573071186, 154, 1.0
35649.47752614132, 101, -1.0
35652.94103570773, 101, 1.0
35654.02034859666, 148, -1.0
35654.79737373613, 148, 1.0
35655.29650913369, 101, 1.0
35655.739385524874, 152, 1.0
35655.879051246855, 44, -1.0
35663.21357373867, 35, -1.0
35665.216515054635, 103, 1.0
35670.23780770057, 152, -1.0
35670.83400097872, 154, 1.0
35673.87699708777, 44, -1.0
35693.19570782217, 154, 1.0
35695.01090681477, 35, 1.0
35696.34560484945, 103, 1.0
35698.47469807067, 35, -1.0
35698.76031352379, 103, 1.0
35701.30488737303, 103, 1.0
35705.35554357954, 75, 1.0
35706.55458384809, 35, -1.0
35706.79753736341, 75, 1.0
35707.574705280946, 101, 1.0
35712.10549175204, 152, 1.0
35718.32464489496, 35, -1.0
35718.43482288704, 152, -1.0
35722.67060033743, 101, -1.0
35733.66495477763, 152, 1.0
35735.47087952024, 44, -1.0
35747.825372794185, 152, -1.0
35748.13018764052, 35, -1.0
35749.731058201396, 103, 1.0
35764.877403799524, 35, -1.0
35766.43627581207, 101, -1.0
35775.3947136668, 103, 1.0
35778.246939236036, 35, -1.0
35782.8292651697, 101, -1.0
35794.952731234385, 154, -1.0
35799.714450765765, 103, 1.0
35807.019787980535, 154, 1.0
35812.69956834057, 103, 1.0
35812.85382358747, 75, -1.0
35816.837754821754, 44, -1.0
35817.63835331905, 35, 1.0
35836.14744158301, 35, -1.0
35841.54813549416, 44, -1.0
35843.552742434396, 101, -1.0
35853.8385281465, 152, -1.0
35854.03665740793, 101, 1.0
35863.49500815691, 35, -1.0
35870.58978352808, 101, -1.0
35877.53171992582, 101, 1.0
35891.99639091616, 75, -1.0
35899.042318470725, 148, -1.0
35900.150313075734, 152, -1.0
35915.24743375061, 101, 1.0
35916.48496074773, 152, 1.0
35919.45192342077, 75, 1.0
35919.95797137182, 44, -1.0
35921.15954305121, 148, -1.0
35922.77924917014, 103, 1.0
35924.91355206974, 101, 1.0
35925.78852461511, 152, -1.0
35925.92547495405, 44, -1.0
35927.166617524774, 35, -1.0
35929.87701416428, 44, -1.0
35931.61646412473, 148, -1.0
35932.042812891035, 44, -1.0
35937.45212308073, 148, -1.0
35942.31472797716, 152, 1.0
35957.95257690848, 101, 1.0
35962.276701021234, 101, 1.0
35965.90649830428, 154, -1.0
35969.0031376192, 75, -1.0
35976.01040709205, 75, 1.0
35976.76810204167, 35, -1.0
35982.31042114938, 148, -1.0
35987.48935686635, 101, 1.0
35987.53556956728, 101, 1.0
