21602.176600789866, 75, 1.0
21616.07496636716, 154, 1.0
21628.222577036293, 101, 1.0
21628.723377007696, 35, -1.0
21633.48895552675, 103, 1.0
21636.67263482421, 35, -1.0
21642.849455120144, 35, -1.0
21660.876989189044, 154, 1.0
21661.607012031745, 75, -1.0
21668.40709271398, 101, 1.0
21670.9263283608, 35, 1.0
21679.456621975503, 44, -1.0
21682.275262163137, 152, -1.0
21688.761614466137, 44, -1.0
21690.980787557713, 75, 1.0
21691.742173120267, 101, 1.0
21695.14005575676, 154, 1.0
21702.28081164988, 75, 1.0
21712.720219516443, 75, 1.0
21719.07803976888, 35, 1.0
21722.93606423244, 152, -1.0
21731.236311421733, 75, -1.0
21732.24433901951, 35, -1.0
21738.108294488204, 103, 1.0
21744.333891327842, 101, 1.0
21757.845948672468, 75, 1.0
21765.997507283344, 35, 1.0
21773.91826175475, 152, -1.0
21781.59252089246, 152, 1.0
21782.284791954247, 35, -1.0
21800.166663090346, 44, -1.0
21801.75387216595, 101, 1.0
21804.530349097928, 154, 1.0
21805.00687817219, 101, -1.0
21807.383730618596, 103, -1.0
21810.33020488358, 148, -1.0
21811.962310621362, 75, -1.0
21814.23832517148, 103, 1.0
21816.208950940632, 101, 1.0
21821.944064980584, 35, 1.0
21826.0517606233, 101, 1.0
21835.142543395443, 35, 1.0
21842.010199499982, 44, -1.0
21845.65763635754, 103, 1.0
21858.400148879577, 103, 1.0
21863.001947940807, 103, 1.0
21866.222931208496, 35, -1.0
21868.17630954591, 148, -1.0
21871.385189607023, 44, -1.0
21873.687945833757, 103, 1.0
21880.310088986822, 152, 1.0
21882.41555147478, 154, 1.0
21886.349051468875, 152, -1.0
21897.296454217085, 103, -1.0
21898.029398766128, 35, -1.0
21898.36389536045, 152, -1.0
21905.42267023048, 154, 1.0
21908.72349808697, 152, -1.0
21911.761920869747, 44, -1.0
21912.615473214624, 101, 1.0
21920.184845744625, 154, 1.0
21934.513800619494, 44, -1.0
21939.15274699241, 152, 1.0
21941.40234924961, 44, 1.0
21942.293430211514, 103, 1.0
21947.987215312147, 75, -1.0
21949.71200158695, 154, 1.0
21951.09259786056, 103, 1.0
21961.04888179753, 152, -1.0
21973.02628195433, 75, 1.0
21975.303632305797, 101, 1.0
21980.47997596352, 75, 1.0
21982.193463571817, 75, -1.0
21992.27044343864, 103, 1.0
21995.016293647783, 103, 1.0
21995.857706019942, 103, 1.0
21996.81072781985, 101, -1.0
22012.322721536413, 152, -1.0
22018.48866982107, 35, 1.0
22029.97821074266, 103, 1.0
22038.518409327997, 101, 1.0
22048.479780213864, 154, 1.0
22067.547275185745, 75, 1.0
22070.177382199014, 154, 1.0
22070.467017241783, 35, -1.0
22071.192124774123, 152, -1.0
22073.303483637275, 75, 1.0
22073.42073380373, 35, -1.0
22073.66486770761, 148, -1.0
22084.14661822362, 154, 1.0
22088.381119270794, 154, 1.0
22093.0346253407, 103, 1.0
22098.41395832022, 101, 1.0
22100.511680523246, 75, -1.0
22104.01023697529, 101, 1.0
22106.005541426588, 152, 1.0
22113.063790029566, 101, 1.0
22121.234544107672, 103, 1.0
22124.949041438966, 152, -1.0
22132.58071583801, 152, -1.0
22147.944854384532, 35, -1.0
22148.68882098017, 75, -1.0
22149.800925603373, 152, 1.0
22150.254750534532, 152, 1.0
22150.668817773578, 75, 1.0
22158.52664830225, 103, 1.0
22163.35169665392, 103, 1.0
22166.9945113023, 148, -1.0
22168.385176588858, 148, -1.0
22174.68968024349, 75, 1.0
22177.781622873543, 35, -1.0
22178.270379799167, 101, 1.0
22182.081441911658, 152, -1.0
22184.639093594426, 75, 1.0
22193.66491184522, 101, 1.0
22195.69928296155, 101, 1.0
22195.786907721966, 35, -1.0
22196.046204596827, 101, 1.0
22197.759935945236, 152, -1.0
22200.440488603355, 35, -1.0
22201.142446128175, 154, 1.0
22204.853213615148, 75, 1.0
22204.993696566155, 101, 1.0
22206.9061235019, 154, 1.0
22208.40900675369, 75, 1.0
22208.918620384477, 101, 1.0
22214.201571126458, 35, 1.0
22216.277685758218, 154, 1.0
22218.59593256648, 152, -1.0
22219.77042939864, 75, -1.0
22221.608183844673, 101, 1.0
22223.82945668751, 154, -1.0
22227.525384424305, 101, 1.0
22232.426298657407, 101, 1.0
22243.529847229456, 75, 1.0
22255.165597887004, 44, 1.0
22256.698098689878, 75, 1.0
22260.218754111695, 103, 1.0
22262.611623327073, 152, -1.0
22270.67527866393, 35, -1.0
22271.9096736782, 35, -1.0
22272.92417334685, 152, 1.0
22278.39952098708, 148, -1.0
22278.803152827233, 101, 1.0
22286.673942025507, 103, 1.0
22297.93482940101, 101, 1.0
22299.65945631146, 44, -1.0
22302.214481977033, 148, -1.0
22305.48101116503, 103, 1.0
22310.552443184868, 44, -1.0
22312.35302655202, 148, -1.0
22314.605258969506, 75, 1.0
22325.430084282252, 154, 1.0
22329.412686383155, 103, 1.0
22330.157366034757, 101, 1.0
22333.21627645622, 35, -1.0
22333.79742999059, 154, 1.0
22335.02812971209, 35, -1.0
22345.917244047938, 75, 1.0
22347.511482333695, 35, -1.0
22354.55499561661, 101, -1.0
22358.44853514991, 152, -1.0
22367.834078591757, 103, -1.0
22369.81430432747, 152, 1.0
22381.005622522593, 35, -1.0
22402.633545700122, 148, -1.0
22402.99067152971, 152, -1.0
22406.600041505724, 75, -1.0
22409.953062392782, 44, -1.0
22411.91240659035, 101, 1.0
22413.220569505316, 103, 1.0
22421.368802459372, 154, 1.0
22421.673716401958, 103, -1.0
22428.313549573668, 154, 1.0
22428.55652628695, 152, -1.0
22429.252554812127, 103, -1.0
22431.015823335656, 152, -1.0
22432.83866683465, 103, 1.0
22435.484432570473, 103, 1.0
22444.88996351953, 35, -1.0
22448.76595557134, 103, 1.0
22448.95827667641, 44, -1.0
22452.83310706743, 154, 1.0
22455.3173189092, 154, 1.0
22455.923768654367, 154, 1.0
22457.37882059532, 101, 1.0
22458.61448727129, 35, -1.0
22461.37683698559, 152, 1.0
22461.94866118484, 101, 1.0
22464.673728978385, 103, 1.0
22471.428563459584, 44, -1.0
22478.668528571412, 75, -1.0
22484.716955894757, 35, 1.0
22490.37022258344, 35, -1.0
22510.68367003706, 152, -1.0
22512.96924861289, 148, -1.0
22523.395875608312, 152, -1.0
22527.110177032995, 101, 1.0
22529.00921217613, 35, -1.0
22530.385690270294, 35, 1.0
22535.033153095905, 148, -1.0
22535.55019077841, 44, -1.0
22542.035242403515, 152, -1.0
22544.531746186847, 152, -1.0
22546.95352531572, 35, -1.0
22553.1602168846, 44, -1.0
22555.008075375405, 103, 1.0
22558.00732838672, 152, -1.0
22578.001124049002, 103, 1.0
22586.372693477708, 35, -1.0
22587.862520711587, 35, -1.0
22592.703900701825, 103, 1.0
22595.15515244313, 35, 1.0
22595.869469246958, 152, -1.0
22596.91508339993, 101, 1.0
22600.25270110551, 101, 1.0
22602.49974840057, 75, -1.0
22602.5638323825, 154, 1.0
22623.80004771581, 103, 1.0
22635.20559562937, 101, 1.0
22637.77830842823, 152, 1.0
22640.293551022485, 101, -1.0
22641.153153317882, 154, 1.0
22641.596505684043, 152, -1.0
22642.72662369192, 103, 1.0
22655.57919871701, 148, -1.0
22655.651730791844, 154, 1.0
22665.36602778455, 75, 1.0
22683.04872651271, 103, 1.0
22684.20576139559, 101, -1.0
22688.22388223679, 103, -1.0
22701.42953870336, 75, -1.0
22704.788331893804, 154, 1.0
22711.314886342767, 35, -1.0
22714.234407090476, 103, -1.0
22718.085831975226, 75, 1.0
22727.497542577967, 101, 1.0
22730.352809877375, 35, -1.0
22731.23401743944, 35, -1.0
22732.526728817964, 101, 1.0
22738.407914621846, 101, 1.0
22739.391264414044, 101, 1.0
22739.99858257885, 75, 1.0
22741.22159356543, 154, 1.0
22743.170767021868, 148, -1.0
22749.16339834338, 35, 1.0
22755.062426354933, 35, -1.0
22769.80883453924, 35, -1.0
22771.327918310704, 103, 1.0
22783.437581191916, 103, 1.0
22792.56296884717, 103, -1.0
22795.492629527864, 75, -1.0
22817.481580702082, 35, -1.0
22820.834530515716, 75, 1.0
22827.27065134401, 101, 1.0
22830.462642753268, 154, 1.0
22855.20830686641, 75, -1.0
22860.130314050242, 35, -1.0
22861.35967275651, 148, 1.0
22862.71283636733, 101, 1.0
22876.342245909873, 103, 1.0
22878.13383855921, 101, 1.0
22893.48601598372, 103, 1.0
22894.003216559096, 154, 1.0
22897.842610638574, 103, 1.0
22898.112070378247, 103, 1.0
22901.30739663662, 101, 1.0
22904.128258377124, 44, -1.0
22909.03000997134, 101, -1.0
22922.6797642038, 148, -1.0
22934.5454127752, 152, -1.0
22945.951300914752, 101, 1.0
22948.374173655735, 148, -1.0
22956.059353947454, 35, -1.0
22966.73074686714, 101, 1.0
22967.881392667477, 103, 1.0
22973.52875812706, 101, -1.0
22977.522736592095, 101, 1.0
22977.744501876077, 152, -1.0
22987.103305738496, 152, -1.0
23005.063249453946, 35, 1.0
23014.00735129638, 103, 1.0
23021.79480082859, 101, 1.0
23024.99718753425, 35, -1.0
23028.39422287543, 44, -1.0
23033.926908613386, 75, -1.0
23035.56344952465, 35, -1.0
23036.03192096715, 75, -1.0
23041.213994314705, 44, -1.0
23043.025705776752, 35, -1.0
23043.620477505403, 44, 1.0
23047.37495826071, 35, 1.0
23056.07470854975, 154, 1.0
23059.879580342546, 103, 1.0
23067.71961119329, 152, -1.0
23078.132086586436, 154, 1.0
23080.523173511287, 148, -1.0
23092.618840376213, 35, -1.0
23102.100283051237, 103, 1.0
23103.033742911073, 154, 1.0
23104.193728931165, 44, -1.0
23105.707715660472, 75, 1.0
23107.524282816288, 148, -1.0
23112.162163861703, 103, 1.0
23121.997872162116, 154, 1.0
23124.341744055935, 35, -1.0
23126.29568923292, 44, -1.0
23133.705291649832, 35, -1.0
23134.677476052566, 35, -1.0
23142.315897588574, 103, 1.0
23178.311784432073, 101, 1.0
23180.821729580704, 44, -1.0
23184.18184767636, 44, 1.0
23186.919829952134, 44, -1.0
23189.4904014157, 75, 1.0
23189.694723640783, 75, 1.0
23194.387612018014, 75, 1.0
23194.805028821167, 44, -1.0
23195.85481132319, 148, -1.0
23195.87624986185, 154, 1.0
23196.216422585952, 154, 1.0
23206.157072398637, 44, -1.0
23215.90800090274, 75, 1.0
23216.692490819045, 101, 1.0
23218.70453414106, 75, -1.0
23219.60084782042, 154, 1.0
23219.61114035847, 35, 1.0
23223.797598508772, 35, 1.0
23225.457174334875, 154, 1.0
23230.568333805273, 101, 1.0
23233.575186420185, 154, 1.0
23235.116695663633, 35, -1.0
23238.593310954122, 35, 1.0
23239.995184308067, 75, -1.0
23262.602524498543, 35, -1.0
23271.924739007027, 44, -1.0
23276.75770798338, 148, -1.0
23278.34492253576, 75, 1.0
23293.221069525538, 101, 1.0
23297.063998797326, 103, 1.0
23299.962798437347, 35, -1.0
23308.281106619965, 148, 1.0
23311.346813701748, 101, 1.0
23330.560616421102, 101, 1.0
23344.61056476868, 101, 1.0
23356.86537852214, 35, -1.0
23357.890630153634, 35, -1.0
23364.76407449121, 35, -1.0
23372.788407273583, 148, 1.0
23376.946004069127, 101, 1.0
23381.55420061055, 152, -1.0
23382.176063873052, 154, 1.0
23383.00034936095, 101, -1.0
23388.666137059226, 44, -1.0
23401.869311892795, 101, 1.0
23409.171717238674, 148, -1.0
23409.69499599001, 75, 1.0
23410.178880707543, 75, 1.0
23411.53547770045, 35, -1.0
23414.151437227745, 148, -1.0
23419.869266817146, 35, 1.0
23420.97908893937, 101, -1.0
23426.68993971029, 154, 1.0
23435.191027481138, 152, 1.0
23435.820659827394, 148, -1.0
23436.684749815944, 44, -1.0
23438.907890217662, 152, -1.0
23451.405331887607, 103, 1.0
23453.392562810423, 148, -1.0
23456.609115169795, 75, 1.0
23456.67725045047, 103, 1.0
23459.247310272265, 101, 1.0
23460.861159379263, 75, -1.0
23461.600832087577, 35, -1.0
23463.16797533474, 154, 1.0
23465.407200768466, 152, 1.0
23474.979093924136, 75, -1.0
23481.511334173134, 75, 1.0
23485.207452953793, 75, 1.0
23497.513763392122, 101, 1.0
23501.47738257151, 44, -1.0
23503.628309865944, 154, -1.0
23516.506579640274, 154, 1.0
23516.63729340855, 103, 1.0
23521.955657456954, 154, 1.0
23522.470298274566, 148, -1.0
23524.22686464572, 75, 1.0
23524.55916983789, 154, 1.0
23527.106138911695, 148, -1.0
23529.773580282133, 101, 1.0
23539.713716594608, 101, 1.0
23546.217045955884, 103, -1.0
23551.699272795584, 101, 1.0
23552.478325033928, 75, -1.0
23560.441320994512, 101, 1.0
23562.239501277294, 154, 1.0
23563.52143822611, 35, -1.0
23564.274353871824, 154, 1.0
23566.019549531007, 101, 1.0
23570.300083040027, 75, 1.0
23581.28129904888, 75, -1.0
23584.656648749362, 154, -1.0
23585.284411970504, 148, -1.0
23585.892116207044, 44, -1.0
23587.56326607533, 154, 1.0
23590.374147616596, 101, 1.0
23611.151554149033, 152, -1.0
23615.459111977336, 154, 1.0
23616.97848850831, 101, -1.0
23622.20032442946, 101, 1.0
23627.528316226293, 35, 1.0
23629.022182668326, 35, 1.0
23629.940969643227, 75, 1.0
23635.7371634049, 103, 1.0
23640.74441208552, 152, 1.0
23641.757143877217, 154, 1.0
23651.29063070432, 35, 1.0
23652.3420599432, 75, -1.0
23654.426748648842, 152, -1.0
23654.617887765096, 101, 1.0
23656.582550942723, 101, 1.0
23661.855092959453, 101, 1.0
23663.40579953668, 75, -1.0
23665.050555320766, 154, 1.0
23665.46177885308, 154, 1.0
23666.669144002855, 152, -1.0
23672.17385197549, 154, 1.0
23673.62638346159, 152, -1.0
23681.600524636262, 101, 1.0
23691.666073956847, 35, 1.0
23709.203658667368, 103, 1.0
23714.536282616802, 148, -1.0
23717.708136386187, 44, 1.0
23719.773442354202, 103, 1.0
23729.119118333794, 148, -1.0
23733.161256233114, 35, 1.0
23736.096068340717, 101, 1.0
23746.5054534038, 35, -1.0
23747.00387423993, 154, 1.0
23755.48177980255, 148, -1.0
23758.909432696866, 101, 1.0
23762.365410872528, 103, 1.0
23765.500939405054, 35, 1.0
23765.66621032198, 35, -1.0
23772.130888277235, 154, 1.0
23775.627474582936, 35, -1.0
23776.67803995495, 152, 1.0
23778.412318160317, 148, -1.0
23780.222594142742, 152, -1.0
23781.533056136108, 154, 1.0
23793.488161836543, 44, -1.0
23804.02529850227, 75, 1.0
23806.14039832723, 75, 1.0
23812.275827770554, 101, 1.0
23821.0742284965, 148, -1.0
23827.128411924812, 152, -1.0
23835.512052736365, 75, 1.0
23838.012740860027, 35, -1.0
23839.020079630114, 103, 1.0
23844.67678385962, 101, 1.0
23854.16893219074, 44, -1.0
23857.520633373493, 35, 1.0
23858.355626411736, 103, 1.0
23860.436850818096, 75, 1.0
23863.43403787516, 44, 1.0
23868.020443517787, 35, -1.0
23870.080987128815, 44, 1.0
23874.141471065366, 35, -1.0
23877.74998889776, 103, 1.0
23880.168676515153, 154, 1.0
23882.483244265037, 75, 1.0
23884.651729062192, 75, -1.0
23886.367565945002, 154, 1.0
23890.64930188346, 101, 1.0
23893.878714731625, 103, 1.0
23902.87171507053, 75, -1.0
23903.272535184915, 154, 1.0
23904.072098798653, 35, -1.0
23906.123132056597, 101, 1.0
23921.537023761382, 35, -1.0
23934.202962075004, 152, -1.0
23941.66577479372, 75, -1.0
23948.106367488825, 152, -1.0
23957.621578204402, 101, 1.0
23964.214098872668, 44, -1.0
23965.670282161336, 101, 1.0
23970.59962064044, 154, 1.0
23972.330232345834, 75, -1.0
23972.48875791371, 103, 1.0
23977.109060475592, 154, 1.0
23985.36916256044, 152, -1.0
23991.71150801914, 103, 1.0
23992.47307208091, 103, 1.0
24000.17808251131, 35, -1.0
24002.287640796418, 44, -1.0
24006.539870614586, 152, 1.0
24021.969786055226, 35, -1.0
24024.157992989825, 152, -1.0
24026.52969477529, 75, 1.0
24027.810367213173, 103, 1.0
24028.26861185195, 154, 1.0
24037.11262534224, 75, -1.0
24037.623852525652, 154, 1.0
24039.458496075014, 101, 1.0
24041.95455608036, 101, -1.0
24042.911010653977, 154, 1.0
24044.49037715805, 154, 1.0
24050.410285457372, 44, -1.0
24067.9115985798, 103, 1.0
24070.698042719643, 154, 1.0
24072.1832120472, 101, 1.0
24072.536279804815, 75, 1.0
24073.187667185437, 101, 1.0
24075.50665147076, 35, 1.0
24080.893331237723, 101, 1.0
24081.94102543828, 44, -1.0
24092.74198274424, 35, -1.0
24094.024617961517, 101, 1.0
24096.278497629333, 103, 1.0
24097.330045807383, 103, 1.0
24099.249372605664, 154, 1.0
24103.355238336593, 75, -1.0
24104.88751119758, 103, 1.0
24104.91882388317, 35, -1.0
24112.56497346615, 101, 1.0
24120.39660321244, 35, -1.0
24122.314687377733, 44, -1.0
24124.133538143928, 44, -1.0
24131.24537206034, 44, -1.0
24132.00071008075, 44, -1.0
24136.1230053857, 154, 1.0
24141.900174928564, 154, 1.0
24156.7473644433, 101, 1.0
24157.683307903924, 75, 1.0
24161.305081243987, 103, 1.0
24165.423546275448, 103, 1.0
24167.915482351644, 75, 1.0
24190.128814844706, 101, 1.0
24204.783783092822, 101, 1.0
24206.62128135582, 35, -1.0
24207.503722689617, 154, 1.0
24210.771610607706, 103, 1.0
24221.2069558878, 75, -1.0
24223.883343271587, 35, -1.0
24228.391880651543, 103, 1.0
24231.73912542691, 103, 1.0
24240.570607464033, 44, -1.0
24242.18557255057, 35, 1.0
24243.738419009, 152, -1.0
24246.538288036143, 154, 1.0
24247.308185240618, 103, 1.0
24257.863038697888, 154, 1.0
24264.744170925464, 148, 1.0
24271.314738287238, 75, 1.0
24273.35634933326, 154, 1.0
24303.13793144162, 154, 1.0
24304.59095861407, 101, -1.0
24306.885185711857, 101, 1.0
24314.358567714582, 152, -1.0
24316.190931733767, 152, -1.0
24317.138864302495, 44, -1.0
24318.503779275103, 152, -1.0
24322.267804655345, 101, 1.0
24330.423760581467, 101, -1.0
24338.795924717055, 35, -1.0
24339.452660673876, 75, 1.0
24341.045048670545, 152, -1.0
24342.495805428985, 75, 1.0
24344.02506990464, 154, 1.0
24346.691295241515, 35, -1.0
24353.909028050435, 75, -1.0
24358.270338418795, 152, -1.0
24373.604092221733, 101, 1.0
24380.579440225036, 101, 1.0
24386.53936727932, 152, -1.0
24387.79744888497, 103, 1.0
24390.55299252668, 35, -1.0
24392.819360340764, 152, -1.0
24397.713383152884, 35, -1.0
24399.560324185983, 101, 1.0
24401.296056416242, 35, -1.0
24404.32808626396, 101, 1.0
24404.358198735794, 101, 1.0
24406.670253915563, 152, -1.0
24408.92171371211, 101, -1.0
24411.281842967077, 103, 1.0
24414.004600267617, 148, -1.0
24422.911779065264, 152, 1.0
24436.74354698987, 75, -1.0
24450.899920843443, 101, 1.0
24453.651878232467, 75, -1.0
24454.106145746664, 152, 1.0
24454.86149341143, 152, 1.0
24456.347074526668, 103, -1.0
24456.47189444045, 103, 1.0
24458.10524896307, 44, -1.0
24459.562685300916, 35, -1.0
24459.828382304135, 75, -1.0
24465.107478769274, 75, 1.0
24480.798761122358, 152, -1.0
24482.46378939827, 35, -1.0
24488.58405202624, 101, -1.0
24489.200154346025, 101, 1.0
24494.63522882913, 154, 1.0
24500.57969140714, 154, 1.0
24505.26571681094, 154, 1.0
24515.618980647432, 101, 1.0
24520.277731548405, 35, -1.0
24521.55210049326, 101, 1.0
24524.648778081646, 101, 1.0
24526.148815239012, 148, -1.0
24527.997962859863, 35, -1.0
24532.903178194727, 154, 1.0
24534.056608990635, 154, 1.0
24536.64342799784, 35, 1.0
24538.759919491928, 35, -1.0
24554.829754676113, 35, -1.0
24557.317522578807, 101, 1.0
24561.618543528803, 75, -1.0
24562.642340388844, 154, 1.0
24570.9249304933, 154, 1.0
24575.23943063911, 101, 1.0
24577.19212026719, 154, 1.0
24580.85992404527, 148, -1.0
24581.55062984624, 75, -1.0
24583.004905490394, 103, 1.0
24587.25060212311, 101, 1.0
24590.970287987227, 35, 1.0
24593.4218225936, 103, 1.0
24596.604776406653, 154, 1.0
24600.56457741355, 44, 1.0
24606.60999713723, 152, -1.0
24612.37704169673, 148, -1.0
24615.086171995536, 154, 1.0
24626.198143808604, 35, 1.0
24634.68947041403, 148, -1.0
24635.497784088016, 35, -1.0
24635.813911579484, 35, 1.0
24637.182956445784, 35, -1.0
24640.432635579342, 103, 1.0
24640.877631839056, 75, 1.0
24645.27632468301, 35, -1.0
24645.96519143656, 148, -1.0
24648.282468934354, 148, 1.0
24651.84696204125, 75, 1.0
24652.767682123173, 44, -1.0
24654.649278235793, 154, 1.0
24656.188471045483, 103, 1.0
24656.540407762855, 154, 1.0
24662.03400090944, 103, 1.0
24665.9622061088, 35, -1.0
24667.255836797067, 101, -1.0
24672.426366857268, 75, 1.0
24675.92401248405, 152, -1.0
24676.82065340118, 101, 1.0
24681.18562675843, 101, 1.0
24686.397315668786, 35, -1.0
24687.389774250845, 154, 1.0
24695.22594631657, 75, -1.0
24695.88858513567, 44, -1.0
24698.75450342992, 152, -1.0
24699.747146429356, 35, -1.0
24704.375101620848, 75, 1.0
24710.74299487089, 35, 1.0
24713.718920980264, 103, -1.0
24718.513914042946, 44, -1.0
24721.06601079419, 35, -1.0
24724.130947166082, 103, 1.0
24724.26369036989, 101, 1.0
24730.36235141132, 148, 1.0
24731.953162400903, 44, -1.0
24737.515021896997, 75, 1.0
24738.29069689985, 101, 1.0
24749.171924820166, 154, 1.0
24753.234603548182, 154, 1.0
24756.44364528791, 35, -1.0
24772.11199974528, 75, 1.0
24781.407369340326, 152, -1.0
24782.488745161536, 148, -1.0
24783.58916003569, 44, -1.0
24784.16506153656, 154, -1.0
24789.694056662833, 75, 1.0
24792.406546055314, 103, 1.0
24802.426590683324, 75, 1.0
24812.028866453846, 103, 1.0
24813.380015368995, 101, 1.0
24816.282953070397, 75, -1.0
24825.742799236665, 103, 1.0
24826.028192211972, 101, 1.0
24831.265106038725, 35, 1.0
24837.206375976646, 44, -1.0
24837.567694708723, 154, -1.0
24838.80795969431, 44, 1.0
24839.724780278117, 103, 1.0
24841.73715704278, 154, 1.0
24843.915671783114, 154, 1.0
24848.087826619834, 44, -1.0
24849.043847047353, 75, 1.0
24850.93758051849, 152, -1.0
24863.77973738673, 101, 1.0
24868.289721604015, 101, 1.0
24873.89538020709, 75, 1.0
24874.974965492504, 75, -1.0
24879.43484016603, 44, -1.0
24880.824055007095, 154, -1.0
24883.508124618485, 148, -1.0
24894.027387372003, 152, -1.0
24895.115362401502, 75, -1.0
24896.45152376947, 154, 1.0
24897.846734169532, 152, -1.0
24908.607370868223, 101, 1.0
24918.209478084256, 35, -1.0
24925.36061075654, 103, 1.0
24929.04025190793, 75, -1.0
24929.29813298342, 154, 1.0
24931.843162318302, 152, 1.0
24933.830431094288, 75, -1.0
24944.327181078654, 154, 1.0
24948.57599910604, 35, 1.0
24949.485735583374, 35, -1.0
24949.686462181384, 152, -1.0
24950.458505574417, 101, 1.0
24950.955368862604, 35, 1.0
24956.121967201063, 75, -1.0
24956.344244344476, 75, 1.0
24965.522501590905, 75, -1.0
24966.628934209195, 148, -1.0
24966.888755414395, 154, 1.0
24967.257161250323, 44, -1.0
24968.123159243412, 101, 1.0
24977.279596783686, 148, -1.0
24978.747375475024, 154, 1.0
24981.93891761212, 75, 1.0
24991.83496882129, 154, 1.0
24992.359942241586, 154, 1.0
25001.356456914018, 152, 1.0
25003.381735038765, 103, 1.0
25005.351216623578, 35, -1.0
25007.567086875595, 35, -1.0
25008.441392932993, 103, 1.0
25015.86874676963, 148, -1.0
25017.90335268928, 154, 1.0
25029.985785617493, 148, -1.0
25031.57078113439, 103, 1.0
25033.72725661816, 44, -1.0
25038.652692210988, 35, -1.0
25045.303262004683, 44, -1.0
25048.63052714611, 154, 1.0
25062.96092199771, 148, -1.0
25071.320065566222, 103, 1.0
25072.828885898394, 75, 1.0
25076.291520778548, 152, -1.0
25076.667800595438, 103, 1.0
25080.468005411014, 35, 1.0
25080.77467046522, 154, 1.0
25080.878998794688, 75, -1.0
25081.90874633341, 75, -1.0
25082.28777867812, 75, 1.0
25083.60501170222, 35, 1.0
25084.74777022342, 152, 1.0
25090.10942112475, 154, 1.0
25095.621406606922, 154, 1.0
25097.455967668277, 152, -1.0
25098.465782751267, 154, 1.0
25100.531147261503, 154, -1.0
25108.217989275377, 101, 1.0
25110.073294368714, 152, 1.0
25129.79219394799, 101, -1.0
25132.661788074267, 35, 1.0
25142.623683196198, 75, -1.0
25143.744292851534, 101, -1.0
25149.20418133659, 148, -1.0
25153.274330230943, 103, 1.0
25154.7129533864, 35, -1.0
25155.426356066982, 103, 1.0
25156.305835521856, 101, 1.0
25162.382404790227, 103, 1.0
25163.277980758183, 101, -1.0
25163.31048921473, 152, -1.0
25165.94540574881, 101, 1.0
25167.362715779, 148, -1.0
25170.251461134772, 152, 1.0
25174.292983760944, 103, 1.0
25178.020855131243, 35, 1.0
25183.14315166292, 75, 1.0
25187.789122731643, 103, 1.0
25188.07355934646, 154, 1.0
25188.28507888465, 35, -1.0
25191.723087137907, 152, 1.0
25200.715310789343, 75, 1.0
25202.93727645689, 148, -1.0
25205.249967532964, 101, 1.0
25214.09971781441, 103, 1.0
25214.347870643494, 75, 1.0
25220.215184774603, 35, -1.0
25236.833214641745, 44, -1.0
25244.842087370966, 101, 1.0
25246.465257773805, 101, -1.0
25252.637619216788, 148, -1.0
25257.553716965063, 103, 1.0
25280.137735374956, 35, 1.0
25288.037034547066, 75, -1.0
25293.336393151003, 75, -1.0
25314.716583946058, 154, -1.0
25324.007667274916, 35, -1.0
25327.05090970359, 103, 1.0
25331.832072913552, 103, 1.0
25338.296440732745, 154, 1.0
25345.795349314114, 75, -1.0
25346.23835794034, 103, -1.0
25347.394335490637, 148, 1.0
25349.356634648764, 103, 1.0
25356.147701008307, 101, 1.0
25363.035719619427, 103, 1.0
25369.157455329703, 75, 1.0
25374.19860104815, 103, 1.0
25395.128671394315, 75, 1.0
25400.11012821854, 101, 1.0
25403.97350487669, 35, -1.0
25407.213068896825, 152, -1.0
25407.308648312435, 75, -1.0
25410.303983417467, 75, 1.0
25414.78870844692, 152, -1.0
25427.597887859556, 101, 1.0
25428.89009445456, 154, 1.0
25431.05174922773, 35, 1.0
25431.255958340997, 154, 1.0
25456.61646576116, 101, 1.0
25464.797755721156, 75, 1.0
25476.1189995857, 154, -1.0
25476.282159295526, 154, 1.0
25481.08272598372, 75, -1.0
25482.92806751845, 75, 1.0
25482.947837389762, 75, -1.0
25485.71055809165, 154, 1.0
25490.893246888252, 154, 1.0
25495.689736070588, 101, 1.0
25499.29450672011, 152, -1.0
25501.394112317033, 152, -1.0
25503.185836520475, 101, -1.0
25503.993744180836, 101, 1.0
25517.005974445037, 75, 1.0
25521.167154101735, 103, 1.0
25535.88965732787, 101, 1.0
25536.393054309206, 103, 1.0
25539.911932753887, 148, -1.0
25546.108025815513, 103, 1.0
25551.757963049156, 103, -1.0
25553.382246952213, 101, 1.0
25554.598978017526, 101, -1.0
25555.38525378375, 75, 1.0
25561.088034915163, 152, -1.0
25566.227007689013, 75, 1.0
25568.458886671262, 103, 1.0
25576.219080839634, 103, 1.0
25585.295314212348, 152, -1.0
25590.118611599584, 103, 1.0
25603.562308789784, 154, 1.0
25603.64618959445, 103, 1.0
25609.61534296412, 148, -1.0
25614.23565349187, 154, -1.0
25622.8452929894, 75, 1.0
25633.26721071561, 103, -1.0
25641.242010345988, 75, 1.0
25641.281659062082, 103, 1.0
25652.583560941326, 148, -1.0
25657.14989286905, 101, 1.0
25673.954470910583, 75, 1.0
25674.105654537525, 35, -1.0
25677.18207983786, 75, 1.0
25678.213776114986, 148, -1.0
25680.511396080867, 103, 1.0
25685.573933756354, 75, 1.0
25689.768372287486, 75, 1.0
25690.84734340905, 75, 1.0
25708.704652051074, 101, -1.0
25725.45632137482, 103, 1.0
25728.67211655806, 44, -1.0
25744.174449401005, 148, 1.0
25746.826302398433, 154, 1.0
25750.531170402566, 103, 1.0
25756.914133910203, 148, -1.0
25757.84930163838, 75, 1.0
25759.08548806881, 35, -1.0
25761.034012343593, 35, -1.0
25770.00837624563, 44, -1.0
25784.904654585953, 148, -1.0
25795.566985948306, 148, 1.0
25800.155690089574, 101, -1.0
25801.22148542697, 154, -1.0
25805.775254657397, 154, -1.0
25810.594256745917, 101, 1.0
25821.945416037262, 101, 1.0
25824.297542124128, 75, 1.0
25844.541893722944, 75, 1.0
25848.10684937229, 75, -1.0
25855.56746928007, 75, 1.0
25870.31927878745, 44, -1.0
25882.778469464025, 101, -1.0
25897.392833968377, 148, 1.0
25908.878794397642, 154, 1.0
25913.587112710182, 152, -1.0
25915.769105686028, 44, -1.0
25933.268614535118, 103, 1.0
25937.54323567137, 75, -1.0
25938.73760822988, 44, -1.0
25940.734237394037, 148, -1.0
25946.34201413314, 152, 1.0
25948.477899268943, 148, -1.0
25953.19368678071, 152, 1.0
25955.223358286807, 152, -1.0
25955.383550543385, 154, 1.0
25955.497927449996, 101, 1.0
25956.973216339633, 152, -1.0
25961.016368326797, 103, 1.0
25961.131999181904, 154, 1.0
25963.7422240639, 75, 1.0
25975.475461296854, 103, 1.0
25975.694443326713, 75, -1.0
25975.749428586634, 101, 1.0
25982.297293072672, 148, -1.0
25989.102704138775, 152, -1.0
25992.832122527005, 148, 1.0
25998.477573124677, 103, -1.0
26006.111159883243, 103, 1.0
26019.870857763657, 44, -1.0
26024.78333767594, 35, 1.0
26025.04322743328, 103, 1.0
26036.92647518036, 103, 1.0
26041.50718557809, 101, 1.0
26053.740972913736, 148, -1.0
26055.137060801833, 154, 1.0
26060.64637609333, 154, -1.0
26060.99167537169, 154, 1.0
26065.45036695542, 148, -1.0
26070.5211392725, 101, 1.0
26078.981382510603, 148, -1.0
26080.255565379728, 154, 1.0
26083.35151629541, 75, 1.0
26085.205645400216, 101, 1.0
26087.385801680855, 101, -1.0
26089.545360089272, 148, -1.0
26103.822043074535, 101, -1.0
26105.824882748195, 101, -1.0
26114.21734674387, 148, -1.0
26114.706059606055, 44, -1.0
26117.128311713277, 103, 1.0
26124.406755406697, 154, 1.0
26125.253149849763, 103, -1.0
26130.35789364222, 154, 1.0
26130.710559294097, 103, 1.0
26131.124752485204, 152, -1.0
26133.458137289017, 75, 1.0
26136.69652210656, 75, 1.0
26139.561088330167, 103, -1.0
26142.310715053907, 148, 1.0
26144.71873783831, 148, -1.0
26151.772474735884, 35, -1.0
26166.46165226627, 103, 1.0
26171.59258292926, 148, -1.0
26171.70209010587, 103, 1.0
26184.012667094255, 154, 1.0
26188.686717337398, 103, 1.0
26190.120907211905, 103, 1.0
26190.39021835536, 101, 1.0
26196.774968774964, 154, 1.0
26197.845614875143, 75, 1.0
26206.321020466894, 103, -1.0
26232.995514361606, 75, 1.0
26236.136994587552, 148, -1.0
26242.961361443075, 152, -1.0
26246.63007513172, 152, 1.0
26260.608961327463, 103, 1.0
26265.932751069005, 44, -1.0
26266.908533701368, 103, 1.0
26267.94070398818, 101, -1.0
26277.79461020939, 101, 1.0
26280.448892366287, 101, -1.0
26291.69608436648, 44, -1.0
26295.956340318437, 35, -1.0
26301.633294562147, 152, -1.0
26312.42800325481, 148, -1.0
26316.1650602672, 148, -1.0
26318.384639437867, 35, -1.0
26319.309595071212, 154, 1.0
26322.852178039007, 103, 1.0
26322.927938725858, 152, -1.0
26324.59610567647, 75, -1.0
26327.125671776073, 75, -1.0
26328.09002822932, 148, -1.0
26341.894435005423, 44, -1.0
26347.720024051006, 154, 1.0
26347.910955426305, 35, 1.0
26349.602633877876, 75, -1.0
26353.58430694202, 148, -1.0
26364.06847961605, 154, -1.0
26364.239179841137, 103, 1.0
26369.30806087104, 44, -1.0
26379.88680028458, 152, 1.0
26390.804715433682, 154, -1.0
26390.98229090365, 103, 1.0
26392.069488282978, 154, -1.0
26392.865683427368, 154, 1.0
26399.500101356276, 44, -1.0
26402.589217859197, 103, 1.0
26409.20840280162, 148, -1.0
26412.384946288617, 35, 1.0
26419.782214289437, 35, -1.0
26425.12374468862, 152, -1.0
26426.13648603876, 148, -1.0
26426.24496153528, 44, -1.0
26434.752053169595, 148, -1.0
26435.537732183147, 101, 1.0
26443.59434989718, 148, -1.0
26448.03879115073, 75, 1.0
26450.18597862826, 44, -1.0
26454.67519108588, 75, 1.0
26456.02882521835, 75, 1.0
26457.09716743687, 154, 1.0
26461.065943543905, 148, -1.0
26465.064129561582, 75, 1.0
26467.85768266594, 75, 1.0
26481.18039138157, 44, -1.0
26484.767076454817, 154, 1.0
26500.120413279717, 101, 1.0
26500.790684204265, 148, -1.0
26504.92899097407, 154, 1.0
26507.135239777737, 101, 1.0
26508.46772401147, 101, 1.0
26518.246398679697, 103, 1.0
26527.53406576403, 154, 1.0
26530.671326040116, 44, -1.0
26533.275739271303, 35, 1.0
26535.954470196186, 44, -1.0
26545.325475071546, 44, -1.0
26555.59128313668, 44, -1.0
26557.28832920071, 103, 1.0
26564.697683732997, 44, -1.0
26566.556486711197, 75, 1.0
26567.956926662202, 101, -1.0
26572.598667702085, 154, -1.0
26577.870264590172, 44, -1.0
26581.002864685077, 103, -1.0
26583.374638877445, 103, -1.0
26583.588756904377, 75, 1.0
26585.505401730057, 152, -1.0
26595.031697025926, 148, -1.0
26595.460871838302, 35, -1.0
26595.595807998114, 154, -1.0
26596.10764921849, 103, -1.0
26599.185189976, 152, -1.0
26609.996974301983, 101, -1.0
26613.969293798746, 148, 1.0
26617.387531910852, 148, -1.0
26618.817593638996, 44, -1.0
26620.85779648248, 152, -1.0
26622.067131426007, 152, -1.0
26632.583190631, 154, 1.0
26633.285999774012, 35, -1.0
26633.685348927753, 75, 1.0
26640.779066115516, 152, 1.0
26640.973246999747, 35, 1.0
26641.466590782948, 103, -1.0
26644.734501447347, 154, 1.0
26650.91950504299, 103, 1.0
26652.048490051086, 101, -1.0
26654.518381052436, 44, -1.0
26654.6661032972, 101, -1.0
26659.422638121992, 152, 1.0
26676.567363008173, 103, 1.0
26678.227500163728, 75, 1.0
26692.18256415062, 154, 1.0
26706.03077865245, 35, -1.0
26711.84871772442, 154, 1.0
26719.82405447262, 101, -1.0
26723.067908185658, 35, -1.0
26723.126022099532, 154, 1.0
26733.611770675074, 101, -1.0
26735.34040493806, 44, -1.0
26738.56268224999, 103, 1.0
26738.572140044947, 101, -1.0
26739.342902289438, 75, 1.0
26742.97343787692, 152, -1.0
26743.933866782376, 101, -1.0
26744.412598032133, 101, -1.0
26745.534399352087, 75, -1.0
26746.43702640935, 75, 1.0
26759.8369894811, 148, -1.0
26771.465891612763, 75, 1.0
26773.2927924158, 44, -1.0
26774.413281558096, 148, -1.0
26781.47934048468, 154, -1.0
26800.312418700207, 75, 1.0
26813.111450787073, 44, -1.0
26814.42271424132, 148, -1.0
26822.93502611833, 44, -1.0
26827.594737492123, 148, -1.0
26831.096446818858, 152, -1.0
26831.954966502457, 101, -1.0
26836.524917894563, 35, -1.0
26838.23995120321, 152, -1.0
26839.46516132759, 154, 1.0
26851.139202496757, 148, -1.0
26851.77813119189, 44, -1.0
26854.69256064875, 103, 1.0
26873.753098556415, 101, 1.0
26879.671285628137, 103, 1.0
26884.931456119735, 103, -1.0
26893.55980368562, 75, -1.0
26899.97994085149, 35, 1.0
26900.480187281006, 103, -1.0
26903.762087474814, 152, 1.0
26904.888135490794, 152, -1.0
26906.156296327204, 152, 1.0
26911.436327212374, 75, -1.0
26920.770921034167, 101, 1.0
26930.04824979877, 44, -1.0
26932.490619310804, 154, -1.0
26934.12525223099, 152, -1.0
26937.272781240983, 154, 1.0
26941.81364002569, 103, 1.0
26945.990439011228, 101, 1.0
26950.415396532022, 101, -1.0
26952.87421299553, 101, 1.0
26954.513878482267, 154, 1.0
26957.7463308852, 101, -1.0
26970.03860171913, 148, -1.0
26970.10999763993, 75, 1.0
26970.707253656972, 154, -1.0
26977.709890295977, 103, 1.0
26980.19900474753, 75, 1.0
26982.235440130742, 44, -1.0
26985.06690071753, 152, 1.0
26992.4410521614, 154, 1.0
26992.671118583465, 44, -1.0
26994.6141874165, 44, -1.0
26997.500409957458, 35, -1.0
27025.28395468759, 103, 1.0
27042.05297685848, 75, -1.0
27045.826885302635, 103, 1.0
27061.802293695808, 75, -1.0
27065.596023830803, 35, -1.0
27067.810256841112, 154, 1.0
27072.986590365435, 148, -1.0
27076.556191314947, 103, -1.0
27084.368994420318, 103, -1.0
27099.91029797554, 148, -1.0
27100.972864449945, 103, 1.0
27103.916501264768, 75, 1.0
27106.430026530747, 103, 1.0
27107.881599313594, 154, 1.0
27110.437916810843, 44, -1.0
27110.881527346926, 75, -1.0
27114.454058900938, 103, 1.0
27114.57067493031, 154, -1.0
27120.82718426924, 148, 1.0
27126.923341354417, 103, 1.0
27139.733412508835, 148, -1.0
27140.458357345273, 154, -1.0
27141.719341181302, 44, -1.0
27165.46501719734, 148, -1.0
27167.73534237821, 101, -1.0
27177.88347973795, 103, 1.0
27182.046776966155, 148, -1.0
27191.264821386165, 75, 1.0
27202.681520137856, 148, -1.0
27206.707169106383, 101, -1.0
27211.538515886703, 101, 1.0
27212.59446114523, 154, -1.0
27219.49291142323, 101, -1.0
27225.867747599896, 103, 1.0
27227.195242610484, 154, 1.0
27236.43109762778, 103, 1.0
27244.911722509005, 35, -1.0
27259.36957432469, 152, -1.0
27260.291133879102, 148, -1.0
27261.41516810193, 152, -1.0
27263.017537126936, 101, -1.0
27263.93563958881, 75, 1.0
27270.57771949101, 103, 1.0
27271.043237601305, 103, -1.0
27276.817814333375, 103, 1.0
27276.847718720328, 101, 1.0
27278.765552588808, 44, -1.0
27281.363146023414, 75, 1.0
27283.493894524658, 44, -1.0
27290.46363579303, 75, 1.0
27292.03385655488, 75, 1.0
27306.678006885828, 154, -1.0
27315.771634841443, 148, -1.0
27319.3249386049, 152, -1.0
27319.780879419402, 101, 1.0
27333.68018049029, 148, -1.0
27348.132896858177, 152, 1.0
27354.556855827897, 148, -1.0
27356.129766685655, 101, 1.0
27367.895489262, 44, -1.0
27370.42951092878, 75, 1.0
27375.056468874085, 35, -1.0
27375.149467879986, 154, 1.0
27385.64347174047, 148, -1.0
27390.864533454045, 154, 1.0
27396.323261617417, 152, 1.0
27399.840829441582, 101, -1.0
27402.17559525313, 152, -1.0
27402.195924273372, 154, 1.0
27407.748653710274, 101, -1.0
27408.24022715697, 75, 1.0
27421.604109104166, 44, -1.0
27434.228482114795, 154, 1.0
27437.850079408636, 148, -1.0
27442.081285092623, 148, -1.0
27443.894529795733, 148, 1.0
27444.11260649178, 103, 1.0
27452.50977328037, 148, -1.0
27460.337687397157, 154, 1.0
27462.236109488775, 101, 1.0
27468.519977875898, 148, -1.0
27482.79300308106, 44, -1.0
27486.255928752184, 101, 1.0
27490.44808090694, 154, 1.0
27499.996711968248, 152, 1.0
27508.7161571323, 148, -1.0
27509.42891502242, 103, 1.0
27516.48128921374, 103, 1.0
27516.602768604127, 103, 1.0
27520.422599522557, 101, 1.0
27524.471640503936, 103, 1.0
27530.905218225667, 148, -1.0
27532.608655445678, 148, -1.0
27532.70463790313, 75, 1.0
27536.282749520844, 154, -1.0
27550.005786894802, 148, -1.0
27556.51923036355, 154, 1.0
27559.00403666658, 75, 1.0
27571.658579046736, 154, 1.0
27574.39306612875, 75, 1.0
27576.661972747315, 101, 1.0
27578.744895001244, 152, -1.0
27585.57450909759, 35, -1.0
27586.25855651624, 101, 1.0
27604.976344405386, 101, -1.0
27611.23116957701, 101, 1.0
27613.605231388796, 101, -1.0
27616.85777628236, 152, -1.0
27623.51133726192, 152, -1.0
27624.72996072223, 103, 1.0
27634.36118261598, 152, -1.0
27638.35318335759, 154, 1.0
27641.054592861237, 154, -1.0
27642.50506787737, 44, -1.0
27643.276226750728, 101, 1.0
27649.205577447196, 101, 1.0
27657.08411993816, 154, 1.0
27660.082111495307, 103, 1.0
27670.960509032015, 101, -1.0
27687.26683857078, 35, 1.0
27688.96590559418, 148, -1.0
27691.320086249136, 103, -1.0
27691.86624059887, 103, 1.0
27700.695450515956, 101, 1.0
27712.023415431613, 101, 1.0
27716.595330689728, 154, -1.0
27720.56558451336, 44, -1.0
27725.614102797488, 75, 1.0
27727.886831266893, 101, 1.0
27728.29067125504, 152, -1.0
27728.572573962163, 75, 1.0
27729.750037269565, 75, 1.0
27731.084538322248, 75, -1.0
27731.425294751643, 103, 1.0
27746.352066415846, 101, 1.0
27747.88192947085, 75, 1.0
27748.563792418634, 35, 1.0
27754.393369204947, 101, 1.0
27767.767626936107, 101, 1.0
27769.221000530342, 75, -1.0
27774.704784725902, 101, 1.0
27785.06209521614, 103, 1.0
27789.17698505689, 103, 1.0
27789.422831456046, 75, -1.0
27797.194858832787, 152, -1.0
27798.25224303212, 152, 1.0
27798.856050561186, 101, 1.0
27799.176552300512, 101, 1.0
27799.530833590856, 152, -1.0
27799.729913181352, 75, 1.0
27808.33137288309, 35, -1.0
27814.3510017703, 103, -1.0
27832.40830593358, 101, -1.0
27839.31677795646, 75, 1.0
27845.284461445874, 103, -1.0
27860.628054537938, 44, -1.0
27866.16766451614, 103, 1.0
27873.154686641734, 152, -1.0
27877.712512145776, 35, -1.0
27884.19726728675, 75, 1.0
27885.563103007844, 44, -1.0
27898.55988728877, 75, 1.0
27900.43930837949, 101, -1.0
27902.280593760755, 154, -1.0
27903.53621197629, 154, 1.0
27906.771265685227, 75, 1.0
27908.761250276584, 101, 1.0
27911.523463055488, 154, 1.0
27913.085136398106, 44, -1.0
27920.893227732555, 148, -1.0
27926.496606802102, 103, 1.0
27928.838944369334, 148, -1.0
27929.601455935444, 101, 1.0
27931.036212982257, 101, 1.0
27933.226849601877, 44, -1.0
27948.279874961172, 152, -1.0
27949.877394226678, 103, 1.0
27951.81325408736, 103, 1.0
27955.58548059886, 148, 1.0
27957.810792990298, 154, 1.0
27958.695750814066, 44, -1.0
27963.636720717597, 75, 1.0
27969.552185127748, 35, -1.0
27974.520462653698, 152, -1.0
27975.386055521125, 148, -1.0
27981.202454447568, 154, 1.0
27982.921058822274, 152, -1.0
27989.168719737063, 35, -1.0
28019.09170549577, 103, 1.0
28019.868140284718, 103, 1.0
28023.812585602413, 148, -1.0
28035.752390275597, 75, -1.0
28042.899838339523, 103, 1.0
28046.379773051533, 75, 1.0
28063.79710468393, 148, -1.0
28065.864614158418, 152, -1.0
28075.043180191242, 75, -1.0
28083.83200529791, 152, -1.0
28091.96363785575, 101, 1.0
28095.87719829376, 35, -1.0
28118.022787256596, 75, -1.0
28124.385964654477, 154, 1.0
28125.301900392922, 148, -1.0
28136.27474712464, 35, 1.0
28137.567678596577, 44, -1.0
28143.369152506486, 101, 1.0
28147.641614824883, 148, -1.0
28149.851157592595, 148, -1.0
28152.24953008517, 101, 1.0
28153.946905045832, 148, -1.0
28156.151781962042, 101, 1.0
28160.558199904124, 148, -1.0
28160.990202305544, 101, 1.0
28169.77443817061, 44, -1.0
28170.172665358834, 103, 1.0
28179.115299220917, 148, -1.0
28183.505874814044, 148, -1.0
28196.685752615158, 44, -1.0
28200.13955036981, 103, 1.0
28200.300817407657, 154, 1.0
28200.9025334999, 148, -1.0
28207.422363709582, 44, -1.0
28211.02605985523, 148, -1.0
28213.29052660659, 103, -1.0
28218.41968073452, 101, 1.0
28221.0382604207, 35, -1.0
28229.52665113268, 103, 1.0
28230.669016379117, 152, 1.0
28232.031580743856, 148, -1.0
28246.734241075712, 103, 1.0
28247.081800148717, 152, -1.0
28249.922112727934, 75, -1.0
28253.042838513684, 35, 1.0
28256.386286216843, 154, 1.0
28270.232185224173, 101, -1.0
28272.619792832964, 154, 1.0
28281.821630097227, 44, -1.0
28284.169617506144, 154, -1.0
28291.195168774, 101, 1.0
28299.485243103663, 148, -1.0
28300.597310713263, 154, 1.0
28308.162680572103, 44, -1.0
28308.262782637365, 101, 1.0
28309.372322835996, 154, 1.0
28310.30557005796, 152, -1.0
28318.559074444973, 152, -1.0
28321.630809675302, 75, 1.0
28336.969701501668, 103, 1.0
28340.784189924692, 152, -1.0
28340.980613764874, 35, -1.0
28343.227862867818, 103, 1.0
28344.148394637905, 101, -1.0
28344.439529512947, 101, -1.0
28354.217622917215, 101, 1.0
28375.030206404226, 44, -1.0
28384.998048818423, 103, 1.0
28385.976122505497, 103, 1.0
28387.073224197713, 154, 1.0
28387.63177951737, 101, 1.0
28396.47467551337, 154, -1.0
28401.41514614527, 154, 1.0
28412.93975793595, 154, 1.0
28418.2697651954, 152, 1.0
28418.308260527367, 44, -1.0
28426.460684945254, 101, 1.0
28434.37501204197, 154, 1.0
28437.16501250803, 148, -1.0
28444.22498445116, 148, -1.0
28458.85472169573, 101, 1.0
28461.67536676742, 101, 1.0
28461.80229830153, 152, -1.0
28479.175568474548, 101, 1.0
28491.750053711956, 75, 1.0
28495.48015531643, 103, -1.0
28496.111351972784, 154, 1.0
28509.049476409335, 101, 1.0
28519.664811923045, 154, 1.0
28521.04518140109, 75, -1.0
28522.374691410372, 101, 1.0
28527.900266826444, 152, 1.0
28529.102042160237, 101, 1.0
28531.512961223154, 103, 1.0
28536.428861250104, 75, 1.0
28538.038408216653, 35, 1.0
28544.568101050718, 75, 1.0
28550.144692633305, 103, 1.0
28553.80686854894, 152, 1.0
28558.869858223945, 44, -1.0
28559.843808275396, 44, -1.0
28564.005105618602, 152, -1.0
28567.583505771247, 148, -1.0
28573.01621044462, 44, -1.0
28578.396003748458, 35, -1.0
28585.75509090081, 103, 1.0
28589.38207810367, 44, -1.0
28600.395016470007, 35, -1.0
28602.747821864115, 154, -1.0
28610.003582543715, 75, -1.0
28611.25470592095, 152, -1.0
28616.513936148647, 44, -1.0
28618.092692390313, 152, 1.0
28618.813445039767, 101, 1.0
28621.465143966372, 101, 1.0
28622.192495271578, 152, -1.0
28626.594128569937, 148, -1.0
28630.774042846613, 75, 1.0
28637.522242248397, 154, 1.0
28644.093921835552, 103, 1.0
28648.663802362975, 35, -1.0
28648.717456211456, 103, 1.0
28657.69225394218, 154, 1.0
28673.7686020954, 44, -1.0
28682.808933446584, 75, -1.0
28683.85804691555, 75, 1.0
28690.69146584946, 148, -1.0
28691.68465076777, 44, -1.0
28698.229467277193, 44, -1.0
28713.480095647774, 44, -1.0
28713.83316879611, 152, -1.0
28714.394522615716, 152, -1.0
28720.779322812654, 154, -1.0
28722.286533188235, 35, -1.0
28730.61046405442, 152, 1.0
28733.175682990837, 101, -1.0
28735.77657662654, 154, 1.0
28742.898507457412, 75, 1.0
28749.684776060665, 103, 1.0
28752.605955035466, 44, -1.0
28756.428238701003, 103, 1.0
28762.08543004013, 44, -1.0
28775.34874420608, 154, 1.0
28779.552266725812, 101, 1.0
28787.095221420605, 152, -1.0
28818.468119956964, 35, -1.0
28822.715896754045, 75, 1.0
28823.809760216904, 75, 1.0
28830.31818607698, 35, 1.0
28837.972387948554, 154, 1.0
28840.108912325635, 44, -1.0
28840.507251797553, 44, -1.0
28843.65791225113, 103, 1.0
28853.948213100553, 75, 1.0
28861.599987115802, 148, 1.0
28875.47066584015, 154, -1.0
28878.5937615784, 152, 1.0
28890.854922777085, 152, -1.0
28899.12279484641, 101, 1.0
28919.380733231395, 101, -1.0
28930.391780806436, 101, 1.0
28930.461848698753, 103, 1.0
28933.054751282445, 152, -1.0
28939.719707078446, 75, 1.0
28945.809334843587, 152, -1.0
28962.12368726042, 101, 1.0
28962.444245566254, 152, 1.0
28977.580379357263, 103, -1.0
28986.277281321127, 154, 1.0
28990.60741303675, 152, -1.0
28995.97680503604, 148, -1.0
29009.62878985325, 35, -1.0
29021.03190792631, 152, 1.0
29022.670176895692, 103, 1.0
29032.617641101067, 152, 1.0
29037.311368304032, 35, -1.0
29037.486978491575, 152, -1.0
29038.28953934358, 154, -1.0
29038.618844242243, 35, -1.0
29039.96688770363, 148, -1.0
29045.662471494434, 152, 1.0
29046.256286530937, 103, 1.0
29051.00137303946, 103, 1.0
29061.62580130716, 148, -1.0
29063.807529053738, 103, 1.0
29065.124797650977, 35, 1.0
29066.06158341865, 35, 1.0
29069.045940502583, 35, -1.0
29069.109803387644, 103, -1.0
29070.281062548936, 44, -1.0
29073.03160874128, 154, -1.0
29079.201997995726, 44, -1.0
29083.7142491276, 148, -1.0
29091.206953743018, 35, -1.0
29092.39836928049, 75, 1.0
29101.566046113956, 101, 1.0
29123.013178509285, 148, -1.0
29124.758693454638, 75, 1.0
29125.471938156676, 35, 1.0
29144.903002933184, 75, 1.0
29144.94765374991, 44, -1.0
29147.242076025446, 35, 1.0
29150.51858422319, 148, 1.0
29151.52285590824, 101, 1.0
29153.189650439475, 101, 1.0
29160.107238804238, 35, -1.0
29161.420068468462, 152, 1.0
29164.175141024596, 152, 1.0
29169.508383721983, 101, 1.0
29170.710714624132, 154, 1.0
29173.239883647224, 101, 1.0
29173.95979564417, 148, -1.0
29174.156321900333, 101, -1.0
29179.336777445908, 101, -1.0
29187.003830346657, 101, 1.0
29191.528298866506, 103, 1.0
29191.929533709743, 101, 1.0
29205.39864435103, 148, -1.0
29223.942156511846, 35, -1.0
29231.66810258145, 101, -1.0
29232.398382884112, 101, -1.0
29247.76335246752, 44, -1.0
29258.234162642788, 148, -1.0
29262.45437079592, 44, 1.0
29264.034676701376, 101, -1.0
29264.316507908123, 101, 1.0
29268.306177287814, 35, 1.0
29270.36601780687, 154, -1.0
29277.11503188396, 44, -1.0
29278.05687814664, 44, -1.0
29280.065437845482, 44, -1.0
29300.836258034917, 35, 1.0
29308.671895600855, 154, 1.0
29312.17882743703, 154, 1.0
29313.492116802063, 154, -1.0
29318.01671379816, 101, -1.0
29334.268629365444, 154, 1.0
29356.773780704603, 35, -1.0
29358.920731074224, 101, -1.0
29361.12704226318, 148, -1.0
29367.705966138517, 35, 1.0
29377.99945193618, 101, 1.0
29378.037637016045, 103, -1.0
29385.145285393504, 44, -1.0
29396.66891159703, 44, -1.0
29397.55235040844, 101, 1.0
29425.62435236385, 35, -1.0
29427.97762892733, 103, -1.0
29428.902213656842, 101, 1.0
29429.793795373087, 148, -1.0
29433.42756389307, 101, -1.0
29457.928198125308, 152, 1.0
29467.6845483387, 101, -1.0
29469.44773938357, 148, -1.0
29472.86091299178, 101, 1.0
29475.24391758116, 35, 1.0
29497.22764944525, 103, -1.0
29515.95378948802, 44, -1.0
29530.297688987903, 44, -1.0
29531.318636381315, 152, -1.0
29542.76295809055, 44, -1.0
29545.51970196468, 35, -1.0
29552.32489956914, 75, 1.0
29554.510654106503, 148, -1.0
29556.583648097938, 35, -1.0
29559.88963419036, 101, 1.0
29562.813986884164, 44, -1.0
29572.217771638047, 101, 1.0
29573.321455063906, 101, 1.0
29574.844549681977, 101, -1.0
29583.397745048427, 101, -1.0
29586.907915068103, 152, 1.0
29587.63671373018, 101, 1.0
29589.557937810565, 101, 1.0
29590.399670449315, 44, 1.0
29623.76290514539, 152, 1.0
29625.486881911598, 148, -1.0
29629.70813009225, 152, 1.0
29632.747909306723, 35, 1.0
29641.731427993163, 152, -1.0
29645.81163365427, 35, -1.0
29650.646286661715, 103, 1.0
29652.130618313942, 152, 1.0
29655.39249955536, 101, 1.0
29658.63624219504, 35, -1.0
29658.947761917843, 152, -1.0
29667.186824874334, 152, 1.0
29672.01390598396, 44, -1.0
29674.63996823209, 103, -1.0
29679.616170368892, 101, 1.0
29680.659265133592, 101, 1.0
29683.06207659807, 154, -1.0
29683.971061867822, 154, 1.0
29695.284603074982, 101, 1.0
29709.56576415471, 152, 1.0
29715.435656604466, 148, -1.0
29725.78662929523, 103, -1.0
29729.881160157136, 44, -1.0
29731.99338730871, 44, -1.0
29732.015706925777, 101, 1.0
29732.481058771114, 35, -1.0
29737.496683469286, 154, -1.0
29742.23838476569, 44, 1.0
29746.095879630266, 148, -1.0
29757.361881183497, 35, 1.0
29785.32019148289, 35, 1.0
29791.418322338322, 101, 1.0
29801.344754348524, 101, 1.0
29804.577495704874, 148, -1.0
29808.215113934184, 101, 1.0
29808.735648786, 152, -1.0
29819.713145235066, 154, -1.0
29821.113539127964, 103, 1.0
29831.128440559143, 148, -1.0
29841.094514082426, 101, 1.0
29843.852501108828, 148, -1.0
29848.101741873023, 44, -1.0
29851.540424341572, 101, 1.0
29863.322825703144, 103, 1.0
29864.2870164714, 101, 1.0
29868.629581303154, 101, 1.0
29869.9974234113, 103, -1.0
29872.148610064225, 103, -1.0
29892.50413686448, 101, -1.0
29897.48686426835, 101, -1.0
29918.549822328914, 44, -1.0
29925.818454479893, 44, -1.0
29927.429642833857, 152, -1.0
29936.282061364764, 152, 1.0
29942.497411859644, 44, -1.0
29971.1883446473, 103, 1.0
29975.48918756863, 101, -1.0
29975.51391203982, 44, -1.0
29979.205615985844, 35, -1.0
29982.423472410217, 35, -1.0
29984.634869068414, 148, -1.0
29996.512328667624, 44, -1.0
30008.477602821484, 148, -1.0
30009.953133912273, 152, 1.0
30010.615684210963, 101, -1.0
30015.294132057712, 75, 1.0
30023.28500835571, 35, -1.0
30030.85481145433, 44, 1.0
30031.978255805567, 154, 1.0
30037.52656338141, 35, -1.0
30042.06042071936, 152, -1.0
30055.012777295866, 148, 1.0
30094.914712016478, 152, 1.0
30111.59059133575, 154, 1.0
30114.011126490717, 148, -1.0
30116.285475874203, 101, -1.0
30133.719620597596, 152, -1.0
30152.49404619805, 103, 1.0
30156.83337191865, 152, 1.0
30177.412289202402, 75, 1.0
30182.2644591254, 101, -1.0
30185.147887045467, 154, 1.0
30187.938132346186, 154, 1.0
30192.866507533203, 35, 1.0
30193.04244917245, 75, 1.0
30193.702695979304, 103, 1.0
30198.03504501494, 35, -1.0
30207.7708139108, 75, 1.0
30222.32272083435, 44, -1.0
30229.859513633488, 101, 1.0
30229.91418847069, 152, 1.0
30242.145208824677, 44, 1.0
30248.78333186212, 101, -1.0
30249.61225221328, 103, -1.0
30262.895346179288, 152, 1.0
30271.606691665107, 101, -1.0
30278.087969087133, 101, 1.0
30288.720399624246, 103, -1.0
30291.553978385808, 154, -1.0
30293.85637751363, 75, 1.0
30311.369803771435, 103, 1.0
30311.499510345126, 44, -1.0
30311.713309372462, 101, 1.0
30314.784712613546, 101, 1.0
30316.963847886964, 35, 1.0
30319.842315764552, 101, 1.0
30320.999431046017, 35, 1.0
30329.3124041086, 101, -1.0
30332.827222953703, 44, -1.0
30334.564387328202, 35, 1.0
30340.908542139627, 152, -1.0
30344.497006089947, 148, -1.0
30345.19679589879, 103, -1.0
30359.799329466616, 154, 1.0
30362.667193877587, 44, -1.0
30375.740925516915, 35, 1.0
30385.38305317155, 154, 1.0
30393.932221116724, 44, -1.0
30395.982590404972, 44, 1.0
30399.135213010035, 35, -1.0
30410.769573937505, 35, 1.0
30413.9071554135, 103, -1.0
30415.26664200819, 152, -1.0
30420.892806829524, 101, -1.0
30427.58157660693, 101, 1.0
30430.257082480104, 44, -1.0
30438.3807351972, 75, 1.0
30447.70448879906, 101, 1.0
30452.86037829406, 75, 1.0
30466.129652371965, 154, 1.0
30481.018119564837, 44, -1.0
30492.725862657695, 101, 1.0
30514.437040275534, 148, 1.0
30516.58520728385, 103, 1.0
30521.882052269255, 35, 1.0
30526.060241738076, 103, -1.0
30532.960945873212, 101, 1.0
30549.229948884946, 44, -1.0
30549.491388281953, 35, 1.0
30554.301332622163, 101, -1.0
30562.063743897103, 101, 1.0
30596.51582399677, 35, -1.0
30600.131008714743, 35, 1.0
30605.417484560923, 75, 1.0
30611.203210197047, 101, -1.0
30615.438057155752, 75, 1.0
30616.265695835657, 75, 1.0
30626.783705203954, 35, -1.0
30629.669263029213, 44, -1.0
30631.358559494, 101, -1.0
30632.232267847092, 35, -1.0
30640.02608039591, 152, -1.0
30647.73745443524, 101, 1.0
30647.87539932735, 101, 1.0
30648.253505323857, 154, 1.0
30656.30848654576, 35, -1.0
30659.093551034068, 75, 1.0
30672.648106247194, 35, -1.0
30689.369634256876, 152, -1.0
30691.06461063257, 44, -1.0
30691.753230311813, 103, 1.0
30697.856089233646, 44, -1.0
30716.039083866388, 101, -1.0
30717.661013497232, 35, -1.0
30719.639781131264, 152, -1.0
30723.84027942323, 101, -1.0
30726.86493050227, 101, -1.0
30729.554639315596, 148, -1.0
30736.76843299898, 35, -1.0
30739.49437673231, 35, -1.0
30749.79917730345, 44, -1.0
30756.84656943016, 103, -1.0
30770.01414279986, 154, 1.0
30773.737570006102, 101, 1.0
30775.999889028106, 35, -1.0
30786.099168983572, 103, -1.0
30786.202262761915, 103, 1.0
30786.575633401993, 152, -1.0
30787.992783053865, 44, 1.0
30801.945506003944, 152, -1.0
30807.480297122645, 35, -1.0
30811.705516070142, 44, -1.0
30813.03725952767, 75, 1.0
30815.644149288502, 154, -1.0
30817.38927898136, 152, 1.0
30834.233496918256, 101, 1.0
30843.3174778661, 101, 1.0
30845.014702699693, 44, -1.0
30851.94665717773, 154, -1.0
30856.186764049868, 75, 1.0
30872.660148547933, 44, -1.0
30880.527084478552, 101, -1.0
30881.19351662359, 35, 1.0
30883.61656658785, 75, 1.0
30889.155144093427, 148, -1.0
30891.307358252983, 44, -1.0
30897.647872945483, 44, -1.0
30907.520273654238, 35, -1.0
30916.673818423547, 35, 1.0
30918.96886929961, 44, -1.0
30921.620462826802, 44, -1.0
30930.50031779466, 101, -1.0
30933.157238852626, 152, -1.0
30946.085787283027, 35, -1.0
30947.831910656572, 103, 1.0
30950.74079546908, 35, -1.0
30952.32685580162, 101, 1.0
30965.83491516026, 148, -1.0
30972.270150652428, 35, 1.0
30977.584634006922, 103, 1.0
31000.74801947312, 152, -1.0
31001.242799845033, 154, 1.0
31001.629481530465, 75, 1.0
31003.031043190327, 152, -1.0
31030.24406490884, 75, 1.0
31031.407541641795, 44, 1.0
31042.312819399613, 101, 1.0
31042.724133192645, 101, 1.0
31046.997095441006, 44, 1.0
31056.47580598551, 35, 1.0
31060.68937357308, 44, -1.0
31062.426538148255, 101, 1.0
31065.256933194192, 101, -1.0
31075.981756229463, 101, 1.0
31081.60441617341, 103, 1.0
31085.889741417057, 152, 1.0
31091.183747696927, 152, 1.0
31095.26390504548, 148, -1.0
31096.392479134207, 148, -1.0
31099.450025637714, 152, -1.0
31101.75599748716, 75, 1.0
31113.62545024895, 152, -1.0
31114.92601031961, 103, -1.0
31115.37022064381, 44, -1.0
31116.095656824597, 152, -1.0
31129.821984811526, 44, -1.0
31132.299792564165, 154, -1.0
31139.272318773503, 103, 1.0
31143.717577620755, 148, 1.0
31147.83202503602, 75, 1.0
31150.829221638454, 101, 1.0
31154.657095529834, 154, -1.0
31171.5664180058, 35, -1.0
31172.859301862878, 103, -1.0
31173.56631441229, 75, 1.0
31176.856894319877, 35, -1.0
31183.550137020426, 75, 1.0
31188.747293677297, 101, 1.0
31195.291802616506, 75, 1.0
31196.569543447036, 44, -1.0
31200.13482154332, 35, -1.0
31202.841836479533, 101, 1.0
31204.950288682, 103, 1.0
31219.033379144512, 35, 1.0
31224.300786921518, 152, 1.0
31235.77416892916, 44, -1.0
31249.450950067756, 154, 1.0
31249.810458855725, 103, 1.0
31257.112630518044, 152, -1.0
31258.049088766216, 154, -1.0
31258.26018714139, 148, 1.0
31259.102024764557, 152, 1.0
31266.664921830194, 101, -1.0
31269.789885517708, 154, 1.0
31277.295752456615, 35, 1.0
31280.442064387313, 154, 1.0
31284.840917956484, 101, -1.0
31293.52918374191, 101, 1.0
31304.280842966476, 154, -1.0
31305.054150136733, 103, 1.0
31308.91268485118, 75, 1.0
31311.347855652333, 35, -1.0
31316.842965327054, 154, 1.0
31319.462496890483, 44, 1.0
31331.139916369088, 103, -1.0
31332.885631246394, 35, -1.0
31338.765034787677, 148, -1.0
31341.340664702086, 148, -1.0
31372.39525492737, 44, -1.0
31376.513611774906, 154, 1.0
31381.90382149126, 35, -1.0
31382.00724094978, 44, -1.0
31383.402501704906, 101, 1.0
31386.157606971097, 152, -1.0
31392.340567898937, 148, -1.0
31393.409144253146, 35, 1.0
31400.79559674554, 35, -1.0
31401.984465661848, 101, -1.0
31403.878726470386, 103, 1.0
31405.464794681146, 152, 1.0
31405.87086694068, 75, 1.0
31439.083381158693, 152, -1.0
31440.90275370561, 152, -1.0
31443.061385160407, 75, 1.0
31444.049392665052, 35, -1.0
31445.827540854247, 152, 1.0
31447.82103279368, 154, -1.0
31449.87268775034, 35, -1.0
31464.87625133401, 148, -1.0
31472.572407086336, 154, -1.0
31476.000370275655, 101, -1.0
31476.562013462022, 35, 1.0
31478.76054813667, 75, 1.0
31479.114169416767, 44, -1.0
31501.784160689254, 154, -1.0
31503.064704191944, 152, 1.0
31513.372768912883, 103, -1.0
31520.624562299603, 152, 1.0
31559.43838857002, 152, -1.0
31561.030636813946, 154, 1.0
31562.872025069, 75, 1.0
31566.86428944967, 35, -1.0
31568.58244145399, 103, 1.0
31570.85136516926, 103, -1.0
31573.437786503917, 35, -1.0
31580.58608349517, 103, -1.0
31589.201918598825, 44, 1.0
31590.269580509546, 101, 1.0
31606.6204204825, 148, -1.0
31609.491841341092, 44, -1.0
31624.232607949292, 44, -1.0
31637.946997907267, 44, 1.0
31638.529387284354, 35, 1.0
31643.978797250253, 44, -1.0
31644.132535004388, 103, -1.0
31648.56114805805, 152, 1.0
31650.394062276893, 103, -1.0
31650.9747048207, 44, -1.0
31650.982926657558, 101, -1.0
31655.057224021664, 103, -1.0
31655.500953989038, 75, 1.0
31659.800072199025, 35, -1.0
31661.697293796522, 148, -1.0
31674.016821509893, 101, 1.0
31674.68762395446, 148, -1.0
31678.430343743017, 75, 1.0
31679.424268791874, 152, 1.0
31688.6951786063, 75, 1.0
31691.538981257498, 103, -1.0
31700.63389384445, 103, 1.0
31701.0046185689, 35, -1.0
31708.06074340421, 35, 1.0
31723.542082901018, 103, -1.0
31726.093316069422, 148, -1.0
31735.668133936382, 152, -1.0
31751.437020865582, 152, 1.0
31751.829897517826, 75, 1.0
31767.267079728146, 44, 1.0
31775.224685547855, 75, 1.0
31775.28856095241, 35, -1.0
31775.58973844241, 148, 1.0
31779.643435284994, 152, 1.0
31783.831900719048, 152, 1.0
31785.36289403669, 101, 1.0
31785.6572170134, 44, -1.0
31789.663793466152, 101, 1.0
31792.87631146754, 44, -1.0
31793.185393060274, 35, 1.0
31794.315740230584, 154, 1.0
31796.488187573923, 152, -1.0
31805.622742676172, 103, -1.0
31807.458213383812, 44, 1.0
31816.44055581829, 103, 1.0
31817.044777312894, 154, -1.0
31818.10081072765, 75, 1.0
31818.612397839544, 44, -1.0
31830.19290781316, 154, -1.0
31836.695081971255, 101, -1.0
31836.70330197357, 75, 1.0
31844.722945993166, 35, -1.0
31856.60366382277, 101, 1.0
31861.67565895508, 154, 1.0
31864.889664711398, 154, 1.0
31887.737608670122, 148, -1.0
31888.41870846039, 154, -1.0
31894.74618130113, 148, -1.0
31901.75887634818, 35, 1.0
31903.060201589124, 154, 1.0
31903.359552381058, 75, 1.0
31905.756089173286, 35, -1.0
31911.01579736752, 148, -1.0
31915.446968446166, 101, 1.0
31924.56271753706, 44, -1.0
31931.94008817703, 35, 1.0
31935.584259625168, 44, -1.0
31946.510426833724, 44, -1.0
31946.586826584324, 152, 1.0
31949.196573700425, 152, 1.0
31953.43663227884, 152, -1.0
31956.011753987837, 35, -1.0
31958.381203411955, 154, -1.0
31963.66961525278, 101, 1.0
31963.87214465391, 148, -1.0
31972.206498691423, 35, -1.0
31978.557888441035, 44, -1.0
31986.199607619033, 35, -1.0
31987.236351253916, 101, 1.0
31996.129882928468, 152, -1.0
32001.690666952454, 44, -1.0
32002.103229162105, 101, 1.0
32009.565021134782, 148, 1.0
32011.744298235975, 103, 1.0
32012.78079203893, 75, 1.0
32016.46272512495, 103, 1.0
32019.218695466323, 101, 1.0
32020.291576914056, 101, 1.0
32028.779424243327, 35, -1.0
32038.05303909034, 148, -1.0
32038.09918363781, 152, -1.0
32043.51992591878, 103, -1.0
32050.937682238786, 75, 1.0
32053.898449339136, 103, -1.0
32057.08911153263, 75, 1.0
32071.919564760083, 101, 1.0
32072.798076683324, 148, -1.0
32094.671289096605, 44, 1.0
32104.264663784303, 44, -1.0
32117.25246145141, 101, 1.0
32118.881554934258, 35, -1.0
32126.281798683118, 154, 1.0
32153.164335830625, 44, 1.0
32159.200503375272, 154, -1.0
32163.289189997253, 35, 1.0
32163.909638251032, 154, -1.0
32166.825217406076, 44, -1.0
32168.626774604163, 103, 1.0
32170.84060203599, 154, -1.0
32171.699048628565, 35, 1.0
32172.774008095454, 35, -1.0
32174.214706195922, 148, -1.0
32185.864055065016, 101, -1.0
32198.272608390384, 101, 1.0
32198.814645443028, 35, 1.0
32203.220635475343, 103, 1.0
32205.158795234343, 103, 1.0
32205.84521390731, 152, 1.0
32208.531592376316, 75, 1.0
32224.50035510579, 152, 1.0
32229.44317633226, 75, 1.0
32246.131773756762, 148, -1.0
32251.391973791866, 101, 1.0
32258.99638614836, 148, -1.0
32270.221539243503, 44, -1.0
32272.721391695588, 101, -1.0
32273.240999173508, 35, 1.0
32274.628421852354, 35, 1.0
32276.71265207157, 101, -1.0
32278.396495897086, 103, 1.0
32282.787662904997, 75, 1.0
32303.458367499778, 75, 1.0
32313.54506651358, 152, -1.0
32317.140370358717, 101, -1.0
32326.116815864258, 75, 1.0
32331.922899567355, 101, 1.0
32340.398172386012, 101, 1.0
32363.342665144293, 101, 1.0
32363.872011964515, 101, 1.0
32388.017066468496, 35, 1.0
32391.249764187123, 154, 1.0
32397.807015052636, 154, 1.0
32405.86318030425, 44, 1.0
32406.186689096357, 152, -1.0
32407.65180611217, 75, -1.0
32421.64718580917, 101, 1.0
32422.171951293552, 148, -1.0
32433.83815663713, 44, -1.0
32435.917221313648, 152, 1.0
32439.471585346677, 35, -1.0
32440.55888392622, 154, 1.0
32442.51268830822, 154, -1.0
32445.06280827162, 101, -1.0
32445.688715323937, 103, 1.0
32447.557978760968, 152, 1.0
32449.450393327264, 75, 1.0
32453.876047340786, 101, 1.0
32454.635061599176, 75, 1.0
32461.36384980025, 35, -1.0
32470.302100899054, 75, 1.0
32474.53244432982, 75, -1.0
32485.319182653366, 35, -1.0
32488.932133721875, 103, -1.0
32491.85442924604, 75, 1.0
32495.603377075633, 75, 1.0
32505.715769880873, 101, 1.0
32519.399457820087, 103, 1.0
32519.739523813263, 101, 1.0
32523.309328814034, 101, -1.0
32529.80255514651, 75, 1.0
32530.508192461693, 35, -1.0
32532.576107356675, 35, -1.0
32534.488148236567, 75, 1.0
32538.023690672915, 148, -1.0
32539.415318004685, 44, -1.0
32540.611150629404, 148, -1.0
32541.755503433145, 152, -1.0
32551.086082588077, 75, -1.0
32561.62984615079, 154, 1.0
32565.77137203069, 75, -1.0
32571.05847008669, 152, -1.0
32575.75850530698, 44, -1.0
32586.817969052685, 154, 1.0
32605.051472846117, 75, 1.0
32605.39068795616, 75, 1.0
32608.394719417804, 101, 1.0
32610.404145099343, 75, -1.0
32611.50912039911, 44, -1.0
32612.816963532474, 35, -1.0
32613.150628603675, 148, -1.0
32613.697956574997, 35, -1.0
32621.904190223602, 75, 1.0
32622.12808284566, 75, 1.0
32622.181769645253, 103, 1.0
32623.54877361923, 152, -1.0
32627.656165517405, 44, -1.0
32629.469903300112, 35, -1.0
32633.628602940447, 101, 1.0
32639.65592670648, 35, -1.0
32639.668637707102, 152, 1.0
32646.15441405997, 44, -1.0
32650.189510715387, 75, 1.0
32656.69663446755, 75, 1.0
32660.87301303631, 148, -1.0
32669.667689630485, 148, 1.0
32670.6910207209, 152, -1.0
32679.507364465422, 101, 1.0
32681.784563565896, 152, -1.0
32683.792106843517, 103, -1.0
32684.25579180436, 75, 1.0
32685.49154471493, 101, -1.0
32690.11096841206, 75, 1.0
32692.656209935372, 75, 1.0
32709.837012045376, 152, -1.0
32715.468829486363, 154, -1.0
32725.602644496943, 154, -1.0
32732.97414611134, 35, -1.0
32734.762142873104, 152, 1.0
32736.548849354935, 75, 1.0
32739.833776415777, 75, 1.0
32743.29818474338, 35, -1.0
32744.0004879637, 101, 1.0
32746.842509036884, 101, 1.0
32746.894489888044, 75, 1.0
32752.538836559637, 152, -1.0
32754.161015584836, 75, -1.0
32776.63224433371, 101, 1.0
32777.10527588243, 35, -1.0
32778.075694445724, 35, -1.0
32778.26090253447, 35, -1.0
32792.15921753918, 101, -1.0
32794.75804750086, 103, -1.0
32800.661976143216, 35, -1.0
32804.326181849385, 154, 1.0
32805.70518537701, 148, -1.0
32806.67146344054, 75, -1.0
32810.82224838268, 75, -1.0
32813.08852584085, 101, -1.0
32822.50805519026, 35, -1.0
32834.98427597596, 75, 1.0
32835.1437156558, 148, -1.0
32848.07679583989, 75, 1.0
32848.544034416154, 44, -1.0
32856.22981313936, 148, -1.0
32856.78525699228, 101, 1.0
32886.19691636202, 154, 1.0
32888.44801305937, 152, -1.0
32898.987951757634, 44, -1.0
32904.09917244362, 35, 1.0
32907.28898524034, 154, 1.0
32910.574726662664, 101, -1.0
32912.51555359003, 152, 1.0
32914.17267462486, 35, -1.0
32915.25923274207, 35, 1.0
32918.43989880227, 154, 1.0
32923.76434325445, 152, -1.0
32926.54160689772, 75, 1.0
32928.4540870577, 148, 1.0
32933.832058210086, 101, 1.0
32934.011645744846, 44, 1.0
32934.750162342454, 148, 1.0
32937.65196975406, 35, -1.0
32943.336002827185, 103, -1.0
32949.99454251265, 152, -1.0
32950.07138942207, 35, -1.0
32959.84969386441, 154, 1.0
32961.92234827384, 35, -1.0
32964.38270372247, 101, -1.0
32965.623009892435, 75, -1.0
32971.01947699731, 148, -1.0
32974.576203853416, 101, 1.0
32975.06425726984, 75, 1.0
32977.31269574647, 152, -1.0
32977.56843800703, 152, -1.0
32989.85914256623, 154, 1.0
32990.25693506557, 154, 1.0
32994.45732878938, 35, -1.0
32999.03108152786, 101, -1.0
33009.688141572675, 35, -1.0
33015.61669503387, 75, 1.0
33020.88581245317, 152, -1.0
33022.350739000336, 75, 1.0
33036.11346257073, 101, -1.0
33037.03337382191, 75, 1.0
33043.84244812298, 148, -1.0
33046.39614335447, 152, -1.0
33052.04870671684, 75, 1.0
33052.482760453226, 101, -1.0
33052.7697215964, 75, -1.0
33055.194999438085, 35, -1.0
33055.48869182086, 75, 1.0
33058.46940576992, 152, -1.0
33062.56898843136, 154, -1.0
33069.445492359126, 152, -1.0
33070.76703252287, 75, 1.0
33074.30806764882, 154, 1.0
33077.737371158735, 35, -1.0
33086.78980019313, 75, -1.0
33088.428226182674, 75, 1.0
33089.2570487007, 154, -1.0
33095.49740727269, 152, 1.0
33097.6376362492, 35, 1.0
33114.24855409297, 35, -1.0
33123.82989723882, 75, 1.0
33125.23002684903, 152, -1.0
33125.76990729807, 75, 1.0
33141.79634844524, 152, -1.0
33146.299057692224, 75, 1.0
33151.507286364074, 75, -1.0
33161.41801788131, 152, -1.0
33162.30789658774, 154, 1.0
33179.64696380972, 103, 1.0
33194.094309620465, 103, 1.0
33209.56774087123, 101, 1.0
33214.77594914379, 152, 1.0
33216.534784621814, 44, 1.0
33225.14926876175, 154, -1.0
33230.80082834721, 152, 1.0
33232.519401733196, 101, 1.0
33240.30105162524, 152, -1.0
33243.08490318618, 35, -1.0
33252.99582992203, 152, -1.0
33271.528449107194, 75, 1.0
33276.244218926826, 103, 1.0
33287.38935867799, 75, 1.0
33288.4100471013, 103, 1.0
33297.080831094136, 148, -1.0
33297.099193458664, 101, -1.0
33300.63034161321, 75, 1.0
33319.785690407385, 101, 1.0
33333.95529816888, 35, -1.0
33339.81987891499, 75, 1.0
33354.52640539684, 75, -1.0
33364.03172211907, 152, -1.0
33364.75382454584, 154, -1.0
33372.432984724044, 35, -1.0
33387.38027979755, 154, -1.0
33403.00033643764, 75, -1.0
33403.77547891252, 152, -1.0
33403.79173719616, 154, 1.0
33410.159944755746, 103, -1.0
33410.688458406694, 101, 1.0
33414.37165901088, 44, -1.0
33416.94422352774, 35, -1.0
33419.0346403272, 101, 1.0
33419.511066155894, 75, 1.0
33424.604198123394, 154, 1.0
33430.68597399878, 101, 1.0
33435.42310381107, 148, -1.0
33439.807882933324, 103, -1.0
33441.92140712391, 148, -1.0
33458.27139752655, 75, -1.0
33460.80796705821, 44, -1.0
33461.986920606694, 154, 1.0
33467.00999107963, 35, -1.0
33467.37069005001, 154, -1.0
33467.950442046575, 75, 1.0
33467.958993070846, 75, 1.0
33476.24143253637, 75, 1.0
33482.68179464175, 103, 1.0
33485.8286483436, 152, 1.0
33494.83954057472, 101, 1.0
33500.2573236237, 75, -1.0
33502.7306653058, 101, 1.0
33504.65029215321, 154, -1.0
33510.419358572166, 152, -1.0
33512.38396078991, 44, 1.0
33519.09439398027, 154, 1.0
33520.692143887296, 101, 1.0
33522.460068574204, 75, -1.0
33526.9583600741, 35, -1.0
33535.219017705924, 35, -1.0
33536.44555646683, 35, -1.0
33537.80249642732, 75, 1.0
33548.18385289576, 101, -1.0
33551.291078034454, 101, 1.0
33566.41310990688, 152, 1.0
33571.07104732462, 152, 1.0
33573.32363605311, 101, 1.0
33579.72943388326, 103, -1.0
33581.81435844232, 44, -1.0
33583.575915238514, 75, -1.0
33589.356219136615, 152, 1.0
33590.67267556372, 152, 1.0
33593.09242294104, 101, -1.0
33593.80480021384, 148, -1.0
33597.17517471084, 75, 1.0
33597.58727245818, 101, -1.0
33601.55231335263, 148, -1.0
33604.78854495803, 101, -1.0
33616.15047643576, 101, 1.0
33627.255404011805, 152, -1.0
33628.13628094236, 101, -1.0
33629.02781793875, 75, 1.0
33635.45377660004, 154, 1.0
33636.95594062992, 101, -1.0
33638.43835208777, 101, -1.0
33641.00995795821, 35, -1.0
33644.64816731664, 103, -1.0
33670.507240859115, 103, -1.0
33680.71978533609, 75, -1.0
33681.61568152653, 35, -1.0
33683.62937788445, 101, -1.0
33684.42521248077, 154, 1.0
33686.913192879816, 75, 1.0
33690.170782116875, 101, 1.0
33690.96714142265, 101, 1.0
33693.36785215027, 101, 1.0
33695.94497354781, 75, 1.0
33698.74823647835, 152, -1.0
33706.26168907873, 75, 1.0
33710.87240967326, 75, 1.0
33719.65225153673, 44, 1.0
33724.16828989395, 35, 1.0
33736.733527982564, 35, -1.0
33739.49893479055, 35, -1.0
33741.14108441865, 75, -1.0
33752.58044744355, 75, 1.0
33756.51847783874, 152, 1.0
33759.12999123046, 75, 1.0
33771.37164022523, 75, 1.0
33777.59378992168, 75, -1.0
33783.57230097284, 148, -1.0
33784.64523776898, 101, -1.0
33792.002515107204, 75, 1.0
33793.90194566796, 35, 1.0
33794.25719645015, 101, 1.0
33801.37672652968, 103, 1.0
33803.60652325694, 148, -1.0
33807.22073738021, 75, 1.0
33816.06202388591, 154, -1.0
33817.504564811505, 75, 1.0
33817.926902608364, 44, 1.0
33821.10540099815, 103, 1.0
33821.11346572208, 75, -1.0
33822.696296240865, 101, -1.0
33824.63742555622, 44, -1.0
33826.161884611196, 44, -1.0
33827.67005629593, 35, -1.0
33830.662929452476, 103, -1.0
33851.992466685755, 35, -1.0
33859.034950415706, 148, -1.0
33860.793516966216, 152, 1.0
33861.728084870454, 101, 1.0
33862.70023853672, 35, -1.0
33869.40846650789, 75, 1.0
33874.518001535864, 75, -1.0
33879.69606249756, 152, 1.0
33883.45594939781, 101, 1.0
33883.909120498814, 152, -1.0
33895.2128102502, 75, -1.0
33905.46966636195, 148, -1.0
33911.18226477361, 35, -1.0
33923.539292051566, 152, 1.0
33935.405813301855, 152, -1.0
33936.427010434505, 152, -1.0
33937.707499045246, 35, -1.0
33947.66944123997, 148, -1.0
33949.3651829458, 152, 1.0
33950.77802525664, 103, -1.0
33951.622160122555, 75, 1.0
33956.20381507554, 148, -1.0
33967.03116876588, 103, 1.0
33967.18806149744, 101, -1.0
33973.681289226646, 152, 1.0
33976.748477243236, 154, 1.0
33977.76459411257, 103, 1.0
33979.62212728691, 103, 1.0
33988.31887432669, 75, 1.0
33990.5253971081, 103, -1.0
33992.497035826585, 154, -1.0
33999.180096700125, 35, 1.0
33999.91800265808, 154, 1.0
34004.24458236955, 75, -1.0
34004.62731909196, 148, -1.0
34008.810707926794, 35, 1.0
34011.44506394074, 152, 1.0
34014.24531409525, 152, -1.0
34015.35384967798, 101, -1.0
34017.22636956445, 35, -1.0
34017.45349398362, 35, -1.0
34022.00364573717, 35, -1.0
34037.85771129876, 75, 1.0
34039.366772767164, 35, -1.0
34054.10537494196, 35, -1.0
34056.14085217437, 75, -1.0
34063.27668371085, 44, 1.0
34063.323784574044, 101, 1.0
34067.35749630152, 35, -1.0
34069.47168142009, 75, 1.0
34075.563214329544, 154, -1.0
34086.42726169478, 75, 1.0
34087.70345974847, 152, -1.0
34094.891444036286, 75, 1.0
34095.532936463234, 75, -1.0
34095.84221458554, 35, 1.0
34096.77722216992, 35, 1.0
34103.26787297598, 152, 1.0
34103.68381792242, 148, -1.0
34105.15003677678, 103, 1.0
34114.08660586242, 103, 1.0
34119.855954414816, 101, -1.0
34123.69616196885, 35, 1.0
34124.022263921885, 75, 1.0
34130.29870164197, 35, 1.0
34131.92191515151, 101, -1.0
34133.74058386443, 101, 1.0
34138.64456404475, 35, -1.0
34144.0485522759, 35, 1.0
34148.76908561424, 75, -1.0
34148.958498056934, 103, 1.0
34156.27794892543, 148, -1.0
34161.87755776443, 103, 1.0
34167.47931001295, 75, -1.0
34167.57296027221, 101, -1.0
34172.1421668689, 148, -1.0
34174.21215631372, 75, -1.0
34174.74620915663, 152, 1.0
34177.089978193246, 148, -1.0
34186.122772980954, 44, -1.0
34193.290758341114, 75, -1.0
34193.93186485702, 152, 1.0
34195.66491881793, 101, -1.0
34196.509886937805, 35, -1.0
34198.39744951247, 154, 1.0
34198.988550152106, 154, -1.0
34200.69749812861, 75, 1.0
34202.1980713249, 35, 1.0
34216.98450843588, 35, -1.0
34218.57381282908, 101, 1.0
34220.95491955763, 75, 1.0
34222.31183741776, 75, 1.0
34230.24555282575, 103, 1.0
34234.921792103516, 75, 1.0
34244.604686134095, 75, 1.0
34246.29106819273, 75, -1.0
34266.24587838114, 154, -1.0
34267.074425290135, 101, 1.0
34280.37757657052, 75, 1.0
34281.445281530774, 152, 1.0
34283.6192148624, 75, 1.0
34284.48638007288, 148, 1.0
34285.10525409436, 35, -1.0
34286.34412275696, 35, -1.0
34287.05794674378, 35, -1.0
34288.96473748076, 154, -1.0
34292.755619295225, 75, 1.0
34302.8157858157, 101, -1.0
34310.33564124959, 101, 1.0
34339.53145449704, 75, 1.0
34342.62487644717, 148, 1.0
34343.328056455655, 75, -1.0
34349.55862776889, 103, 1.0
34352.605115726044, 75, -1.0
34354.63288248555, 101, 1.0
34355.94065079263, 154, 1.0
34356.901965847275, 154, -1.0
34358.597272562656, 75, 1.0
34359.69500900494, 152, -1.0
34360.062102447395, 35, 1.0
34363.52677823334, 103, -1.0
34365.3523782085, 154, -1.0
34369.17524248585, 101, -1.0
34375.41425488642, 101, 1.0
34378.65558951403, 44, 1.0
34383.544495690396, 75, -1.0
34384.603700318425, 35, 1.0
34393.38824465185, 75, -1.0
34393.90304146769, 103, 1.0
34394.43584190812, 152, 1.0
34396.88613126136, 75, -1.0
34401.489985618886, 101, 1.0
34402.83759108309, 148, 1.0
34404.6236165017, 152, -1.0
34408.25019496927, 103, 1.0
34412.4165713559, 75, -1.0
34421.46680660484, 44, -1.0
34424.47306180366, 103, 1.0
34426.23454068418, 152, -1.0
34428.671127806556, 75, -1.0
34437.52911257055, 101, -1.0
34439.03555382569, 101, 1.0
34440.9248846055, 148, -1.0
34443.48714382143, 152, 1.0
34448.41266994335, 101, 1.0
34449.73171443968, 75, 1.0
34459.208543020344, 75, 1.0
34459.47431491884, 101, -1.0
34465.993495289564, 35, -1.0
34476.745140691964, 35, 1.0
34482.85344996548, 152, 1.0
34490.697792069346, 103, 1.0
34490.90747877337, 103, 1.0
34512.21985955018, 154, -1.0
34521.90248604169, 101, -1.0
34525.17046929323, 75, -1.0
34532.45070997905, 35, -1.0
34535.032940258854, 101, 1.0
34540.04199917159, 101, -1.0
34540.927406474635, 152, -1.0
34549.17308589156, 148, -1.0
34558.409515751955, 75, 1.0
34560.34438957378, 101, 1.0
34569.88078919372, 75, 1.0
34580.127398881006, 35, -1.0
34583.07002716977, 152, -1.0
34583.587619054844, 101, 1.0
34587.89028723243, 152, -1.0
34590.31561733549, 101, -1.0
34593.12185882884, 75, 1.0
34599.276356284034, 101, 1.0
34599.563378065446, 35, 1.0
34608.97338889323, 44, -1.0
34610.91282627897, 75, 1.0
34611.10732936525, 75, 1.0
34618.11565036862, 101, -1.0
34623.57496418127, 154, 1.0
34627.987602167435, 148, -1.0
34635.34125496731, 103, 1.0
34639.81062238986, 75, -1.0
34648.746762826515, 44, -1.0
34660.41122979322, 152, -1.0
34663.002706523126, 75, 1.0
34664.03026438115, 101, 1.0
34667.00563096197, 152, -1.0
34667.0332158085, 148, -1.0
34667.59577528973, 44, -1.0
34672.73170244999, 75, 1.0
34675.07676700885, 75, 1.0
34675.39173571287, 148, -1.0
34677.28640880142, 152, 1.0
34685.168336847186, 103, 1.0
34694.75758656441, 101, -1.0
34696.622172507086, 101, -1.0
34698.88934701669, 75, 1.0
34701.15424519835, 44, 1.0
34703.01276266869, 154, -1.0
34704.63052915463, 75, 1.0
34707.40911210274, 152, -1.0
34710.490574313866, 148, -1.0
34714.49064749197, 75, -1.0
34717.69196983851, 152, -1.0
34720.45676748127, 75, -1.0
34749.543803258275, 101, -1.0
34758.120504285296, 101, 1.0
34759.954965700184, 154, -1.0
34763.263073930335, 101, -1.0
34766.48194110054, 103, 1.0
34766.96489657254, 35, -1.0
34767.297552513155, 103, 1.0
34768.690386849754, 35, -1.0
34773.23172035557, 75, 1.0
34782.6914904895, 75, -1.0
34784.19615384559, 152, 1.0
34784.55536926065, 154, -1.0
34785.61794786738, 75, -1.0
34788.71751048689, 101, 1.0
34792.334554551504, 154, 1.0
34799.525019118344, 35, -1.0
34799.60391223746, 35, 1.0
34800.78388112059, 152, -1.0
34801.13923231355, 35, -1.0
34803.55950716465, 154, 1.0
34809.621185131145, 152, 1.0
34812.87636844328, 152, -1.0
34818.02482676025, 152, 1.0
34820.99140560428, 75, -1.0
34826.9187451866, 44, -1.0
34828.27789579255, 35, -1.0
34828.638267894, 35, -1.0
34832.11551784379, 152, 1.0
34838.464043841734, 75, 1.0
34844.12318296273, 103, 1.0
34852.63481569341, 35, -1.0
34855.13109785188, 154, -1.0
34858.73868795761, 75, 1.0
34859.993041802525, 152, -1.0
34866.257967646954, 75, 1.0
34868.503980682624, 35, -1.0
34869.06876835876, 154, -1.0
34870.024629071835, 75, -1.0
34907.35678421058, 152, -1.0
34917.91265955533, 101, 1.0
34920.346293932205, 101, 1.0
34933.325942591204, 75, 1.0
34933.982814653915, 75, 1.0
34935.33660497807, 35, -1.0
34939.13580915477, 152, -1.0
34941.290158798634, 75, 1.0
34946.14249066561, 148, -1.0
34947.88227598526, 152, -1.0
34950.19700317902, 152, 1.0
34955.52374909577, 75, 1.0
34964.39864674113, 35, -1.0
34973.59262796615, 103, 1.0
34978.563959447, 152, -1.0
34981.703465907245, 148, -1.0
34998.404104088106, 152, -1.0
35001.80443187713, 148, -1.0
35007.62919729605, 152, 1.0
35010.80196686153, 75, 1.0
35015.80718987817, 154, 1.0
35016.62152697397, 35, -1.0
35017.653450297636, 44, 1.0
35021.26506984354, 101, 1.0
35025.46156168154, 101, 1.0
35031.96671956615, 152, 1.0
35033.18358144141, 75, 1.0
35033.34453169908, 75, -1.0
35034.11288150595, 75, -1.0
35034.13093239724, 35, 1.0
35037.73709910907, 75, 1.0
35039.83063750361, 75, -1.0
35047.029195535215, 154, -1.0
35049.70184443942, 152, 1.0
35050.12737900599, 154, 1.0
35068.624139996995, 103, 1.0
35070.426619320184, 101, 1.0
35072.03933433919, 75, 1.0
35078.02084779469, 101, 1.0
35085.58449036595, 44, -1.0
35094.802315087756, 75, 1.0
35098.82883315285, 152, -1.0
35102.530875851946, 101, 1.0
35102.904630160614, 75, -1.0
35105.18387230688, 154, -1.0
35110.095206269005, 152, -1.0
35112.68398173172, 152, 1.0
35112.91612401011, 75, -1.0
35113.436852522216, 101, 1.0
35135.15524198434, 101, -1.0
35137.995692448945, 75, 1.0
35144.55078332189, 103, -1.0
35151.61015319753, 75, 1.0
35154.18240984242, 35, -1.0
35155.52269940739, 75, 1.0
35160.80022831109, 152, 1.0
35161.228898665475, 101, -1.0
35176.340973737635, 35, 1.0
35177.58672514382, 75, 1.0
35183.9710618417, 35, 1.0
35184.45801464416, 103, -1.0
35187.34192213712, 152, -1.0
35196.21393311055, 152, -1.0
35198.9763378635, 35, -1.0
35219.48133955065, 152, -1.0
35229.961698268875, 101, 1.0
35234.951820709626, 154, 1.0
35236.7685049642, 75, 1.0
35244.00549188771, 75, 1.0
35248.499656351574, 154, 1.0
35255.1133296752, 152, -1.0
35259.2609015016, 35, -1.0
35261.74074535121, 75, 1.0
35262.02435265492, 101, -1.0
35262.148137077565, 35, -1.0
35262.43570803941, 152, 1.0
35264.40656693513, 75, -1.0
35266.12001401598, 101, 1.0
35271.45499102045, 103, -1.0
35295.13556968535, 154, -1.0
35299.87427427641, 152, -1.0
35308.91858962874, 44, -1.0
35311.4033075329, 154, -1.0
35315.7735249726, 152, 1.0
35322.2809074547, 148, -1.0
35323.32934425628, 35, -1.0
35325.599790310596, 101, 1.0
35337.41427112479, 148, -1.0
35340.45078293716, 101, 1.0
35346.127736520524, 75, 1.0
35346.984239159865, 75, -1.0
35364.513824377565, 103, 1.0
35372.57783924159, 101, 1.0
35374.391367936536, 101, 1.0
35379.597657139784, 35, 1.0
35381.04238057764, 152, -1.0
35381.22694136454, 154, 1.0
35388.494979150164, 152, 1.0
35392.00159550331, 148, -1.0
35402.69119270482, 101, 1.0
35403.13649755827, 152, 1.0
35413.514826899715, 75, 1.0
35415.66024177612, 75, -1.0
35424.30654661026, 148, -1.0
35425.98386888376, 148, -1.0
35427.48325346123, 35, 1.0
35433.005672815656, 35, -1.0
35442.50615667269, 152, 1.0
35445.564130485815, 152, -1.0
35451.47047767686, 75, 1.0
35463.757688683276, 103, 1.0
35472.210587526555, 101, -1.0
35480.96365485645, 75, 1.0
35481.214006155875, 152, 1.0
35483.30402680609, 103, 1.0
35494.877988983775, 35, -1.0
35496.86679702138, 75, 1.0
35499.63266108075, 103, 1.0
35499.650671595555, 35, 1.0
35527.180359086684, 154, -1.0
35531.83512825825, 75, 1.0
35537.043846659304, 148, -1.0
35537.491607679, 75, 1.0
35539.7424626306, 152, -1.0
35549.10341983077, 35, 1.0
35553.88727592319, 103, 1.0
35554.61203113553, 148, -1.0
35560.04967707567, 152, -1.0
35577.52853544251, 148, -1.0
35579.978202373, 101, -1.0
35581.24591069708, 101, 1.0
35591.23745780483, 75, 1.0
35599.41497746409, 101, 1.0
35600.80467554492, 148, -1.0
35608.547840906926, 154, 1.0
35620.4270714035, 152, -1.0
35625.090254713476, 148, -1.0
35628.35340025232, 35, -1.0
35636.13446451419, 152, 1.0
35637.813287750025, 152, -1.0
35638.10246686984, 101, 1.0
35646.78673104924, 152, -1.0
35660.35242263104, 35, -1.0
35661.892725934806, 35, -1.0
35665.50683457836, 101, -1.0
35667.498907744324, 101, 1.0
35667.60338006968, 101, -1.0
35675.30388851494, 154, 1.0
35681.81961450845, 152, 1.0
35681.885067464915, 35, -1.0
35684.23931742014, 154, 1.0
35700.11883973376, 101, 1.0
35704.696485934706, 75, 1.0
35705.434134466035, 154, 1.0
35706.90616603592, 101, -1.0
35708.52607773901, 75, -1.0
35713.27818228617, 152, -1.0
35718.17831114467, 103, 1.0
35724.95629331272, 103, 1.0
35725.94220132724, 103, 1.0
35732.76171172165, 75, -1.0
35736.107355574044, 152, -1.0
35738.587105048835, 35, -1.0
35739.53520495062, 152, 1.0
35745.76217428217, 75, 1.0
35745.82625623665, 152, 1.0
35746.045400097464, 152, -1.0
35747.4480696865, 154, 1.0
35757.3804125824, 148, -1.0
35760.0291161578, 35, -1.0
35766.60542284894, 44, -1.0
35773.25955056219, 35, -1.0
35780.00597308505, 35, -1.0
35781.427192268646, 101, -1.0
35782.13545814874, 152, -1.0
35799.049122602126, 154, -1.0
35799.83992329736, 35, 1.0
35799.94556466618, 75, 1.0
35801.230043198455, 75, 1.0
35808.58649017781, 152, -1.0
35808.67222380944, 103, 1.0
35810.68347472572, 101, -1.0
35811.07868124821, 35, -1.0
35825.315064943075, 75, 1.0
35837.111755393715, 152, 1.0
35839.485998233125, 75, -1.0
35842.01524404097, 152, -1.0
35843.29931703169, 148, 1.0
35846.082845571975, 152, -1.0
35847.27742413361, 75, -1.0
35855.372754863616, 75, 1.0
35857.856855601734, 75, 1.0
35864.9870410875, 75, 1.0
35867.64783168631, 101, 1.0
35868.26618482355, 75, -1.0
35884.39404845136, 44, -1.0
35884.46379502758, 35, -1.0
35885.24595291568, 75, 1.0
35894.060862282706, 103, -1.0
35908.38730121783, 152, -1.0
35916.6092885618, 101, 1.0
35919.1007205139, 152, -1.0
35925.982790112685, 35, -1.0
35928.472666027905, 75, 1.0
35928.79475872107, 148, -1.0
35929.03003299518, 75, 1.0
35934.814732261875, 148, -1.0
35949.777316978405, 35, 1.0
35955.12161949227, 75, 1.0
35961.55839198012, 148, -1.0
35962.23181895992, 152, -1.0
35963.911214155625, 35, -1.0
35965.40105448884, 44, 1.0
35974.83218775089, 75, -1.0
35976.2159357999, 75, 1.0
