21600.85075114992, 44, -1.0
21606.26277704135, 152, -1.0
21607.054752475797, 101, -1.0
21612.29361896755, 103, -1.0
21620.477422597032, 152, -1.0
21621.63888901593, 75, 1.0
21624.799923634277, 148, -1.0
21628.209667424842, 101, -1.0
21632.021385931443, 103, -1.0
21641.387828340594, 35, 1.0
21642.318469812297, 75, 1.0
21643.11346575595, 154, 1.0
21644.885633246045, 103, 1.0
21647.214945487856, 35, -1.0
21648.98914589855, 152, -1.0
21649.605944483093, 103, -1.0
21650.6120628082, 103, 1.0
21655.778546332684, 101, 1.0
21656.152726239263, 148, -1.0
21658.693464663484, 35, 1.0
21660.06241772417, 103, 1.0
21660.329415145738, 152, -1.0
21661.25940526737, 35, 1.0
21662.768085560343, 103, 1.0
21670.365518440594, 103, 1.0
21675.324733249097, 152, 1.0
21682.5932883553, 75, 1.0
21704.098521792326, 148, -1.0
21706.03087297219, 35, 1.0
21707.182693771545, 75, 1.0
21718.56701668419, 101, -1.0
21719.576163553364, 35, -1.0
21734.099483268394, 101, 1.0
21735.943980426593, 103, -1.0
21738.82214613167, 75, 1.0
21747.020210995208, 75, -1.0
21748.82748876932, 154, 1.0
21751.6478639464, 154, -1.0
21755.249252069952, 101, 1.0
21755.430852743943, 152, -1.0
21762.303192621213, 101, 1.0
21763.150965539506, 101, -1.0
21764.92713719276, 152, -1.0
21764.94900643054, 148, -1.0
21767.432116056665, 103, 1.0
21767.722118635265, 101, 1.0
21768.076459896583, 103, 1.0
21768.760315499294, 44, 1.0
21770.372709375726, 35, -1.0
21773.69355212771, 75, -1.0
21777.940160299437, 152, -1.0
21786.684046862458, 101, -1.0
21789.90527710254, 148, -1.0
21790.92488642355, 103, 1.0
21792.67398659642, 101, 1.0
21798.216357467052, 103, -1.0
21800.512082995843, 44, -1.0
21805.02758304967, 35, -1.0
21813.08257635244, 75, 1.0
21817.910965543924, 154, 1.0
21818.989934533653, 75, 1.0
21819.73688348493, 103, 1.0
21821.878656975055, 103, 1.0
21826.95865336986, 75, 1.0
21838.10955412383, 148, 1.0
21845.00098265054, 103, -1.0
21854.548657654523, 75, 1.0
21861.340696026506, 154, 1.0
21861.98519028466, 44, -1.0
21862.979774512092, 75, -1.0
21869.165681194372, 44, -1.0
21871.654433715816, 152, -1.0
21872.983234253035, 75, -1.0
21874.90211926628, 35, -1.0
21879.4666264138, 101, 1.0
21884.95131716825, 35, -1.0
21887.091976904198, 75, -1.0
21888.51862373581, 35, -1.0
21890.552165198063, 101, 1.0
21890.606337104735, 148, -1.0
21893.217050638174, 44, -1.0
21901.202912107074, 148, -1.0
21901.96861844303, 101, 1.0
21910.748195223397, 35, -1.0
21911.388748807898, 35, -1.0
21915.897139833494, 148, -1.0
21916.675557394214, 35, -1.0
21920.496318862915, 101, 1.0
21924.295994232754, 148, 1.0
21926.926801671536, 101, 1.0
21927.031724531364, 101, -1.0
21935.53379565854, 35, -1.0
21939.567331910068, 154, 1.0
21951.00701968974, 44, -1.0
21958.302792182512, 75, 1.0
21959.646415434927, 44, -1.0
21965.632377571776, 75, -1.0
21966.657064515362, 35, -1.0
21977.04528004862, 101, 1.0
21977.723888208668, 44, 1.0
21978.603178647525, 35, -1.0
21978.864016292115, 148, -1.0
21979.63649583188, 75, 1.0
21980.43816519105, 103, -1.0
21988.06140145051, 101, 1.0
21990.037706022773, 152, -1.0
22010.954195983406, 154, 1.0
22016.34920335313, 101, 1.0
22021.52981210161, 75, 1.0
22022.63704320153, 152, -1.0
22035.78497423372, 101, -1.0
22037.502798834877, 35, 1.0
22039.217844405088, 148, -1.0
22043.238258199137, 44, -1.0
22049.804105901647, 35, -1.0
22055.784811119607, 101, 1.0
22056.263451052542, 44, -1.0
22058.319201716407, 101, -1.0
22068.133627589054, 154, 1.0
22069.633374760153, 75, -1.0
22070.088192351097, 35, -1.0
22070.549466085486, 35, -1.0
22072.130882790774, 152, -1.0
22087.073947717287, 154, 1.0
22096.474583516527, 152, -1.0
22102.41864442623, 75, -1.0
22107.359933483418, 101, -1.0
22111.104880504074, 44, -1.0
22112.162392461072, 103, -1.0
22114.91164291882, 101, -1.0
22115.73158421018, 148, -1.0
22116.294162779057, 154, 1.0
22133.241200264572, 101, -1.0
22141.646340883355, 103, 1.0
22143.83486850764, 101, -1.0
22148.471449318968, 101, -1.0
22150.669575826716, 152, 1.0
22156.83783257542, 44, -1.0
22161.660645684744, 35, -1.0
22162.741216638515, 35, -1.0
22170.04480891188, 101, 1.0
22173.543663088076, 75, 1.0
22190.61266872407, 44, -1.0
22203.542173622554, 75, 1.0
22207.672644429, 75, 1.0
22214.415915768852, 103, 1.0
22214.495711637144, 152, -1.0
22216.055486360026, 103, 1.0
22217.883329823653, 35, 1.0
22222.230245198498, 152, -1.0
22222.69390726297, 148, -1.0
22223.068071805188, 148, -1.0
22232.821608896855, 75, 1.0
22234.428457237245, 101, 1.0
22243.686853201456, 148, -1.0
22246.90875814536, 148, -1.0
22252.054394917446, 101, -1.0
22261.696634722575, 152, 1.0
22270.748075146217, 35, -1.0
22271.661461271113, 75, 1.0
22278.542127359102, 35, -1.0
22284.78004461206, 75, -1.0
22285.692831743592, 101, 1.0
22292.173370169327, 103, 1.0
22294.999110809953, 103, 1.0
22297.155031638176, 103, 1.0
22320.41259042727, 35, -1.0
22330.89580784807, 103, 1.0
22334.405390388158, 75, -1.0
22335.314447499535, 103, 1.0
22338.166435705625, 103, -1.0
22344.068392512025, 152, -1.0
22344.133083188797, 152, -1.0
22348.920818894294, 101, -1.0
22355.460701067906, 101, 1.0
22362.73569893432, 101, 1.0
22367.925889687984, 103, 1.0
22369.040993138333, 154, 1.0
22389.916150297788, 148, -1.0
22409.962187822366, 35, 1.0
22414.83911463992, 148, -1.0
22416.31733009861, 75, 1.0
22430.610309671087, 148, -1.0
22433.032280894622, 75, 1.0
22437.465451695432, 75, 1.0
22438.27748886884, 35, 1.0
22440.606750031846, 101, -1.0
22445.211754018954, 101, 1.0
22445.607692727415, 101, 1.0
22445.965900553092, 44, -1.0
22446.629505618228, 103, 1.0
22451.9156553029, 75, -1.0
22459.091531859933, 103, -1.0
22465.096772364188, 101, -1.0
22465.97670932636, 148, -1.0
22476.005404826617, 152, 1.0
22477.468578332555, 103, 1.0
22484.396503768945, 152, -1.0
22485.640194972028, 75, 1.0
22486.74513208669, 44, -1.0
22488.38375224508, 75, 1.0
22492.12924504183, 35, -1.0
22496.77863692079, 75, 1.0
22502.173131345582, 35, -1.0
22504.267543215345, 103, 1.0
22506.292569526795, 101, -1.0
22508.63623984827, 75, -1.0
22509.40456644003, 101, 1.0
22516.336175261025, 103, 1.0
22525.54262975273, 75, 1.0
22534.12072884092, 101, -1.0
22534.556353532513, 101, 1.0
22536.27367312285, 75, 1.0
22543.44033728956, 75, 1.0
22546.55428716502, 154, 1.0
22546.875241824782, 35, -1.0
22555.67439361373, 35, -1.0
22568.971799883646, 152, 1.0
22571.01548269794, 101, 1.0
22573.495166070392, 101, 1.0
22576.339992911122, 101, 1.0
22576.578475926497, 35, -1.0
22581.67578385159, 101, 1.0
22585.81050627232, 35, 1.0
22591.802887250185, 148, -1.0
22609.002251953727, 75, 1.0
22613.73422266853, 101, 1.0
22618.50786623347, 152, -1.0
22620.114221899825, 75, -1.0
22632.29036101695, 103, 1.0
22639.859616322374, 75, 1.0
22640.489363097167, 75, 1.0
22642.354397049872, 44, -1.0
22650.609175270114, 154, 1.0
22651.27558082246, 35, -1.0
22662.614565289547, 148, -1.0
22662.620378433105, 101, 1.0
22667.959148637972, 103, 1.0
22668.53795964242, 101, 1.0
22682.914357110178, 35, -1.0
22684.122059284935, 75, 1.0
22699.54543067121, 75, 1.0
22699.851803174646, 75, 1.0
22716.65162154436, 75, -1.0
22724.050723121538, 44, -1.0
22727.69955760202, 35, -1.0
22733.297455082546, 148, -1.0
22733.853201873742, 101, 1.0
22734.125905642093, 44, -1.0
22735.71248178886, 101, 1.0
22739.301548535215, 101, -1.0
22744.915204085384, 152, 1.0
22746.61167067371, 44, -1.0
22748.298354069975, 35, -1.0
22757.29399021518, 103, 1.0
22759.815218464053, 101, 1.0
22760.344177211155, 75, -1.0
22760.367668807477, 75, 1.0
22772.047822326884, 148, -1.0
22774.181488430724, 148, 1.0
22776.681709434903, 35, -1.0
22777.088820599165, 35, 1.0
22778.246295092973, 44, -1.0
22781.53497452515, 101, 1.0
22783.231214863026, 148, -1.0
22795.575269712343, 148, -1.0
22800.72198976194, 44, -1.0
22818.632536522226, 101, -1.0
22821.095875561823, 35, -1.0
22830.468369815437, 35, -1.0
22831.843580035948, 75, -1.0
22834.751210928516, 44, -1.0
22838.977984649624, 75, 1.0
22848.327932950782, 75, -1.0
22854.69756187552, 148, -1.0
22855.502091260754, 44, -1.0
22857.363199292482, 103, 1.0
22862.945749563136, 154, 1.0
22869.266981532277, 103, 1.0
22871.104623986514, 148, -1.0
22880.0648415514, 35, -1.0
22904.696948700926, 35, 1.0
22905.388531533295, 35, -1.0
22908.535865891903, 35, -1.0
22909.152009579782, 35, -1.0
22917.448557773012, 35, -1.0
22919.459625423882, 101, 1.0
22931.664525178738, 103, 1.0
22932.029560234947, 75, -1.0
22932.16592711097, 35, -1.0
22937.062364551337, 35, -1.0
22940.648361234405, 75, 1.0
22942.447929851052, 148, -1.0
22961.3471534136, 35, -1.0
22963.541286372183, 152, 1.0
22965.010465918655, 35, -1.0
22967.13013523503, 75, -1.0
22967.703425006664, 101, 1.0
22968.93140620568, 75, 1.0
22975.11275972464, 148, -1.0
22979.15860872713, 103, 1.0
22981.139231161313, 44, -1.0
22981.945759284146, 148, -1.0
22996.295240931133, 148, -1.0
23002.473359707572, 103, -1.0
23005.56706203546, 152, -1.0
23009.34610031288, 35, -1.0
23015.43188569386, 152, -1.0
23017.09869221708, 35, -1.0
23018.420853343505, 101, 1.0
23026.341034600766, 101, -1.0
23032.922947861574, 75, 1.0
23041.981602871354, 103, -1.0
23043.764691486154, 75, -1.0
23043.77982418608, 75, -1.0
23044.28571097819, 103, 1.0
23046.489958998125, 148, -1.0
23047.770882653593, 152, 1.0
23050.341361406932, 44, -1.0
23051.83294747298, 35, -1.0
23052.019385045973, 75, 1.0
23056.847318011303, 35, 1.0
23057.33794232727, 35, 1.0
23063.290105413176, 101, 1.0
23063.48071745573, 152, -1.0
23084.542266299028, 75, -1.0
23085.64537307685, 101, -1.0
23087.631890439727, 75, 1.0
23097.41977925738, 101, 1.0
23107.627197153317, 101, 1.0
23110.540489349656, 148, -1.0
23119.879932901826, 103, -1.0
23124.38892416121, 154, 1.0
23126.04535530157, 35, -1.0
23132.390759108428, 101, 1.0
23133.8493213692, 101, 1.0
23134.245543521913, 101, 1.0
23138.673719581737, 152, -1.0
23143.16601071039, 75, -1.0
23143.188015442258, 75, -1.0
23144.7413632006, 35, 1.0
23145.472230572603, 75, 1.0
23151.484647297202, 44, -1.0
23152.186070780852, 35, 1.0
23152.983445241913, 35, -1.0
23155.87415106829, 35, 1.0
23161.575651117437, 148, 1.0
23161.777369044492, 148, -1.0
23182.83072633972, 35, -1.0
23188.95422875579, 148, 1.0
23203.973294805342, 101, -1.0
23204.986919305073, 35, -1.0
23205.26082813679, 101, 1.0
23206.727632417562, 35, -1.0
23209.359769623537, 44, -1.0
23209.84790774357, 154, -1.0
23210.236959096394, 101, 1.0
23210.28028533435, 152, 1.0
23220.671734172807, 75, 1.0
23221.513864022145, 101, 1.0
23223.294033784827, 35, -1.0
23226.130589606244, 103, 1.0
23226.96372424968, 101, 1.0
23227.985159153588, 35, -1.0
23237.941436717625, 44, -1.0
23237.96925051703, 35, -1.0
23242.08755185799, 148, -1.0
23245.548704860834, 154, 1.0
23251.89430908161, 101, 1.0
23259.514128131792, 154, 1.0
23262.106528631633, 154, 1.0
23268.518129002274, 148, -1.0
23270.785802584094, 154, 1.0
23271.994127314665, 35, -1.0
23276.167987431796, 75, -1.0
23277.90097927095, 103, 1.0
23279.43087346998, 35, -1.0
23288.783343926298, 44, -1.0
23291.93191178331, 154, 1.0
23294.946402769907, 103, 1.0
23299.178787165765, 152, -1.0
23301.315085644273, 35, -1.0
23303.527509498468, 75, 1.0
23312.60479237573, 35, -1.0
23312.715264225026, 75, 1.0
23312.883137325494, 75, 1.0
23321.935996022607, 148, -1.0
23324.944207918812, 35, 1.0
23326.04779369603, 44, -1.0
23331.997995159752, 101, 1.0
23337.373793979612, 152, 1.0
23342.358430639688, 75, 1.0
23353.888525854694, 35, 1.0
23356.349729281108, 148, -1.0
23359.294632199628, 75, 1.0
23360.492758718057, 154, 1.0
23368.65769220678, 103, 1.0
23372.341036130598, 35, -1.0
23402.332044590545, 103, 1.0
23402.936764411257, 101, -1.0
23417.09636947224, 75, 1.0
23419.374052257583, 75, -1.0
23423.480714637477, 101, 1.0
23427.677179289713, 103, 1.0
23438.34512478715, 148, -1.0
23440.154152501364, 35, -1.0
23441.511773092607, 152, -1.0
23441.94369355234, 35, -1.0
23442.705254607907, 103, -1.0
23448.227835895803, 75, -1.0
23452.43632626636, 152, -1.0
23461.848065189923, 101, 1.0
23462.873726683953, 35, -1.0
23463.689055890867, 35, -1.0
23464.898697120407, 101, 1.0
23465.022856362357, 152, -1.0
23467.51288906966, 35, -1.0
23471.709949294534, 35, -1.0
23472.034696020033, 35, -1.0
23474.680121744484, 75, 1.0
23475.118059344542, 101, 1.0
23481.628099253827, 35, -1.0
23482.727813634006, 148, -1.0
23485.594090778788, 44, -1.0
23494.379774725734, 152, 1.0
23509.103253918307, 35, 1.0
23515.81626225256, 152, -1.0
23527.42780772223, 152, -1.0
23528.248579447332, 101, 1.0
23536.76502479629, 154, 1.0
23545.04447425014, 75, 1.0
23545.91567147751, 35, -1.0
23551.786080298993, 101, 1.0
23554.96256421749, 44, -1.0
23563.02148742544, 101, 1.0
23584.653277461388, 101, 1.0
23591.28811804193, 75, 1.0
23606.65817270464, 75, -1.0
23608.139245517057, 103, 1.0
23611.63912922694, 148, -1.0
23612.934830910694, 103, 1.0
23613.088001277752, 35, -1.0
23630.51728262125, 44, -1.0
23635.305862781024, 44, -1.0
23637.1858762763, 35, -1.0
23638.205593993058, 152, -1.0
23640.74624407335, 101, 1.0
23652.672817361774, 154, 1.0
23659.588945323107, 152, -1.0
23663.648897907227, 75, 1.0
23669.02909928749, 152, -1.0
23669.230889006765, 103, 1.0
23670.727756601416, 103, 1.0
23673.504508648577, 148, -1.0
23676.489468116106, 35, 1.0
23678.77732211181, 75, 1.0
23691.383109432816, 35, -1.0
23691.50541591215, 103, 1.0
23692.001994168822, 103, 1.0
23692.657371405006, 35, -1.0
23696.087091640104, 35, 1.0
23700.330221571363, 44, -1.0
23703.66664081953, 35, -1.0
23705.519535473897, 44, -1.0
23713.954507128565, 101, -1.0
23716.61424961068, 44, -1.0
23718.572110694073, 101, -1.0
23727.866060400796, 101, 1.0
23732.72294077661, 101, 1.0
23738.25583447086, 35, -1.0
23743.422374423917, 154, 1.0
23746.456941741566, 148, -1.0
23753.010961439002, 35, -1.0
23755.84825551849, 35, 1.0
23757.560582447644, 152, -1.0
23758.35793467147, 101, 1.0
23765.066027228826, 101, 1.0
23766.310088290033, 101, -1.0
23769.921671632685, 35, -1.0
23773.553842958274, 35, -1.0
23777.212106247865, 75, 1.0
23780.78851218612, 103, 1.0
23790.118068822965, 101, 1.0
23791.724703426255, 101, -1.0
23792.064402637632, 103, 1.0
23795.584906272627, 44, -1.0
23795.63330549673, 101, 1.0
23802.147620688782, 103, 1.0
23803.14500177885, 154, 1.0
23807.9077258073, 103, 1.0
23808.558732299436, 103, 1.0
23809.314743669, 44, -1.0
23809.62724592129, 35, -1.0
23814.71482906946, 103, 1.0
23817.280158797505, 44, -1.0
23821.392902755095, 35, -1.0
23826.584320100377, 103, 1.0
23826.623494959356, 75, 1.0
23826.759460023335, 35, -1.0
23826.886775669227, 103, -1.0
23830.07777924374, 75, 1.0
23837.132089572387, 35, -1.0
23842.820468763584, 75, 1.0
23845.612757364954, 103, 1.0
23849.896422773178, 101, 1.0
23853.295599592166, 152, -1.0
23853.871196068896, 103, 1.0
23868.635639055366, 152, -1.0
23883.539292583853, 103, 1.0
23883.981314201235, 44, -1.0
23886.348173845923, 44, -1.0
23886.666056397306, 154, 1.0
23911.17369374341, 101, 1.0
23912.680429837303, 75, 1.0
23914.65162214707, 101, -1.0
23925.613761270935, 148, -1.0
23925.878134643495, 148, -1.0
23928.55217673863, 44, -1.0
23932.41851982993, 103, 1.0
23936.370132467357, 75, 1.0
23940.408943259652, 75, 1.0
23942.03858366178, 103, -1.0
23943.711194081538, 75, 1.0
23951.744436110454, 103, 1.0
23953.929067643636, 75, 1.0
23956.442654116956, 103, 1.0
23966.986390370424, 44, -1.0
23968.851085174156, 75, -1.0
23971.485482334243, 75, -1.0
23971.95970991268, 44, -1.0
23980.25852744929, 101, 1.0
23983.560378281683, 101, 1.0
23985.0111135262, 101, 1.0
23994.062014211675, 154, 1.0
23994.926253642814, 75, 1.0
24000.675862483527, 35, -1.0
24002.585919749705, 101, 1.0
24004.01274763536, 75, 1.0
24004.997525564075, 154, 1.0
24008.691572535234, 44, -1.0
24010.50818781998, 101, -1.0
24015.39421038485, 75, -1.0
24023.614234056702, 75, 1.0
24031.594282776012, 101, -1.0
24032.384069500185, 75, 1.0
24033.273318071482, 101, 1.0
24036.38807343321, 44, -1.0
24037.18872199127, 101, 1.0
24042.64481221666, 154, -1.0
24047.199716197047, 35, -1.0
24055.799108945175, 152, -1.0
24056.26238863597, 35, -1.0
24057.074765667963, 152, 1.0
24072.642349068352, 103, 1.0
24085.39875465271, 75, -1.0
24088.508360167867, 154, -1.0
24089.705680707695, 75, 1.0
24093.342038621668, 101, 1.0
24103.751268487886, 44, -1.0
24107.715928104262, 154, 1.0
24111.04586081633, 101, 1.0
24111.37834448574, 35, -1.0
24112.023157336334, 75, 1.0
24114.112181079945, 35, -1.0
24121.334250131877, 148, -1.0
24124.777354630245, 35, -1.0
24132.73014748779, 101, -1.0
24141.987820654682, 75, 1.0
24148.86459549531, 154, 1.0
24160.273289377557, 75, 1.0
24162.221626371425, 35, -1.0
24166.87382290593, 44, -1.0
24176.362510503095, 44, -1.0
24184.337088327928, 101, 1.0
24189.006971760376, 103, 1.0
24198.52823598928, 75, -1.0
24200.39744920219, 35, -1.0
24201.37250440034, 154, 1.0
24202.828343782465, 44, -1.0
24203.818563782108, 101, 1.0
24209.558270115776, 35, 1.0
24214.803891439584, 101, 1.0
24219.596622992238, 101, -1.0
24228.133561900817, 101, 1.0
24229.99503919294, 101, -1.0
24236.35254662414, 152, -1.0
24242.241018167068, 152, -1.0
24245.170982170115, 101, 1.0
24246.698835254625, 148, -1.0
24256.367988481692, 101, 1.0
24257.30966703449, 103, -1.0
24258.969733568287, 44, -1.0
24260.54010865872, 101, -1.0
24262.256961934647, 101, 1.0
24267.05875004721, 152, -1.0
24267.063002823303, 75, -1.0
24267.132787008246, 154, 1.0
24272.310334978047, 35, -1.0
24280.30860938529, 101, 1.0
24283.133420417, 75, 1.0
24287.891360476795, 101, -1.0
24288.280291307117, 75, 1.0
24290.834340201596, 103, -1.0
24305.35805602968, 152, -1.0
24314.318347230612, 148, -1.0
24320.84764247513, 35, 1.0
24343.879387006993, 148, -1.0
24346.49468979157, 152, -1.0
24351.273968544123, 101, 1.0
24351.966462766162, 44, -1.0
24378.67911624322, 152, -1.0
24382.61506741346, 152, -1.0
24388.306936253626, 101, 1.0
24393.35485923312, 152, 1.0
24395.769496429562, 75, 1.0
24397.694480937003, 75, 1.0
24399.618066328283, 101, 1.0
24403.72470957674, 35, -1.0
24407.359845937444, 35, -1.0
24411.214540990324, 75, -1.0
24412.090373074636, 101, -1.0
24413.761566320547, 103, -1.0
24415.254067856815, 75, 1.0
24427.146419888115, 75, 1.0
24436.445557802028, 101, -1.0
24437.302183292628, 75, -1.0
24440.64570577681, 154, 1.0
24444.039959901223, 101, 1.0
24446.819903738302, 148, -1.0
24449.194702898312, 75, -1.0
24452.292359401243, 103, 1.0
24457.46604309768, 148, -1.0
24457.675685878687, 154, 1.0
24458.70478323911, 75, 1.0
24460.54032783987, 101, 1.0
24465.839923499014, 101, -1.0
24483.101843124834, 101, -1.0
24486.19544429508, 152, 1.0
24487.667897696036, 103, 1.0
24496.88932254004, 75, 1.0
24499.97196732482, 75, 1.0
24505.670908089516, 35, -1.0
24511.002545721072, 148, -1.0
24518.321038087437, 148, -1.0
24523.952397667348, 101, -1.0
24535.23416332831, 101, 1.0
24536.736753041438, 148, -1.0
24537.86238703396, 101, 1.0
24542.234519229292, 101, 1.0
24550.89912626079, 35, 1.0
24550.93226915457, 75, 1.0
24552.380580172015, 103, 1.0
24553.684404366068, 103, -1.0
24556.90392844428, 75, 1.0
24562.51649896549, 44, -1.0
24584.36754762002, 103, 1.0
24593.612504593166, 101, 1.0
24594.55004474439, 152, 1.0
24596.054886554764, 103, 1.0
24605.055130592125, 35, -1.0
24612.84880186914, 75, 1.0
24628.755651129886, 148, -1.0
24631.491951566186, 101, -1.0
24636.876659451926, 152, -1.0
24642.614655496815, 44, -1.0
24644.445796292755, 75, 1.0
24654.100759220088, 75, 1.0
24658.934533793108, 152, 1.0
24664.335391944816, 103, 1.0
24666.32274503209, 148, -1.0
24673.0425702708, 148, -1.0
24686.461970075346, 148, -1.0
24691.37338994875, 75, 1.0
24695.080937463525, 154, 1.0
24696.96169445834, 75, 1.0
24697.54759770954, 101, 1.0
24706.909532493657, 44, -1.0
24707.313619964985, 44, -1.0
24710.78721471639, 101, 1.0
24711.699005856713, 152, -1.0
24711.854873493186, 101, -1.0
24712.40446384011, 35, 1.0
24715.998384057668, 75, 1.0
24721.44118237561, 75, -1.0
24732.18994735073, 75, -1.0
24733.228968943804, 75, -1.0
24737.102457029283, 154, 1.0
24742.64124392946, 35, -1.0
24745.485785142988, 148, -1.0
24748.746021499635, 75, 1.0
24750.00433588468, 154, 1.0
24780.86375965017, 44, -1.0
24783.164298222437, 101, 1.0
24784.903890219255, 75, -1.0
24796.49729873841, 103, 1.0
24799.481015934743, 103, 1.0
24799.61115578312, 75, -1.0
24814.74622279411, 101, 1.0
24814.778122416807, 152, -1.0
24826.50086050038, 148, -1.0
24845.472842573254, 75, 1.0
24855.385890265097, 148, -1.0
24858.825821040777, 101, 1.0
24863.220651383515, 44, -1.0
24872.783136080696, 75, 1.0
24876.156781923502, 75, 1.0
24876.17117363726, 152, -1.0
24878.781623597373, 101, 1.0
24891.304878782914, 103, 1.0
24895.178384683808, 75, 1.0
24898.765116907136, 103, 1.0
24900.605217353852, 35, -1.0
24905.1294599659, 35, 1.0
24907.06331078448, 152, -1.0
24918.700072499498, 101, 1.0
24921.89406944887, 103, 1.0
24924.127266936204, 75, -1.0
24926.013123892037, 152, -1.0
24930.461054917014, 152, -1.0
24931.72208809913, 44, -1.0
24931.82781961981, 75, -1.0
24935.838234499173, 103, -1.0
24940.594040259668, 75, 1.0
24945.846880415345, 44, -1.0
24952.253326552072, 44, -1.0
24953.359598810548, 148, -1.0
24954.85531389017, 148, -1.0
24961.932953674586, 35, -1.0
24964.938510265823, 148, 1.0
24973.113638978088, 35, -1.0
24974.477918286964, 75, 1.0
24980.619216823525, 35, -1.0
24982.78712784689, 101, -1.0
24989.087624898966, 154, 1.0
24997.398826648096, 154, 1.0
25000.854392754572, 35, -1.0
25007.384629344942, 35, -1.0
25019.42244376301, 75, 1.0
25022.621104305574, 152, -1.0
25025.838159844854, 103, -1.0
25034.237370009734, 154, 1.0
25042.177082460952, 75, -1.0
25042.521253520867, 75, 1.0
25045.25009199519, 154, 1.0
25050.140268683244, 75, 1.0
25057.83707296511, 44, -1.0
25062.088100443496, 75, 1.0
25077.846129779555, 35, -1.0
25078.577914156962, 75, 1.0
25078.765196173586, 75, 1.0
25083.442784344712, 101, 1.0
25085.620665766543, 44, -1.0
25087.572598456198, 101, 1.0
25095.92159664082, 35, 1.0
25099.185629131713, 35, 1.0
25099.67729736565, 101, 1.0
25106.14703533926, 148, -1.0
25110.75529253077, 103, 1.0
25115.81768001152, 75, 1.0
25118.38635028206, 154, -1.0
25120.735346678914, 148, -1.0
25123.12630576, 75, 1.0
25130.67880750708, 75, 1.0
25131.3108174597, 44, -1.0
25132.40817448146, 44, -1.0
25141.55768090461, 35, -1.0
25145.01825844539, 35, 1.0
25149.597226403515, 75, 1.0
25153.807623212386, 75, 1.0
25158.465518167297, 75, 1.0
25162.26127667966, 75, 1.0
25162.264093499318, 35, -1.0
25166.4858889093, 152, 1.0
25181.759422936153, 75, 1.0
25189.737872470778, 152, -1.0
25193.042753021553, 148, -1.0
25194.77595056425, 75, -1.0
25200.842162019097, 148, -1.0
25206.459876912315, 75, 1.0
25207.170982035248, 103, 1.0
25224.075451322587, 101, 1.0
25234.409881137304, 152, -1.0
25237.316266269438, 154, 1.0
25243.56789983864, 35, -1.0
25258.209833565783, 75, 1.0
25270.920244569734, 154, -1.0
25270.93508310266, 44, 1.0
25284.939610551817, 35, 1.0
25286.12854176486, 101, 1.0
25286.621981355085, 154, -1.0
25291.929686939755, 103, 1.0
25294.138938311775, 35, 1.0
25295.565172260238, 148, -1.0
25306.041863020866, 154, 1.0
25306.37622732513, 154, 1.0
25309.016754907585, 35, 1.0
25313.1652365651, 152, -1.0
25313.829840845727, 75, -1.0
25322.28924051746, 75, -1.0
25322.946238498356, 103, 1.0
25325.448965283365, 75, -1.0
25325.920265546323, 35, -1.0
25334.716228028, 154, 1.0
25335.29526268473, 152, -1.0
25346.71641989816, 152, 1.0
25355.028837879516, 101, -1.0
25366.73626756166, 148, -1.0
25367.046024870157, 152, -1.0
25372.0974837378, 154, 1.0
25374.229303589993, 103, 1.0
25384.676173507047, 148, -1.0
25392.19489175726, 101, 1.0
25396.94170682487, 154, 1.0
25397.18361505811, 35, -1.0
25411.49844331611, 103, 1.0
25419.429150181742, 75, -1.0
25422.967216541554, 103, 1.0
25427.731306420737, 103, 1.0
25436.979713282682, 75, -1.0
25437.133249874016, 103, 1.0
25437.464866460592, 75, -1.0
25442.05119079986, 101, -1.0
25449.713866450205, 154, 1.0
25451.82881451244, 101, 1.0
25452.31173334441, 103, 1.0
25453.404524376805, 152, -1.0
25478.54095304577, 101, 1.0
25500.497805748655, 152, 1.0
25514.270256928397, 148, -1.0
25516.650988308953, 75, 1.0
25526.165291004647, 35, 1.0
25530.079156296604, 44, -1.0
25530.152695792476, 154, 1.0
25539.726629285833, 154, -1.0
25549.073740232016, 35, -1.0
25559.059065518424, 35, -1.0
25567.355579345127, 101, 1.0
25567.745935792038, 103, 1.0
25569.732823010618, 44, -1.0
25579.090856099312, 75, 1.0
25580.568664946473, 103, 1.0
25582.619867859194, 152, -1.0
25585.06334128278, 44, -1.0
25587.007740024896, 152, -1.0
25587.98786400751, 154, 1.0
25588.91597654741, 75, -1.0
25594.76884790454, 75, -1.0
25597.868881609997, 148, -1.0
25600.660243467973, 44, -1.0
25606.825811729384, 35, -1.0
25614.05068905823, 101, -1.0
25618.212820536097, 103, 1.0
25637.343668133308, 152, 1.0
25647.853538138752, 35, -1.0
25648.97811912012, 75, -1.0
25655.512943102105, 101, 1.0
25655.62966308012, 75, 1.0
25655.74989546972, 101, -1.0
25658.538810931535, 152, 1.0
25675.47212152101, 154, 1.0
25697.481316917365, 75, -1.0
25699.26121123742, 75, 1.0
25699.846817317022, 75, -1.0
25702.04934204472, 152, -1.0
25702.568607003024, 148, -1.0
25705.914727371088, 44, -1.0
25713.82618813564, 103, 1.0
25723.013766299817, 154, 1.0
25725.36643069287, 44, 1.0
25739.116340765355, 35, -1.0
25743.13190994669, 35, 1.0
25745.546576674384, 154, 1.0
25750.825679379395, 35, -1.0
25760.374233100618, 75, 1.0
25761.18548780193, 152, -1.0
25765.32616536352, 101, 1.0
25768.89127960962, 35, -1.0
25782.1776976068, 35, 1.0
25782.215204524506, 75, 1.0
25788.664988159384, 75, 1.0
25806.198180407617, 103, 1.0
25806.481162902153, 154, 1.0
25819.858062089395, 35, -1.0
25823.78216180419, 101, -1.0
25834.278646290764, 35, 1.0
25834.689508088682, 148, -1.0
25837.14270597935, 154, -1.0
25844.185725876257, 35, -1.0
25844.389912321043, 148, -1.0
25848.046121638974, 44, -1.0
25849.894048654634, 148, -1.0
25860.2373255964, 35, -1.0
25869.559540571398, 44, -1.0
25877.18395043189, 154, 1.0
25885.519588365383, 75, -1.0
25886.173016680852, 44, -1.0
25889.4838243032, 75, 1.0
25909.99469451019, 75, 1.0
25911.21668876398, 103, 1.0
25919.273045994236, 152, -1.0
25919.76566324921, 103, 1.0
25928.701621262524, 152, -1.0
25935.99735978069, 154, 1.0
25936.29553348389, 152, -1.0
25941.446335166827, 44, -1.0
25952.23210780968, 101, 1.0
25956.493168731173, 152, -1.0
25960.863353951903, 44, -1.0
25962.48598089924, 148, 1.0
25969.291566740154, 152, 1.0
25969.434428697008, 148, 1.0
25970.065625131167, 103, 1.0
25970.692238800868, 152, -1.0
25973.461395654936, 103, 1.0
25985.447122043803, 35, -1.0
25998.430340479725, 154, -1.0
25999.093998910306, 103, 1.0
26003.72443367665, 103, 1.0
26010.219096917783, 75, -1.0
26011.80951957219, 101, -1.0
26018.390979026724, 75, 1.0
26035.821742867374, 75, -1.0
26043.4171375149, 35, 1.0
26052.41227233595, 103, 1.0
26057.06005416023, 154, 1.0
26061.422616368654, 35, -1.0
26070.383064624177, 35, -1.0
26071.915537318677, 148, -1.0
26076.302646781307, 35, -1.0
26082.247702700548, 101, -1.0
26082.331661639164, 152, -1.0
26086.061808436032, 101, 1.0
26096.62136935168, 75, 1.0
26104.081294241503, 75, -1.0
26104.13678933474, 35, -1.0
26106.144902494634, 35, -1.0
26106.216903208326, 152, -1.0
26107.20910954661, 35, -1.0
26109.98121561467, 101, 1.0
26110.09286306911, 148, -1.0
26119.39554009037, 148, -1.0
26119.79444836018, 152, -1.0
26121.59502026067, 154, 1.0
26125.427772154588, 152, 1.0
26125.49809922281, 35, -1.0
26129.761338233882, 152, -1.0
26137.30174889938, 152, 1.0
26143.995589775524, 101, -1.0
26144.63205347639, 75, 1.0
26150.3830661575, 152, -1.0
26171.274093508575, 35, -1.0
26175.420726522963, 103, 1.0
26176.155683009692, 101, 1.0
26182.83271175924, 44, -1.0
26186.141065598178, 152, -1.0
26189.423769073634, 152, 1.0
26202.90549072223, 75, 1.0
26206.714112792684, 75, -1.0
26213.218980253583, 154, 1.0
26227.817824614423, 75, 1.0
26230.430795573742, 154, 1.0
26234.863508763778, 101, 1.0
26237.9871212131, 101, -1.0
26242.387338664204, 154, 1.0
26246.9840712918, 44, -1.0
26250.46158965483, 103, 1.0
26257.843979963076, 101, 1.0
26259.24611208792, 148, -1.0
26261.95101912526, 35, -1.0
26262.073569491535, 44, -1.0
26273.459646262592, 148, -1.0
26291.425411585657, 35, 1.0
26294.94948624572, 35, -1.0
26311.154753213432, 101, -1.0
26314.794775330505, 154, 1.0
26324.474016046417, 103, 1.0
26328.064967400627, 35, -1.0
26329.853015285073, 101, 1.0
26334.845396571753, 101, -1.0
26335.556218374273, 35, -1.0
26341.903595224623, 103, 1.0
26355.642821713318, 35, -1.0
26364.1640374264, 148, -1.0
26368.758913902788, 103, 1.0
26388.337353799743, 103, 1.0
26389.343365037636, 35, -1.0
26393.204781440407, 154, 1.0
26398.967656747263, 35, -1.0
26401.857781024846, 103, 1.0
26408.157075405605, 101, 1.0
26409.742973442193, 103, 1.0
26414.45180335574, 44, -1.0
26415.3551853814, 152, -1.0
26419.24348914793, 44, -1.0
26419.82775326933, 152, -1.0
26421.947356623903, 75, -1.0
26432.96115459648, 103, 1.0
26433.795398442006, 103, -1.0
26447.47579587799, 44, -1.0
26449.748616319925, 101, 1.0
26453.786556726005, 152, -1.0
26454.331888474342, 35, -1.0
26460.60436601741, 103, 1.0
26469.366955558286, 101, 1.0
26469.52369668205, 103, -1.0
26472.878744980437, 154, 1.0
26472.95644142779, 75, 1.0
26487.978384440732, 101, 1.0
26494.312591511527, 154, 1.0
26515.22103499078, 101, 1.0
26516.996402782912, 44, -1.0
26517.961979880933, 103, 1.0
26519.729339789516, 101, -1.0
26523.10501525372, 101, 1.0
26526.499600373965, 152, 1.0
26527.78003158874, 75, -1.0
26539.158447039008, 154, -1.0
26540.428048404312, 101, -1.0
26548.523707689266, 44, -1.0
26548.917412836727, 152, 1.0
26549.284742005788, 44, -1.0
26549.848406595887, 35, -1.0
26551.479619422735, 148, 1.0
26553.624716271468, 75, -1.0
26563.541240922368, 75, 1.0
26565.442273064557, 103, 1.0
26568.767883463643, 103, 1.0
26572.784751216175, 44, -1.0
26575.404450201804, 148, -1.0
26576.355904470725, 101, 1.0
26582.84949221238, 101, -1.0
26592.82393091674, 154, 1.0
26594.988934067642, 103, 1.0
26598.77473757207, 101, 1.0
26601.029589886097, 44, -1.0
26606.27700981059, 103, 1.0
26611.488467204646, 152, 1.0
26615.921012646762, 44, -1.0
26620.839793903062, 101, 1.0
26623.766264102615, 35, -1.0
26624.22768519824, 154, -1.0
26625.2112925344, 101, 1.0
26635.53788517537, 35, -1.0
26637.9709650102, 103, -1.0
26640.541111247505, 101, 1.0
26641.03555035462, 154, 1.0
26650.39273579738, 35, -1.0
26654.523425821026, 75, -1.0
26666.052751283347, 35, -1.0
26671.481506022872, 154, -1.0
26675.54479082579, 75, 1.0
26683.042463745638, 152, 1.0
26684.627866691335, 75, -1.0
26685.782806907107, 154, 1.0
26686.664703831677, 152, -1.0
26694.665953705047, 35, -1.0
26702.170663034383, 152, -1.0
26702.53869367727, 154, -1.0
26703.51067048488, 75, 1.0
26709.844072261338, 35, -1.0
26714.623008932187, 101, -1.0
26735.7718504757, 35, 1.0
26736.849494344067, 148, -1.0
26749.742992930784, 35, -1.0
26764.74971626904, 101, -1.0
26767.91280419489, 101, 1.0
26770.35876843287, 103, 1.0
26780.827194725778, 154, 1.0
26784.961908369372, 154, 1.0
26798.83434008344, 152, -1.0
26799.323806525423, 101, -1.0
26799.777236426897, 75, -1.0
26808.385722423136, 103, 1.0
26809.447144937214, 44, -1.0
26811.049342892526, 35, -1.0
26813.790621652646, 75, 1.0
26814.222209067564, 148, -1.0
26817.19103585036, 101, 1.0
26817.979299503015, 101, 1.0
26822.41692335933, 148, -1.0
26828.865093338743, 35, -1.0
26836.793202479013, 154, 1.0
26841.235275786512, 75, -1.0
26842.781232395257, 154, -1.0
26843.961319952334, 103, 1.0
26845.056466064296, 44, -1.0
26849.800580501793, 152, -1.0
26865.093397312303, 101, 1.0
26865.397193170767, 35, 1.0
26868.74644216571, 35, -1.0
26869.304837580512, 44, -1.0
26872.11588243485, 154, 1.0
26876.023554039184, 44, -1.0
26896.40784788507, 103, -1.0
26910.730858416864, 35, 1.0
26918.463730576404, 35, 1.0
26928.39436364625, 152, -1.0
26929.143784519656, 44, -1.0
26933.585710434843, 75, 1.0
26934.375105679355, 44, -1.0
26938.149393748456, 103, 1.0
26940.64266168649, 154, -1.0
26942.72481641189, 152, -1.0
26945.2482872792, 75, -1.0
26947.871303794607, 35, -1.0
26952.128655265904, 35, -1.0
26959.245178808105, 101, 1.0
26959.845471883094, 35, -1.0
26965.172370781067, 101, -1.0
26971.62977617164, 35, 1.0
26972.95275155723, 154, -1.0
26975.218156219784, 101, 1.0
26990.28445852275, 101, 1.0
26992.191830158237, 154, -1.0
27001.443131046617, 154, 1.0
27002.511600591723, 35, -1.0
27011.85653066017, 103, 1.0
27025.216418346867, 154, 1.0
27030.23154540911, 154, -1.0
27031.11456241392, 101, 1.0
27047.989851947452, 35, -1.0
27049.82008223086, 152, -1.0
27062.30841234911, 103, -1.0
27064.41713034191, 101, 1.0
27065.53035149112, 152, 1.0
27082.368919875073, 148, -1.0
27086.950412483602, 35, 1.0
27090.92136393545, 154, 1.0
27091.542600526558, 148, -1.0
27097.250573026595, 35, -1.0
27098.34372304895, 35, -1.0
27100.852897933444, 152, -1.0
27103.913104191633, 35, -1.0
27109.834531487515, 154, 1.0
27111.548435892273, 75, -1.0
27112.24603390098, 154, 1.0
27112.82721525444, 148, -1.0
27118.2327591928, 148, 1.0
27130.81563280245, 44, -1.0
27145.230531172347, 154, 1.0
27152.968189372004, 152, -1.0
27153.956109992563, 103, 1.0
27168.91412422949, 35, -1.0
27173.544657775972, 103, 1.0
27177.934393851512, 75, 1.0
27183.821421229906, 152, -1.0
27210.50611899214, 75, -1.0
27211.897351028103, 152, 1.0
27217.099740125053, 35, -1.0
27224.383552997067, 35, -1.0
27227.335263219768, 75, -1.0
27235.78301833363, 75, -1.0
27243.212490817903, 101, 1.0
27244.433774810946, 103, 1.0
27257.893128105297, 154, 1.0
27267.617548990056, 154, -1.0
27270.64549374871, 75, 1.0
27271.407089464086, 35, -1.0
27272.417181464225, 44, -1.0
27275.85582950699, 75, 1.0
27284.400520060364, 101, -1.0
27288.32556575804, 152, 1.0
27296.652601731486, 35, -1.0
27299.45528315489, 75, -1.0
27301.883966668003, 35, -1.0
27304.988701293987, 75, 1.0
27314.84068956361, 75, -1.0
27318.880348046907, 44, -1.0
27321.804298297924, 75, 1.0
27328.0001681638, 101, 1.0
27329.554749794508, 101, -1.0
27331.54349045148, 154, 1.0
27339.137208990065, 148, -1.0
27351.340170762996, 44, -1.0
27357.027559983664, 152, 1.0
27370.18570746248, 101, 1.0
27386.61899631957, 101, 1.0
27400.74464387566, 152, 1.0
27403.216322338092, 101, 1.0
27414.617115276506, 35, -1.0
27441.8612344623, 35, 1.0
27451.355598150265, 101, -1.0
27453.435967453443, 35, 1.0
27457.349061283116, 101, -1.0
27460.37273219875, 101, 1.0
27467.565817482337, 44, -1.0
27476.585772408784, 154, -1.0
27483.473349545526, 152, -1.0
27485.17641643423, 44, -1.0
27487.36382461603, 35, -1.0
27496.23660997039, 44, -1.0
27503.067328283574, 75, 1.0
27513.20306172564, 101, 1.0
27514.44600463026, 44, -1.0
27522.62036731366, 154, -1.0
27530.91974288368, 152, -1.0
27539.3478945323, 75, -1.0
27550.766387809108, 154, 1.0
27555.41074126629, 152, -1.0
27562.050533083806, 103, 1.0
27568.13024181905, 154, 1.0
27578.95000771341, 75, 1.0
27584.81027366808, 148, 1.0
27591.871138967595, 103, 1.0
27602.81734309213, 44, -1.0
27607.746611254603, 154, 1.0
27614.469415358584, 75, 1.0
27615.90965821573, 152, -1.0
27629.870308099544, 44, -1.0
27634.781291303287, 103, 1.0
27640.376975942047, 44, -1.0
27651.632989580954, 35, -1.0
27655.8926589959, 35, -1.0
27664.142327482754, 35, -1.0
27665.183967920442, 103, 1.0
27668.45041148497, 35, -1.0
27669.92715396674, 148, -1.0
27682.29989153715, 75, -1.0
27685.57383288489, 103, 1.0
27693.01030056462, 152, -1.0
27714.994656640156, 103, 1.0
27723.03792736145, 154, 1.0
27727.407428999257, 152, -1.0
27756.71094848482, 35, -1.0
27764.810161816433, 154, -1.0
27773.43635617943, 35, 1.0
27774.409826110696, 152, -1.0
27779.29356927288, 101, 1.0
27784.80465440625, 75, 1.0
27785.20890795761, 101, 1.0
27792.359885748636, 154, 1.0
27795.715093150895, 152, -1.0
27806.86057010494, 154, 1.0
27814.931484052686, 103, 1.0
27818.89472575072, 75, 1.0
27824.859335076064, 148, -1.0
27825.571967339427, 44, -1.0
27828.10064080709, 44, -1.0
27831.853047571163, 154, 1.0
27835.472540329647, 103, 1.0
27844.754555343072, 152, -1.0
27850.757741444806, 35, 1.0
27854.10177246553, 35, -1.0
27857.401781959183, 44, -1.0
27858.254387722023, 152, -1.0
27870.215971138223, 75, 1.0
27877.522529076603, 152, -1.0
27879.232132124307, 103, -1.0
27897.315663870344, 35, -1.0
27901.488188758685, 44, -1.0
27902.30203728631, 154, -1.0
27907.947217379868, 75, -1.0
27911.449620542633, 101, -1.0
27913.43206838945, 103, 1.0
27913.634044071427, 75, 1.0
27914.54053623915, 103, 1.0
27928.181488005037, 35, -1.0
27928.758893473954, 75, 1.0
27933.63250942506, 152, -1.0
27943.22728354904, 35, -1.0
27954.444900776078, 154, 1.0
27959.601021070892, 152, -1.0
27961.54864609995, 101, -1.0
27963.46100313632, 152, 1.0
27969.28100356963, 75, 1.0
27970.2551298073, 103, 1.0
27976.33933818928, 152, -1.0
27976.354089474637, 154, 1.0
27978.516187658908, 75, 1.0
27989.112913409965, 35, -1.0
27996.301213209175, 101, 1.0
27996.396030895063, 101, 1.0
28011.758383788583, 152, -1.0
28032.16415117831, 101, 1.0
28038.153513486894, 152, 1.0
28043.17959476716, 154, -1.0
28043.901655629707, 35, -1.0
28044.70347054241, 35, -1.0
28051.022184717116, 44, -1.0
28052.489607565934, 44, -1.0
28058.84631036165, 101, 1.0
28061.91921710774, 154, 1.0
28069.39786973444, 148, -1.0
28072.887476603242, 154, -1.0
28075.420168467313, 103, 1.0
28088.97859791932, 35, 1.0
28089.07821037393, 154, 1.0
28089.719482279277, 154, 1.0
28091.85236988871, 44, -1.0
28098.296628084383, 148, -1.0
28109.0732892838, 154, 1.0
28109.76722956031, 35, -1.0
28128.23609167295, 75, -1.0
28140.41296995454, 154, 1.0
28147.235602671906, 75, 1.0
28150.006267630626, 152, -1.0
28158.08736492593, 148, -1.0
28160.097130122085, 154, -1.0
28164.29032109745, 44, -1.0
28171.61223735383, 35, -1.0
28174.082610374142, 103, -1.0
28175.1580656752, 35, -1.0
28177.19074959778, 152, -1.0
28178.944800502664, 154, 1.0
28196.20485687094, 154, 1.0
28209.9046275175, 44, -1.0
28211.345321468278, 154, 1.0
28212.412836284617, 152, -1.0
28214.26413403926, 103, 1.0
28214.485583866157, 154, -1.0
28220.6418215368, 154, -1.0
28227.18448357729, 101, 1.0
28229.98143269416, 35, -1.0
28238.75254033052, 103, 1.0
28248.54171122315, 103, -1.0
28255.96312494316, 35, 1.0
28266.065232402972, 35, -1.0
28266.21640968831, 154, 1.0
28267.23141046191, 152, -1.0
28276.84552714022, 75, -1.0
28293.715743974393, 101, 1.0
28307.595391117018, 152, -1.0
28311.504687000954, 75, -1.0
28311.58668699626, 101, 1.0
28313.748817983083, 35, -1.0
28319.778449963153, 35, 1.0
28321.234729517597, 75, -1.0
28327.91625035005, 103, 1.0
28332.107237978686, 35, 1.0
28338.12497450661, 44, -1.0
28338.427181668532, 154, 1.0
28340.248557173698, 35, 1.0
28354.078299388617, 103, 1.0
28354.69333901322, 101, 1.0
28365.799608529534, 35, 1.0
28366.534713877198, 44, -1.0
28377.860719119086, 75, -1.0
28379.069544134687, 35, -1.0
28383.679908362843, 75, -1.0
28389.21479600752, 152, 1.0
28398.731354657702, 35, -1.0
28406.905598318626, 103, 1.0
28408.7298935335, 44, -1.0
28411.431998640957, 152, -1.0
28414.59087906939, 152, -1.0
28425.809885866536, 101, 1.0
28436.97092960478, 35, 1.0
28437.276883504284, 103, 1.0
28440.015464881282, 75, 1.0
28442.12941979377, 148, -1.0
28442.230979591553, 101, 1.0
28458.437954238056, 152, -1.0
28467.736561862665, 103, 1.0
28469.359174427118, 154, 1.0
28494.319866846887, 35, -1.0
28494.905285144247, 101, 1.0
28504.601178708333, 75, 1.0
28506.83056440179, 35, -1.0
28520.077640074098, 44, -1.0
28526.37199174969, 44, -1.0
28527.96275798316, 44, -1.0
28528.734249237452, 154, 1.0
28528.82325083024, 103, 1.0
28536.46097909596, 75, -1.0
28537.345792142813, 154, -1.0
28542.00517277092, 35, -1.0
28551.593584146587, 103, 1.0
28557.866144486572, 101, 1.0
28566.957185475203, 75, 1.0
28576.035974827744, 152, -1.0
28587.112338824038, 152, -1.0
28613.308053975554, 75, -1.0
28613.925914293857, 148, -1.0
28622.5530855191, 103, 1.0
28632.675617265133, 154, 1.0
28637.978943698894, 101, 1.0
28669.231428194948, 101, 1.0
28673.74487566194, 152, 1.0
28673.874348953934, 154, -1.0
28674.67526742875, 101, 1.0
28674.8008063421, 101, 1.0
28684.03217118705, 75, 1.0
28687.379637724556, 152, -1.0
28698.767283523233, 75, -1.0
28702.950686204935, 35, -1.0
28704.091737555576, 154, -1.0
28714.345940662173, 35, -1.0
28718.4923106446, 154, -1.0
28723.317668590313, 35, -1.0
28725.022135647527, 101, 1.0
28730.7771572312, 103, 1.0
28732.199203466662, 103, 1.0
28733.127354458273, 148, -1.0
28743.938256245146, 75, 1.0
28748.610077865153, 101, -1.0
28757.688027572513, 44, -1.0
28765.747921401173, 152, -1.0
28780.499183122716, 152, 1.0
28784.257262904717, 44, -1.0
28789.680869729076, 101, 1.0
28796.52990106904, 152, -1.0
28800.06278053272, 35, 1.0
28809.8391068981, 35, -1.0
28822.90629791114, 101, -1.0
28830.312983913434, 75, 1.0
28832.67315000522, 148, 1.0
28837.46728663098, 75, 1.0
28837.835875208475, 103, 1.0
28840.1506196994, 101, -1.0
28859.53557999987, 35, -1.0
28859.67672805994, 103, 1.0
28876.68272033708, 154, 1.0
28880.845001739788, 101, 1.0
28881.575151065088, 101, 1.0
28882.004044414552, 35, 1.0
28883.7945592541, 35, 1.0
28884.00329573664, 75, 1.0
28884.80007803377, 148, -1.0
28894.723373091936, 103, -1.0
28909.228248905427, 148, -1.0
28913.420094841214, 75, 1.0
28933.429090532914, 35, -1.0
28955.577111226885, 75, 1.0
28955.783732045697, 101, 1.0
28958.099996794583, 154, 1.0
28958.36679042476, 35, -1.0
28961.252434530154, 154, 1.0
28971.12712507513, 75, 1.0
28971.57502039137, 75, 1.0
28977.648473983354, 101, -1.0
28978.174653352682, 35, 1.0
28978.978978725372, 154, 1.0
28985.71407011483, 75, 1.0
28990.660844669597, 152, 1.0
28993.051535834747, 152, 1.0
28994.417728541306, 35, -1.0
29003.410155757898, 44, -1.0
29009.313056792416, 75, 1.0
29009.432312989014, 101, 1.0
29017.65173678975, 75, 1.0
29018.867815573158, 75, -1.0
29019.007861107202, 35, -1.0
29036.442979738473, 152, 1.0
29038.490179834607, 148, -1.0
29054.114209481537, 148, -1.0
29060.96248906575, 101, -1.0
29068.45680192883, 101, -1.0
29077.65360448588, 152, -1.0
29084.17430560233, 101, -1.0
29084.70480526009, 154, 1.0
29086.618630847417, 101, 1.0
29088.557658352194, 152, 1.0
29094.246995525195, 103, 1.0
29098.215375993183, 154, -1.0
29111.450501745803, 152, -1.0
29117.95095670378, 101, -1.0
29118.5847090742, 75, 1.0
29125.65643442644, 152, 1.0
29139.873978718428, 35, -1.0
29146.10994168981, 35, -1.0
29148.408593854554, 75, 1.0
29152.876600840624, 154, -1.0
29156.341923324802, 103, 1.0
29161.039932820877, 75, 1.0
29167.827486536542, 75, -1.0
29171.810253174688, 35, -1.0
29172.422617734814, 101, -1.0
29174.0784017218, 75, -1.0
29176.917742700476, 148, -1.0
29184.035378068707, 101, 1.0
29184.299841707183, 152, -1.0
29187.72971517407, 35, 1.0
29194.88746955243, 44, 1.0
29198.401673266653, 35, -1.0
29201.412201183197, 154, -1.0
29206.75491556107, 154, 1.0
29207.003374368454, 75, -1.0
29210.349082973862, 101, 1.0
29215.373890485796, 152, -1.0
29230.516784839932, 154, 1.0
29233.624256444196, 35, -1.0
29236.880223388307, 154, -1.0
29237.44751657693, 75, 1.0
29242.838862599703, 44, -1.0
29255.325556367603, 35, -1.0
29256.29547714424, 101, 1.0
29261.86544785038, 152, -1.0
29269.084634509225, 152, 1.0
29269.395646351317, 154, 1.0
29272.275521194184, 35, -1.0
29273.048288522594, 154, 1.0
29277.45619766421, 44, -1.0
29278.522397468227, 152, -1.0
29285.127609044237, 75, -1.0
29287.2380298191, 152, -1.0
29294.16999431317, 148, -1.0
29297.32985818078, 103, -1.0
29307.071194445423, 35, -1.0
29310.249252436523, 75, 1.0
29315.462400729517, 35, -1.0
29322.640235228613, 101, -1.0
29324.741185532166, 75, 1.0
29324.788731332304, 154, -1.0
29325.809070426694, 35, 1.0
29327.722143122202, 154, 1.0
29341.958509827156, 101, 1.0
29344.219421012804, 101, 1.0
29353.13221562326, 35, -1.0
29380.1900507839, 101, -1.0
29401.906417519633, 35, -1.0
29403.967513725944, 101, -1.0
29407.64142620623, 154, -1.0
29408.01452613965, 35, 1.0
29419.399565507178, 152, -1.0
29420.448050299405, 152, 1.0
29421.230321360996, 75, 1.0
29422.84500165969, 35, -1.0
29432.526848568476, 154, 1.0
29464.865134918426, 75, 1.0
29466.581544187564, 75, 1.0
29470.29298972006, 154, -1.0
29471.781254485148, 75, -1.0
29478.821938387126, 35, -1.0
29481.5363275652, 75, 1.0
29486.957538702445, 75, 1.0
29495.5594324015, 148, -1.0
29500.32229030091, 103, 1.0
29505.439069925127, 44, 1.0
29510.815244074234, 148, -1.0
29513.602216784235, 148, -1.0
29517.204029418965, 75, -1.0
29525.06780726209, 75, -1.0
29526.787145640592, 75, -1.0
29527.014588811537, 101, -1.0
29531.422813619294, 101, 1.0
29535.202267894852, 152, -1.0
29535.495871975214, 75, 1.0
29544.01724641443, 103, -1.0
29549.77935296001, 101, -1.0
29557.318440793682, 35, -1.0
29571.878547236538, 154, 1.0
29574.606147150553, 44, -1.0
29605.096368060247, 103, -1.0
29605.86040228636, 152, -1.0
29614.991981538544, 154, 1.0
29624.870922844642, 152, -1.0
29634.281267009035, 101, -1.0
29635.643642951396, 148, -1.0
29636.832910489273, 35, -1.0
29639.357299009866, 103, 1.0
29655.707583152078, 154, -1.0
29659.74080308666, 75, -1.0
29661.62694596409, 148, -1.0
29663.61957915391, 154, 1.0
29666.813477893105, 101, 1.0
29670.35070372326, 35, 1.0
29672.579122895055, 152, -1.0
29673.546570653336, 35, -1.0
29676.21264478211, 44, 1.0
29679.128131079437, 44, -1.0
29687.697874576963, 101, 1.0
29689.015978382784, 154, 1.0
29706.81835391981, 75, 1.0
29708.72757088312, 35, -1.0
29717.041186417762, 75, 1.0
29718.140845619957, 35, -1.0
29720.29538421443, 44, -1.0
29723.934917899685, 44, -1.0
29729.277509242347, 35, -1.0
29731.623529257547, 35, -1.0
29734.688446054246, 152, 1.0
29741.226490385452, 75, 1.0
29746.726598484995, 103, 1.0
29749.586368522192, 154, 1.0
29750.541762943903, 75, 1.0
29753.154572216088, 154, -1.0
29767.48136551997, 148, -1.0
29774.305393045128, 35, -1.0
29784.956054241586, 154, 1.0
29790.186434974516, 35, 1.0
29797.01860748643, 103, 1.0
29798.919146075827, 101, 1.0
29799.005910889347, 152, -1.0
29799.0193621487, 35, -1.0
29799.83708086878, 154, -1.0
29820.271818247595, 103, 1.0
29823.484688883655, 75, 1.0
29828.291110905535, 75, -1.0
29835.571996408657, 75, 1.0
29837.842127904754, 152, -1.0
29846.05140163627, 101, 1.0
29850.19183469096, 101, 1.0
29854.657271435146, 148, -1.0
29858.123830340955, 35, 1.0
29858.83532618579, 35, -1.0
29866.393058657442, 101, 1.0
29877.97057189179, 154, 1.0
29877.97542676123, 75, 1.0
29892.197241425732, 75, 1.0
29897.11238830671, 101, 1.0
29916.766228443274, 44, 1.0
29921.276972456868, 75, -1.0
29922.390598535105, 75, 1.0
29928.6080916667, 75, 1.0
29928.651068901356, 75, 1.0
29934.401297792687, 152, 1.0
29936.480380122925, 44, -1.0
29952.01406294564, 75, 1.0
29953.57584480815, 154, 1.0
29962.28825399292, 103, 1.0
29972.032674521575, 101, 1.0
29980.708474474333, 44, -1.0
29987.872200643804, 154, 1.0
29989.8408439659, 152, -1.0
29993.221199358206, 148, -1.0
29993.730456490754, 75, 1.0
29994.53017527443, 152, 1.0
30005.414139774974, 152, 1.0
30013.4422524602, 152, -1.0
30018.168507082897, 148, -1.0
30018.416444638304, 154, 1.0
30034.405923940663, 103, 1.0
30039.987726667827, 148, -1.0
30040.35071123782, 103, 1.0
30040.89166009491, 75, 1.0
30042.33177316864, 35, -1.0
30042.763899896403, 75, 1.0
30051.62289316297, 75, 1.0
30053.267797494107, 35, 1.0
30062.749100981706, 44, -1.0
30063.32119188956, 148, 1.0
30064.1300039548, 103, 1.0
30064.450426656476, 152, 1.0
30069.10685246042, 75, 1.0
30072.21063983401, 152, -1.0
30076.09626487567, 101, 1.0
30077.259437992852, 152, -1.0
30098.486003055135, 75, -1.0
30103.733674572322, 101, 1.0
30104.129205647903, 35, -1.0
30109.749086669777, 75, 1.0
30109.88100900392, 154, 1.0
30115.756078381968, 152, -1.0
30116.083540709886, 35, 1.0
30125.160671095025, 75, 1.0
30128.110529637484, 35, 1.0
30134.328941235668, 152, -1.0
30144.785551096684, 35, 1.0
30146.854506887386, 103, 1.0
30163.39144627445, 75, 1.0
30168.610471066564, 35, -1.0
30170.84947797673, 75, -1.0
30171.528508534666, 75, 1.0
30177.12075882589, 152, -1.0
30177.14363873668, 101, 1.0
30183.778736726228, 103, 1.0
30189.038230143527, 103, 1.0
30191.274694105436, 75, 1.0
30194.331688181926, 35, 1.0
30200.685695726814, 35, -1.0
30207.08533028244, 75, 1.0
30212.582850700648, 35, -1.0
30214.619485832645, 101, 1.0
30221.234073433105, 44, -1.0
30222.133997813995, 101, 1.0
30229.33681987487, 75, 1.0
30232.82569255275, 35, -1.0
30254.415291678924, 75, 1.0
30254.589826391573, 75, 1.0
30254.648075441404, 154, 1.0
30260.022435788534, 44, -1.0
30263.518795986503, 101, 1.0
30268.586871900894, 75, 1.0
30270.52588896651, 75, -1.0
30275.52547965436, 103, 1.0
30276.628989882694, 44, -1.0
30276.872737061636, 75, 1.0
30281.773640763717, 35, -1.0
30301.968488911712, 152, 1.0
30302.49866334518, 35, -1.0
30308.06190659494, 35, -1.0
30308.67871561612, 152, -1.0
30309.910710324923, 75, -1.0
30312.30055471869, 152, 1.0
30312.670152111346, 101, 1.0
30314.246185060663, 154, 1.0
30327.019500629474, 75, -1.0
30332.558025144335, 152, -1.0
30332.615150569374, 101, -1.0
30334.200720370747, 35, -1.0
30334.853818584106, 148, -1.0
30336.737210409286, 35, 1.0
30342.400044117818, 103, 1.0
30342.429040785624, 35, -1.0
30348.57741838284, 103, 1.0
30349.146680628233, 35, -1.0
30349.149904487895, 152, 1.0
30349.64676701837, 35, -1.0
30375.136705982237, 148, -1.0
30377.435486014176, 152, -1.0
30381.430987805874, 75, 1.0
30381.50580163015, 152, -1.0
30393.760417126527, 148, -1.0
30395.30961817971, 75, -1.0
30397.362433484635, 101, -1.0
30401.074475841946, 101, -1.0
30405.807634273522, 152, -1.0
30406.328737043063, 75, 1.0
30420.500269610213, 35, 1.0
30424.308721179877, 101, -1.0
30425.787006161074, 154, 1.0
30426.978632189126, 154, 1.0
30432.63899564134, 35, -1.0
30433.28597874114, 103, 1.0
30440.13341814138, 101, -1.0
30448.27365454971, 35, 1.0
30450.229723520963, 44, -1.0
30464.020871691897, 75, 1.0
30464.436148813216, 75, 1.0
30465.75498548546, 154, 1.0
30471.478898825615, 75, -1.0
30480.26960726904, 35, -1.0
30485.217800343977, 154, 1.0
30491.807365763434, 44, -1.0
30492.011298108166, 154, -1.0
30497.992157556713, 148, -1.0
30508.592632046577, 75, 1.0
30510.62130091047, 101, 1.0
30512.03185555128, 101, 1.0
30512.83256385685, 152, -1.0
30514.67984759759, 101, 1.0
30515.168503830933, 75, -1.0
30521.514749439033, 35, -1.0
30524.865560679285, 148, -1.0
30526.102350538673, 35, -1.0
30526.405022682025, 154, -1.0
30530.974158838075, 103, 1.0
30532.47510697147, 152, 1.0
30532.624636828943, 35, 1.0
30534.97261372295, 35, -1.0
30537.39890949476, 148, -1.0
30538.763840466803, 44, -1.0
30553.576732612455, 35, 1.0
30559.01080746544, 75, -1.0
30562.852668186795, 75, 1.0
30570.49612413843, 154, -1.0
30572.162298663206, 35, 1.0
30572.82679320346, 154, -1.0
30574.994672849207, 101, 1.0
30575.26236029221, 75, 1.0
30575.878348932703, 35, -1.0
30579.381050768494, 103, 1.0
30581.37681762805, 35, 1.0
30588.384791139993, 101, 1.0
30590.5144718181, 101, 1.0
30599.047196756535, 75, 1.0
30605.62650530075, 152, -1.0
30628.044907101696, 35, -1.0
30636.40873002973, 75, -1.0
30642.180257804157, 35, -1.0
30645.807546331638, 148, -1.0
30652.453655633904, 75, 1.0
30652.61734738363, 154, -1.0
30652.940406635225, 154, 1.0
30671.42165270954, 75, 1.0
30672.450719877845, 148, -1.0
30676.75072081582, 154, 1.0
30686.78832738886, 44, 1.0
30688.818621456474, 101, 1.0
30689.910973219074, 152, 1.0
30691.804297159004, 154, 1.0
30699.129486294063, 75, 1.0
30700.879176389128, 75, -1.0
30702.310632106855, 35, -1.0
30703.269947001118, 103, 1.0
30705.76094585333, 35, -1.0
30705.894534549738, 35, 1.0
30708.06329419082, 148, 1.0
30711.02005626382, 101, 1.0
30713.90806266124, 152, -1.0
30717.331562899617, 75, 1.0
30725.740603342565, 154, 1.0
30741.3044694142, 152, -1.0
30741.92751648878, 75, 1.0
30744.417344368114, 103, 1.0
30744.942443401043, 75, 1.0
30749.62685009095, 35, -1.0
30759.481783826093, 154, -1.0
30761.4522144428, 75, 1.0
30763.94631401902, 152, -1.0
30764.09280957942, 75, 1.0
30781.003350195115, 75, 1.0
30782.342771590647, 154, 1.0
30783.344019426175, 75, 1.0
30786.06718065656, 35, -1.0
30787.169747374726, 101, 1.0
30794.070209579444, 148, -1.0
30794.710527814652, 75, 1.0
30801.002514894524, 75, 1.0
30814.486236751913, 148, -1.0
30821.11336887206, 35, -1.0
30821.966009948468, 35, -1.0
30834.061796788657, 101, 1.0
30835.730114247213, 103, -1.0
30850.54691787139, 35, 1.0
30851.94048526745, 152, 1.0
30856.271848046486, 152, -1.0
30869.518783687497, 103, 1.0
30875.094474506663, 44, -1.0
30879.200211971944, 75, 1.0
30881.51375208463, 35, -1.0
30884.149255373126, 75, 1.0
30884.908107529594, 154, -1.0
30887.7778184788, 35, -1.0
30902.609493690266, 152, 1.0
30904.293299613742, 152, -1.0
30913.360051252632, 35, -1.0
30919.30959965081, 75, 1.0
30920.370079616507, 148, -1.0
30929.626610378862, 75, 1.0
30935.592689035933, 75, 1.0
30940.20293914858, 75, 1.0
30945.205464951658, 35, 1.0
30945.69347640581, 75, -1.0
30946.588083626935, 154, 1.0
30950.364050657852, 75, 1.0
30953.44412469391, 35, -1.0
30959.45236808498, 44, -1.0
30964.12867457983, 154, 1.0
30964.724216429517, 75, 1.0
30965.286972297403, 75, 1.0
30976.004922915283, 75, 1.0
30982.0634758544, 35, 1.0
30987.695528907047, 152, 1.0
30989.459870772633, 75, 1.0
30991.740750512923, 152, -1.0
30999.2053941771, 154, 1.0
31000.319069287416, 101, -1.0
31001.000035375564, 152, 1.0
31002.6729818834, 154, 1.0
31006.340762187465, 75, 1.0
31007.761812227127, 35, 1.0
31008.209744725933, 148, 1.0
31032.342028642786, 154, 1.0
31034.046181647023, 75, 1.0
31037.624114314098, 154, -1.0
31048.186873415274, 35, -1.0
31055.75195103729, 103, 1.0
31057.81405605598, 101, 1.0
31059.490911676916, 75, 1.0
31060.245334171956, 75, -1.0
31062.248795571664, 154, 1.0
31065.376155853042, 75, 1.0
31066.55072507819, 101, 1.0
31068.783535320443, 75, 1.0
31072.585381840658, 101, -1.0
31074.38370794104, 75, 1.0
31077.86044681354, 101, 1.0
31082.01294667537, 154, 1.0
31109.487855125513, 148, -1.0
31126.454271954775, 75, -1.0
31128.460672950245, 101, -1.0
31130.944116705818, 152, -1.0
31135.01425179689, 75, 1.0
31138.86543187517, 44, -1.0
31146.11038186606, 103, 1.0
31146.726637191234, 101, -1.0
31154.79098818543, 152, -1.0
31156.536003575922, 101, -1.0
31157.169828584334, 35, 1.0
31163.38815629286, 75, -1.0
31169.60623666056, 75, 1.0
31170.96170497503, 154, 1.0
31195.591410096153, 44, 1.0
31198.798512450638, 154, -1.0
31199.594497675484, 75, 1.0
31212.21622191711, 75, -1.0
31218.312531649783, 152, 1.0
31229.783612434065, 101, 1.0
31233.505499958443, 154, 1.0
31235.550408938416, 75, 1.0
31241.913146936622, 148, -1.0
31250.592624359055, 75, -1.0
31270.358196765505, 75, 1.0
31271.53458480063, 75, -1.0
31279.652116794372, 103, 1.0
31281.16898469954, 103, 1.0
31283.40162019847, 75, -1.0
31284.056749370575, 154, -1.0
31302.079788174284, 152, -1.0
31306.98219670383, 101, 1.0
31320.632729496905, 35, 1.0
31326.44110568367, 75, 1.0
31332.7092494202, 154, 1.0
31336.269346642217, 154, 1.0
31350.95020817013, 44, -1.0
31355.528283587286, 101, -1.0
31356.55756915002, 101, 1.0
31357.66425138128, 75, -1.0
31362.100532467768, 75, 1.0
31369.440891544178, 75, 1.0
31370.27899914831, 101, 1.0
31389.803978040658, 75, -1.0
31393.72287747887, 75, 1.0
31409.71205893754, 154, 1.0
31412.049925658743, 75, 1.0
31412.57640427998, 75, 1.0
31417.501127091375, 152, -1.0
31417.690709545714, 101, -1.0
31430.01874703992, 101, 1.0
31437.535855303202, 75, 1.0
31439.05955863715, 101, 1.0
31448.91793948875, 35, -1.0
31450.165633945402, 103, 1.0
31451.64078749301, 101, 1.0
31451.922703022705, 148, -1.0
31459.604687069725, 75, 1.0
31460.06644893842, 101, 1.0
31464.369195637715, 44, -1.0
31476.075963135, 35, -1.0
31477.517750787032, 154, -1.0
31486.43099587551, 152, -1.0
31493.596843288873, 75, 1.0
31494.60806079544, 75, 1.0
31495.384992254723, 75, 1.0
31507.132329793356, 75, 1.0
31508.727650957993, 101, -1.0
31525.01846187311, 75, -1.0
31527.142560146436, 101, 1.0
31528.146101157767, 75, 1.0
31528.346160638364, 152, -1.0
31533.9047011694, 35, 1.0
31535.366862939652, 101, -1.0
31537.2981418103, 152, -1.0
31541.459667530045, 75, 1.0
31542.82353828505, 148, 1.0
31550.76651281493, 103, 1.0
31553.63176754376, 75, -1.0
31567.594391924493, 75, 1.0
31569.908723309545, 148, -1.0
31570.44433686729, 35, -1.0
31571.10012832102, 35, 1.0
31580.29284636845, 35, -1.0
31589.942523233964, 101, -1.0
31593.308822022267, 75, -1.0
31593.50948820951, 35, -1.0
31600.348306595883, 44, -1.0
31605.667002206996, 101, 1.0
31613.97759108416, 101, -1.0
31626.163871003304, 35, 1.0
31626.18614553137, 154, 1.0
31627.564776588755, 35, -1.0
31638.806206104713, 35, -1.0
31641.664636092868, 154, 1.0
31642.70003636198, 154, 1.0
31643.134565716435, 101, 1.0
31645.913566898056, 152, 1.0
31650.455390196752, 152, -1.0
31653.37000990516, 75, 1.0
31658.393703395326, 75, -1.0
31659.50179104971, 75, -1.0
31664.342946026314, 101, -1.0
31670.71430539832, 152, -1.0
31676.902531339005, 44, -1.0
31679.15656800028, 103, -1.0
31686.20459794237, 152, -1.0
31698.143013956353, 35, -1.0
31708.4803580392, 154, 1.0
31714.976339611083, 101, 1.0
31716.710899545073, 44, -1.0
31717.791404282478, 75, 1.0
31726.088926493205, 101, -1.0
31728.92013061193, 152, -1.0
31729.541240933177, 35, -1.0
31736.164573857914, 154, -1.0
31745.37990845083, 101, 1.0
31745.990436690703, 75, 1.0
31747.802349840633, 152, 1.0
31753.261414532408, 154, -1.0
31762.346271480797, 148, -1.0
31765.487133336464, 101, 1.0
31768.569020566403, 75, -1.0
31769.098827064212, 152, -1.0
31777.5851712809, 103, 1.0
31779.287431191384, 103, 1.0
31780.990990839804, 35, -1.0
31788.811250603423, 101, 1.0
31790.782737514848, 101, -1.0
31803.763653462516, 35, -1.0
31822.76185734193, 154, 1.0
31823.044565314525, 75, 1.0
31826.33378273045, 152, 1.0
31829.060236008743, 101, -1.0
31841.266524981333, 154, 1.0
31841.397710385685, 101, 1.0
31844.537141101588, 101, 1.0
31845.13522770379, 148, -1.0
31848.828962064275, 75, 1.0
31850.242929304317, 103, 1.0
31850.396928096758, 148, 1.0
31852.855231081605, 152, -1.0
31855.048090204345, 103, 1.0
31856.029800655044, 152, 1.0
31860.15265971497, 75, 1.0
31868.7265571296, 35, 1.0
31869.416944947414, 148, -1.0
31879.487350800802, 101, -1.0
31880.307754849033, 152, 1.0
31890.825811302064, 152, 1.0
31896.705579681642, 75, 1.0
31900.304520581474, 154, 1.0
31901.532885996276, 154, -1.0
31905.362132738726, 103, 1.0
31914.794511743938, 148, -1.0
31915.710134843197, 101, 1.0
31923.544904474842, 75, -1.0
31932.59783439766, 44, -1.0
31943.222548042708, 75, 1.0
31948.31758624013, 152, -1.0
31955.27298890098, 101, -1.0
31961.645394008465, 148, -1.0
31979.465694694372, 75, 1.0
31985.093119405872, 152, -1.0
31986.37660832043, 103, -1.0
31999.240151067854, 35, -1.0
32003.298877650042, 75, 1.0
32007.081361930166, 75, 1.0
32012.87132079884, 152, -1.0
32026.683645470406, 101, 1.0
32029.341078928675, 154, 1.0
32030.662944594445, 152, -1.0
32030.701175657596, 152, -1.0
32041.16961161942, 101, 1.0
32045.673989917937, 154, -1.0
32050.237298005653, 152, -1.0
32061.206332453843, 154, -1.0
32064.226601439364, 154, 1.0
32065.8214009326, 35, -1.0
32069.471270359438, 35, -1.0
32073.47112500313, 101, 1.0
32079.82726349383, 75, 1.0
32085.432235667802, 103, -1.0
32087.684679249272, 152, 1.0
32094.238082906264, 101, 1.0
32094.464552283567, 154, -1.0
32097.63157977781, 152, -1.0
32104.745626498603, 101, -1.0
32117.74941126965, 152, -1.0
32121.755143773484, 75, 1.0
32123.353192117567, 75, 1.0
32128.094715134917, 75, -1.0
32134.506595939052, 75, 1.0
32149.76723592648, 75, -1.0
32151.441023726187, 154, 1.0
32157.536153786907, 75, -1.0
32160.818066487675, 35, 1.0
32163.752397357333, 101, 1.0
32165.738616117163, 101, 1.0
32170.176186064633, 148, -1.0
32173.581394179047, 152, 1.0
32177.256854679243, 35, -1.0
32178.654585058797, 75, 1.0
32183.790141452813, 152, -1.0
32187.885921465022, 101, -1.0
32190.03346560841, 44, -1.0
32194.997630015598, 75, -1.0
32196.647326530394, 148, -1.0
32198.268613460794, 101, 1.0
32206.060060145275, 75, 1.0
32210.21938273452, 154, 1.0
32217.466844527884, 101, 1.0
32219.782411011314, 103, 1.0
32224.489383257227, 152, -1.0
32229.757433589933, 152, -1.0
32230.34022549024, 75, -1.0
32232.520731778364, 35, 1.0
32233.997925673404, 35, 1.0
32238.21229009889, 44, -1.0
32245.462257763724, 75, 1.0
32248.4583452726, 75, 1.0
32250.448747064125, 103, 1.0
32258.140243109887, 103, 1.0
32260.937312353457, 152, -1.0
32263.54917738758, 75, 1.0
32265.353226521678, 152, -1.0
32270.01804009499, 75, 1.0
32273.46264323456, 35, -1.0
32274.247216366322, 148, -1.0
32275.424378243602, 35, -1.0
32279.19036784937, 75, 1.0
32287.276692396634, 75, 1.0
32291.685231891417, 154, -1.0
32294.589551996985, 154, 1.0
32295.2337291099, 75, 1.0
32298.269911305062, 35, -1.0
32303.634034991195, 103, 1.0
32317.176266085145, 101, 1.0
32321.06109977514, 35, -1.0
32325.576870312856, 152, -1.0
32326.46957477687, 152, -1.0
32331.71519505528, 35, -1.0
32340.969773605906, 152, 1.0
32342.327394307915, 75, -1.0
32370.103622574083, 101, -1.0
32380.01614804655, 148, -1.0
32382.205374305035, 148, -1.0
32382.45538224784, 35, 1.0
32382.917753557038, 154, -1.0
32388.659288554198, 101, 1.0
32390.24869758051, 35, -1.0
32393.917363135923, 35, 1.0
32394.00472257004, 148, -1.0
32397.065229793778, 148, 1.0
32400.925766435583, 148, 1.0
32402.106658838, 152, 1.0
32409.934629179104, 75, -1.0
32411.72698263943, 35, -1.0
32413.93172769911, 148, -1.0
32416.296156679553, 103, -1.0
32417.587564977624, 101, -1.0
32431.82272291642, 154, 1.0
32434.257465721872, 44, -1.0
32436.318873881177, 35, 1.0
32453.71287769726, 152, -1.0
32464.846729599736, 101, -1.0
32468.50180845507, 35, -1.0
32471.579173872018, 148, -1.0
32481.42247253675, 103, -1.0
32482.40069177004, 75, 1.0
32489.41210815557, 148, 1.0
32508.73398621737, 75, 1.0
32510.274618222316, 101, -1.0
32513.981697632622, 103, 1.0
32523.01335200426, 152, -1.0
32536.215927179284, 35, -1.0
32538.57072609169, 75, -1.0
32542.72213792726, 35, -1.0
32555.74699712046, 75, 1.0
32557.130943710123, 101, 1.0
32558.93654234207, 35, -1.0
32559.0461219112, 75, -1.0
32561.956960326275, 44, -1.0
32582.641300381907, 154, -1.0
32583.438046020623, 44, 1.0
32603.50404378364, 152, 1.0
32608.392633622912, 35, -1.0
32609.349109939765, 35, 1.0
32612.41595925935, 154, 1.0
32618.283034320484, 75, -1.0
32619.197575034294, 148, -1.0
32633.93990189878, 154, 1.0
32636.477050846108, 75, -1.0
32644.599954664976, 35, 1.0
32644.83590791405, 101, -1.0
32647.96188571062, 103, -1.0
32649.32740275312, 75, -1.0
32659.46429283469, 75, -1.0
32659.765035424483, 35, -1.0
32661.013628425855, 35, 1.0
32667.154523085643, 75, 1.0
32669.954031985766, 35, -1.0
32674.83298578619, 75, -1.0
32677.254039536874, 154, -1.0
32685.44071208835, 152, -1.0
32688.43920545336, 75, 1.0
32688.70521037168, 44, 1.0
32692.30356500652, 103, -1.0
32697.19191641269, 35, 1.0
32697.919241257983, 44, -1.0
32703.118749707406, 35, -1.0
32703.821526853895, 75, 1.0
32711.265543852664, 148, -1.0
32711.689844871376, 101, -1.0
32720.744465397576, 152, -1.0
32724.074450144122, 35, -1.0
32724.368618570436, 35, -1.0
32726.500579536023, 44, 1.0
32744.013610880505, 148, -1.0
32748.847915716484, 152, 1.0
32759.330983767108, 75, -1.0
32763.91874668883, 152, -1.0
32771.088593171095, 75, 1.0
32772.07693444537, 75, -1.0
32782.54370753388, 35, 1.0
32783.9417587227, 35, -1.0
32790.1915479511, 35, 1.0
32792.09536162027, 35, -1.0
32798.35227357431, 101, 1.0
32801.13969965551, 101, 1.0
32809.10206630167, 75, 1.0
32811.14133039895, 152, -1.0
32812.45096184397, 152, 1.0
32814.6901397282, 154, 1.0
32817.08524468615, 103, 1.0
32817.75146871256, 35, -1.0
32827.44230844399, 75, 1.0
32833.613304287916, 101, 1.0
32834.31199728869, 101, 1.0
32845.01209554409, 35, -1.0
32852.09019936796, 103, 1.0
32854.06447760446, 75, 1.0
32865.771725292056, 103, 1.0
32877.64956996775, 148, 1.0
32882.33094043182, 35, -1.0
32887.53865870513, 75, 1.0
32889.69719971458, 35, -1.0
32897.182750661435, 152, -1.0
32899.28863167249, 103, 1.0
32910.38262944324, 35, 1.0
32918.751278030155, 148, -1.0
32928.550020098206, 75, 1.0
32948.95378998512, 154, 1.0
32953.34856940639, 148, -1.0
32954.96633894486, 75, -1.0
32956.451109102076, 152, 1.0
32958.45957555091, 148, -1.0
32966.848379960866, 35, -1.0
32969.85310412985, 154, -1.0
32970.94255597088, 101, 1.0
32972.411901038606, 101, 1.0
32974.504602297224, 35, 1.0
32977.12165133761, 148, 1.0
32977.50671516761, 35, 1.0
32979.422408217666, 44, -1.0
32988.56182445731, 101, 1.0
32997.88810286734, 152, 1.0
33008.85802558176, 101, 1.0
33012.37653352783, 103, 1.0
33012.37898332568, 148, -1.0
33018.83016278685, 44, -1.0
33027.59768492053, 154, 1.0
33028.52560884656, 35, -1.0
33030.58500954774, 44, 1.0
33031.330654753365, 35, -1.0
33032.219779622545, 152, -1.0
33032.604746090605, 75, -1.0
33035.84281882767, 154, 1.0
33042.770092492494, 75, 1.0
33045.612677194564, 154, -1.0
33052.626389514575, 148, -1.0
33057.91270738579, 35, -1.0
33061.88819496934, 75, 1.0
33070.35859151847, 35, -1.0
33071.8001174782, 75, 1.0
33073.719595228366, 75, -1.0
33077.87254623332, 44, -1.0
33078.75183193089, 35, 1.0
33081.9429137435, 75, -1.0
33085.534380010125, 148, -1.0
33087.84305617695, 35, -1.0
33088.37028315651, 103, 1.0
33091.58921808199, 152, -1.0
33100.01494780345, 35, -1.0
33101.0095307134, 35, -1.0
33103.18649731149, 154, 1.0
33104.797976725684, 75, 1.0
33109.03166884614, 103, 1.0
33109.633944766385, 154, -1.0
33115.37871312359, 148, 1.0
33120.64341420866, 148, 1.0
33122.613956244175, 154, -1.0
33136.63441173069, 148, 1.0
33139.14664978478, 35, 1.0
33156.65363142804, 35, 1.0
33160.187852667164, 75, -1.0
33160.22090914124, 148, -1.0
33165.406487884815, 103, -1.0
33168.5898870929, 154, -1.0
33169.781705469264, 35, -1.0
33178.36846567782, 44, -1.0
33181.08294638664, 103, 1.0
33183.11409255142, 148, -1.0
33186.77530140753, 103, -1.0
33191.28334473247, 148, -1.0
33201.824026594106, 152, 1.0
33210.926875218065, 154, -1.0
33212.64678989974, 152, 1.0
33220.1619118527, 101, 1.0
33221.00204041627, 152, 1.0
33225.74590075315, 44, 1.0
33225.80573354929, 154, 1.0
33230.27665091578, 148, 1.0
33239.08086684348, 75, 1.0
33245.9180871319, 44, -1.0
33246.212178903486, 35, 1.0
33246.3508589573, 152, 1.0
33249.451051008175, 154, 1.0
33251.21285535794, 44, -1.0
33251.49074524239, 35, 1.0
33255.68404874851, 103, -1.0
33261.52724698797, 148, 1.0
33271.98067638696, 154, 1.0
33276.94026766931, 75, -1.0
33280.992338356074, 148, -1.0
33281.523969134665, 103, 1.0
33288.12725759083, 101, 1.0
33289.40787254608, 75, 1.0
33289.411692648915, 101, 1.0
33302.4615294306, 148, 1.0
33303.22069516232, 75, 1.0
33315.656870491584, 75, 1.0
33319.30533120736, 101, -1.0
33322.06250254905, 101, 1.0
33329.18436704783, 75, 1.0
33332.26714634809, 75, 1.0
33333.695642655, 35, 1.0
33348.504113647425, 154, -1.0
33352.455324411894, 75, 1.0
33356.21860223074, 101, 1.0
33356.73917775003, 103, -1.0
33361.78782498362, 75, 1.0
33364.88966756063, 35, -1.0
33365.024459421904, 101, -1.0
33372.3586621529, 103, -1.0
33377.1031433855, 154, -1.0
33385.86796423439, 75, -1.0
33401.26589209774, 44, -1.0
33402.578534187625, 103, 1.0
33404.53224278873, 152, 1.0
33408.16857817164, 152, -1.0
33418.45014996373, 75, 1.0
33419.04643326648, 103, 1.0
33428.35910073886, 103, -1.0
33434.98311348304, 152, 1.0
33438.540838276895, 75, 1.0
33447.022936087145, 154, -1.0
33459.76378267118, 101, -1.0
33459.86148425645, 152, 1.0
33462.159192989326, 75, 1.0
33468.44946170899, 154, 1.0
33470.67117654231, 35, 1.0
33473.18490788112, 75, 1.0
33480.736243762854, 35, -1.0
33481.09407901874, 44, -1.0
33484.49336998927, 75, -1.0
33486.07036176993, 75, 1.0
33486.54981359379, 101, -1.0
33490.52440392884, 75, -1.0
33497.73131865471, 35, 1.0
33508.19942243008, 101, 1.0
33519.4923670288, 152, -1.0
33519.51637184707, 35, -1.0
33526.69842752001, 101, -1.0
33534.98085721601, 152, -1.0
33540.73116827806, 152, -1.0
33541.66048036355, 101, 1.0
33559.004696846256, 154, 1.0
33565.85556461957, 35, 1.0
33567.37763073453, 101, -1.0
33571.658967815296, 75, 1.0
33584.91686868068, 154, -1.0
33603.76847009624, 35, -1.0
33604.2150208679, 154, 1.0
33607.582955621256, 35, 1.0
33609.215687271775, 103, -1.0
33609.80116003813, 101, -1.0
33617.67087331346, 75, -1.0
33621.60825712502, 101, -1.0
33623.865392424836, 75, -1.0
33624.59385386005, 154, 1.0
33632.59991717092, 154, 1.0
33635.48857048007, 103, 1.0
33635.85340384536, 103, -1.0
33641.309181865996, 148, -1.0
33643.3138819138, 152, 1.0
33646.573661359085, 148, -1.0
33646.7591039671, 154, 1.0
33647.356402643025, 75, 1.0
33649.59844359832, 35, -1.0
33652.944307774436, 35, 1.0
33654.10780952867, 101, 1.0
33656.2416522864, 101, 1.0
33660.14293313174, 75, 1.0
33663.726495104354, 103, -1.0
33664.410773771255, 35, -1.0
33665.81384088405, 75, 1.0
33679.39331008312, 75, 1.0
33680.403441989954, 35, 1.0
33685.284570718344, 44, -1.0
33699.85543061507, 75, 1.0
33706.35157409033, 75, 1.0
33712.38645940949, 75, -1.0
33717.095129024994, 35, -1.0
33718.66687235287, 101, 1.0
33721.49077243086, 75, 1.0
33722.20511847985, 75, 1.0
33727.6109831251, 103, 1.0
33739.84561635007, 75, -1.0
33741.03559376963, 154, -1.0
33745.70698051006, 35, 1.0
33747.16777326634, 148, -1.0
33748.74400734269, 44, -1.0
33760.38509667755, 152, 1.0
33771.04718160229, 103, 1.0
33773.75770276141, 148, -1.0
33777.48272862223, 152, 1.0
33778.15312772496, 103, -1.0
33790.36571000748, 152, -1.0
33791.488885986204, 75, -1.0
33791.820194209955, 35, 1.0
33802.90419307609, 152, 1.0
33806.37736730327, 35, -1.0
33810.69838834262, 75, -1.0
33812.0925387769, 101, -1.0
33812.15574754482, 44, -1.0
33817.651085972495, 75, 1.0
33818.57451226906, 152, 1.0
33821.791821729756, 101, 1.0
33823.860166207305, 154, 1.0
33829.40688791151, 103, 1.0
33834.989333981815, 75, -1.0
33845.99192161444, 148, -1.0
33847.766757744255, 44, -1.0
33847.890452252395, 103, -1.0
33849.852341047204, 75, 1.0
33851.91121882724, 148, 1.0
33858.63249181543, 101, -1.0
33868.08075737993, 75, 1.0
33870.67490404208, 75, 1.0
33876.4325876339, 101, -1.0
33878.256906535724, 75, -1.0
33879.90571093463, 154, -1.0
33887.3509900758, 75, -1.0
33892.67739225382, 103, 1.0
33897.05167218585, 35, -1.0
33897.79184981546, 152, 1.0
33912.59403803832, 35, 1.0
33915.97177749349, 152, -1.0
33916.09124527948, 101, 1.0
33916.771422172395, 75, -1.0
33917.94030438888, 154, -1.0
33919.76521494091, 101, 1.0
33928.565248139086, 35, -1.0
33931.391907644414, 103, -1.0
33931.47993392112, 103, -1.0
33936.46347456221, 152, -1.0
33938.71294534177, 154, -1.0
33940.85546970629, 35, -1.0
33940.90347698224, 35, 1.0
33943.921501942204, 75, 1.0
33971.27839496602, 103, 1.0
33973.53848763759, 154, -1.0
33974.026100776726, 75, -1.0
33975.5657374081, 103, 1.0
33976.55399346067, 75, -1.0
33981.35698000516, 103, 1.0
33982.37364524704, 35, -1.0
33983.37508086681, 35, -1.0
33997.66401791515, 154, 1.0
33998.29762683797, 101, 1.0
34002.63540501661, 35, 1.0
34003.68874617694, 44, -1.0
34004.225710987645, 152, -1.0
34014.56748054167, 35, -1.0
34014.72540277007, 103, 1.0
34020.93918294976, 35, 1.0
34022.85860961879, 35, -1.0
34025.503983507704, 75, 1.0
34038.56591810121, 148, -1.0
34049.54154300473, 75, -1.0
34049.881425525455, 44, -1.0
34055.25727712537, 148, 1.0
34055.81865053878, 35, -1.0
34058.634643883386, 35, -1.0
34059.237501076685, 152, 1.0
34064.538368236135, 103, -1.0
34070.68287420724, 44, -1.0
34073.74025713876, 148, -1.0
34073.97528563594, 75, -1.0
34079.754082691434, 152, 1.0
34083.714407496285, 152, -1.0
34087.084640834575, 148, -1.0
34088.288532550294, 35, 1.0
34091.13579142852, 148, 1.0
34104.617524852314, 35, 1.0
34112.26251342937, 35, -1.0
34112.39559317953, 103, 1.0
34117.2475116814, 75, 1.0
34119.215914917884, 154, 1.0
34123.976481716345, 154, 1.0
34125.03095788453, 35, 1.0
34126.527714502976, 75, 1.0
34131.09826010003, 103, -1.0
34133.64490123979, 75, -1.0
34135.11812929582, 35, -1.0
34135.27243188654, 101, -1.0
34162.23017203205, 35, -1.0
34163.69793646919, 35, 1.0
34177.89248805718, 35, 1.0
34181.57480252396, 101, 1.0
34183.8398902004, 103, 1.0
34185.31301460176, 35, -1.0
34196.86525966678, 35, -1.0
34214.562154005864, 101, -1.0
34217.12489801863, 152, -1.0
34221.18480541807, 35, 1.0
34241.57293210423, 75, 1.0
34257.39519673672, 75, -1.0
34263.04823979089, 101, -1.0
34268.70612384719, 148, -1.0
34269.485240247996, 154, 1.0
34269.97325899233, 148, 1.0
34270.26114625019, 101, 1.0
34275.7595650455, 152, -1.0
34279.32963516527, 35, -1.0
34283.44772994787, 35, 1.0
34287.47345413009, 101, 1.0
34287.71698298793, 35, -1.0
34288.401874609255, 152, 1.0
34299.1984277415, 75, 1.0
34300.723679202, 103, 1.0
34302.24253201275, 75, 1.0
34302.32545629563, 103, 1.0
34306.920389211504, 101, 1.0
34311.98703737314, 103, 1.0
34316.76274441567, 35, -1.0
34329.034629868846, 35, 1.0
34329.30668102742, 101, 1.0
34330.878731916564, 148, 1.0
34332.28941829149, 148, -1.0
34334.97038371659, 35, 1.0
34338.86572158203, 101, -1.0
34339.86566865866, 152, 1.0
34341.38575834968, 44, -1.0
34343.61216627734, 75, -1.0
34356.53414574634, 44, -1.0
34368.044505499, 148, -1.0
34368.79224074031, 75, 1.0
34371.06804088347, 148, -1.0
34376.38265292191, 35, 1.0
34376.98687885121, 103, 1.0
34382.65386474836, 75, -1.0
34383.23481238684, 44, 1.0
34386.6407666553, 35, -1.0
34387.64326566757, 35, 1.0
34388.43883715414, 103, -1.0
34398.3879784142, 35, -1.0
34402.19629021162, 75, -1.0
34402.70504874283, 103, 1.0
34404.95553049514, 152, 1.0
34405.953480220116, 152, 1.0
34408.819077904234, 148, -1.0
34412.00344245083, 35, -1.0
34412.824556575855, 152, -1.0
34421.32569070558, 75, 1.0
34428.378922497934, 152, 1.0
34435.46539063549, 101, 1.0
34438.69895672312, 75, 1.0
34440.37963044632, 101, -1.0
34442.525365001056, 44, -1.0
34450.02583228191, 101, 1.0
34451.56205508952, 103, 1.0
34471.230440720356, 103, -1.0
34472.402079597334, 35, 1.0
34489.765811178506, 154, 1.0
34499.039872627625, 35, -1.0
34518.18732608644, 75, 1.0
34526.59362592374, 152, 1.0
34527.691384177924, 75, -1.0
34534.1070140833, 35, 1.0
34536.40446576787, 75, -1.0
34542.70733183087, 103, 1.0
34545.41806506311, 152, 1.0
34552.26583751339, 101, -1.0
34552.89160820164, 35, -1.0
34558.51709254382, 101, -1.0
34564.192436577054, 35, -1.0
34567.07807763052, 44, 1.0
34580.68935027231, 75, 1.0
34595.711118378225, 35, 1.0
34596.91617731656, 154, 1.0
34609.355660313726, 148, -1.0
34610.60947057771, 152, -1.0
34614.15594544367, 35, 1.0
34616.74654643627, 101, -1.0
34622.39956368951, 101, -1.0
34623.399958942835, 35, -1.0
34625.17980351814, 75, 1.0
34625.65124226913, 44, -1.0
34630.77033829389, 148, 1.0
34632.01534179058, 35, -1.0
34632.144321004285, 154, 1.0
34632.52712721296, 154, 1.0
34635.52967810346, 35, -1.0
34640.24548588142, 148, 1.0
34645.124113344435, 101, -1.0
34654.519575392325, 103, -1.0
34657.476593382016, 154, 1.0
34658.60172179451, 75, -1.0
34660.19904298468, 154, 1.0
34663.54175978923, 75, 1.0
34667.202444674454, 44, 1.0
34670.57715668034, 148, 1.0
34682.00154268735, 75, -1.0
34693.41914504912, 75, -1.0
34694.664500371815, 148, -1.0
34710.07270634656, 101, 1.0
34712.194772878625, 154, 1.0
34714.56826813468, 154, -1.0
34715.44358666559, 35, -1.0
34721.53163278572, 35, -1.0
34724.42513713292, 44, -1.0
34728.55686978962, 75, -1.0
34729.09994914296, 103, 1.0
34746.03572840116, 148, -1.0
34751.42099198537, 75, 1.0
34756.210765055956, 103, 1.0
34758.51163822584, 101, -1.0
34760.1419617471, 75, -1.0
34767.56753732683, 101, 1.0
34770.99440919234, 35, -1.0
34771.248642574115, 101, 1.0
34773.266209650414, 148, -1.0
34779.24053879007, 75, 1.0
34784.94094478463, 148, 1.0
34785.91092747957, 35, -1.0
34790.4457190897, 154, 1.0
34798.373859821884, 103, -1.0
34799.74287217227, 101, -1.0
34800.80364601191, 75, -1.0
34805.60161924748, 75, 1.0
34811.31566335876, 35, 1.0
34813.980462464955, 35, 1.0
34819.03372193851, 148, -1.0
34819.506704971085, 44, -1.0
34831.77655070726, 101, 1.0
34832.31139213691, 44, -1.0
34834.88066221938, 152, 1.0
34836.4224475185, 75, -1.0
34843.09784109132, 35, -1.0
34848.602455686436, 75, 1.0
34858.02837749494, 101, -1.0
34859.33835309674, 35, 1.0
34875.893788973204, 152, -1.0
34878.84597888052, 103, -1.0
34885.08922310631, 103, 1.0
34886.17033511406, 35, 1.0
34888.479621606435, 152, 1.0
34893.86196066893, 154, 1.0
34900.43069516617, 44, -1.0
34906.39690101626, 35, 1.0
34907.51478487586, 75, 1.0
34916.362380482096, 75, 1.0
34921.2640411263, 75, 1.0
34942.470855504886, 103, 1.0
34944.191112549684, 44, -1.0
34951.317061887836, 103, -1.0
34955.85157848166, 75, 1.0
34956.38031519466, 75, -1.0
34956.438620665125, 154, 1.0
34956.88777068423, 152, -1.0
34959.58941994964, 152, 1.0
34964.62220667165, 103, 1.0
34971.88768622726, 35, -1.0
34973.18354404638, 152, -1.0
34990.80060837798, 75, 1.0
34998.041546896646, 44, -1.0
35001.198641548195, 75, 1.0
35010.11349179064, 148, -1.0
35011.832840815056, 101, -1.0
35019.78026439303, 154, 1.0
35020.0843611437, 152, -1.0
35020.59225254608, 152, 1.0
35025.686107589136, 75, 1.0
35026.448593902096, 148, 1.0
35030.665575326115, 35, 1.0
35036.499816068696, 152, 1.0
35045.51852689966, 103, 1.0
35051.35361150487, 148, -1.0
35054.349412588956, 152, -1.0
35054.647679108995, 103, -1.0
35056.282218610824, 103, 1.0
35059.302365562035, 148, -1.0
35069.5007581425, 44, -1.0
35070.378060150746, 44, -1.0
35071.8338823882, 148, 1.0
35089.43853673754, 154, 1.0
35103.41780041623, 75, 1.0
35103.98405562067, 75, -1.0
35120.71958860035, 148, -1.0
35121.955567894205, 35, 1.0
35121.9819490359, 75, -1.0
35124.02683514108, 101, -1.0
35132.506611832214, 75, 1.0
35133.78152753163, 44, 1.0
35150.63038317741, 103, 1.0
35154.537058849346, 35, -1.0
35155.329461558395, 152, -1.0
35158.929540841724, 35, -1.0
35161.17505457273, 154, -1.0
35168.92721624781, 35, 1.0
35169.532096556046, 101, -1.0
35172.3234593503, 152, 1.0
35173.36766415735, 101, 1.0
35181.266940276, 35, -1.0
35185.87602848827, 35, -1.0
35187.493157630415, 75, 1.0
35193.14492966063, 35, -1.0
35193.17334414717, 154, 1.0
35193.47626436132, 148, -1.0
35198.51152053522, 75, -1.0
35200.30443002735, 75, 1.0
35205.44271045233, 101, -1.0
35206.350767810705, 101, 1.0
35217.361268391745, 152, 1.0
35218.61915067158, 75, 1.0
35219.09231858171, 44, -1.0
35221.6660339655, 103, 1.0
35227.75226338692, 35, 1.0
35227.98000228499, 44, -1.0
35230.28859317081, 75, -1.0
35235.42342402608, 75, -1.0
35260.47080468825, 75, 1.0
35262.54561134126, 148, -1.0
35263.71069579238, 152, 1.0
35269.863520354724, 44, 1.0
35284.036443791716, 35, 1.0
35288.65971053548, 148, -1.0
35295.6208078112, 35, -1.0
35296.8536905096, 152, -1.0
35297.27659343143, 103, 1.0
35297.56395152738, 75, -1.0
35305.7586921153, 75, 1.0
35305.90559941233, 148, -1.0
35306.71462445163, 44, -1.0
35306.72270432194, 103, 1.0
35312.1075719704, 154, 1.0
35333.881599187676, 44, -1.0
35338.8352439695, 101, 1.0
35356.31567369812, 154, -1.0
35364.012417138256, 44, -1.0
35366.52125106433, 101, -1.0
35371.56122037835, 75, 1.0
35379.93713139841, 101, 1.0
35381.70965981196, 35, -1.0
35388.972191597495, 44, -1.0
35392.04100922241, 35, -1.0
35393.20618043463, 154, 1.0
35402.31593332166, 148, -1.0
35403.31579297785, 103, -1.0
35408.12380218518, 75, -1.0
35421.793116665205, 75, 1.0
35422.55750504186, 103, 1.0
35426.348663811776, 75, -1.0
35435.823927809986, 35, -1.0
35436.711395464736, 75, -1.0
35436.75821651841, 75, 1.0
35437.70836745805, 75, -1.0
35442.78595321296, 103, 1.0
35448.67994205894, 154, -1.0
35449.7957144791, 35, -1.0
35450.154300255665, 148, -1.0
35456.50827364685, 103, -1.0
35462.43114189932, 35, -1.0
35471.89234621311, 152, -1.0
35472.94945166571, 152, -1.0
35478.56740020595, 148, -1.0
35484.631745672865, 35, 1.0
35486.71622019827, 152, -1.0
35489.03662022979, 101, -1.0
35490.03633540682, 75, 1.0
35511.39554821003, 75, 1.0
35513.42157854834, 152, -1.0
35515.29024063695, 75, -1.0
35515.596546954795, 148, -1.0
35517.390704025594, 44, -1.0
35524.1462968484, 35, -1.0
35536.019490299834, 154, -1.0
35537.953512177904, 148, -1.0
35539.978418149214, 101, 1.0
35561.592298171934, 44, -1.0
35562.73789954121, 152, -1.0
35565.037205257875, 103, 1.0
35565.4868768546, 35, 1.0
35571.94632490675, 103, -1.0
35577.22014201363, 152, -1.0
35577.801720954456, 44, 1.0
35580.1856455109, 152, 1.0
35587.20737554239, 154, 1.0
35587.42483182577, 152, 1.0
35605.85248112261, 35, 1.0
35609.53951364304, 75, -1.0
35616.0100921072, 35, 1.0
35617.41476691074, 35, -1.0
35628.840179156534, 75, -1.0
35636.41314622841, 75, -1.0
35642.64553519359, 75, 1.0
35643.73791425852, 154, 1.0
35649.37396698252, 148, -1.0
35656.315056891595, 75, -1.0
35659.84029514762, 75, -1.0
35660.5065497742, 35, 1.0
35664.91074086083, 101, 1.0
35674.93800173524, 75, 1.0
35677.74287410428, 44, 1.0
35679.49807740806, 103, 1.0
35690.20451731718, 154, 1.0
35700.03168106289, 44, 1.0
35709.36000375579, 75, -1.0
35711.18665562338, 35, 1.0
35713.18484988269, 75, 1.0
35714.58075834655, 103, -1.0
35716.14768819233, 44, -1.0
35720.43341182981, 154, 1.0
35720.521572587684, 154, 1.0
35723.1923543084, 152, 1.0
35723.373900540086, 101, -1.0
35731.95059180597, 152, 1.0
35735.40555681781, 75, 1.0
35735.56543092728, 35, -1.0
35746.018476786645, 44, 1.0
35749.78596108393, 148, -1.0
35757.54362863708, 103, -1.0
35757.63601030462, 75, 1.0
35758.274254088195, 35, -1.0
35763.154593946645, 148, 1.0
35768.52956941085, 152, 1.0
35772.296375809216, 75, 1.0
35773.88641858543, 75, 1.0
35785.51092405223, 101, -1.0
35786.508060332824, 152, 1.0
35789.13168988026, 35, 1.0
35793.74237638799, 75, -1.0
35794.33545353784, 75, -1.0
35797.84763315233, 154, 1.0
35804.82615916281, 103, -1.0
35807.97070120766, 154, 1.0
35809.51463713552, 75, 1.0
35823.326586211326, 44, -1.0
35832.440817666895, 152, -1.0
35842.271707087966, 152, 1.0
35851.506339960426, 75, -1.0
35855.419761235746, 44, -1.0
35857.312936502494, 148, -1.0
35860.26671435847, 103, -1.0
35873.81449229648, 75, 1.0
35879.70532297482, 35, -1.0
35882.717220853665, 44, -1.0
35884.11693090725, 44, -1.0
35886.57460263094, 35, 1.0
35887.062128691985, 154, -1.0
35888.80674815607, 101, 1.0
35892.79538198568, 154, 1.0
35897.52891863068, 35, -1.0
35905.907620279555, 75, 1.0
35910.72884105365, 154, 1.0
35913.34077984213, 35, -1.0
35916.13549723101, 103, -1.0
35918.12401154001, 75, -1.0
35918.743681605985, 101, -1.0
35922.14003995497, 75, 1.0
35922.18333290283, 154, -1.0
35924.61328538312, 75, 1.0
35926.35297888641, 152, -1.0
35926.38620425647, 75, -1.0
35933.772196193204, 152, 1.0
35936.48284961817, 103, -1.0
35941.76268053708, 152, -1.0
35941.82503321691, 35, 1.0
35942.09520208963, 35, 1.0
35945.33014269265, 152, -1.0
35950.25517111328, 152, -1.0
35953.436283826166, 152, -1.0
35956.0700006128, 154, 1.0
35956.781610390455, 75, -1.0
35959.875025646725, 154, 1.0
35961.664255870906, 35, -1.0
35979.95996581235, 75, 1.0
35982.267916027544, 148, -1.0
35984.36687386367, 44, -1.0
35984.59114597163, 101, -1.0
35998.041408002544, 75, 1.0
