21614.429819985882, 152, -1.0
21615.91216141756, 35, 1.0
21631.177508422545, 103, 1.0
21632.52257575586, 35, -1.0
21637.669526213667, 154, 1.0
21644.117789849435, 75, 1.0
21652.594893333226, 75, 1.0
21654.956801260527, 148, -1.0
21659.03416922561, 35, -1.0
21674.20589597578, 44, -1.0
21680.206706963443, 35, -1.0
21681.289556391348, 103, 1.0
21685.38070568906, 152, -1.0
21688.037360980645, 35, -1.0
21690.623486957957, 101, 1.0
21690.933171906137, 35, -1.0
21708.71499537095, 44, -1.0
21708.76675914039, 101, 1.0
21710.002337400118, 103, 1.0
21710.65041187007, 75, -1.0
21712.947453918063, 75, 1.0
21716.424322681225, 148, -1.0
21727.106864888592, 154, 1.0
21733.94718413197, 103, 1.0
21733.981691106324, 103, 1.0
21734.002868485255, 35, -1.0
21734.861888234067, 103, 1.0
21743.347748034863, 35, -1.0
21747.783384183673, 148, -1.0
21750.69608608339, 103, 1.0
21762.50200916149, 148, -1.0
21771.70147419433, 35, 1.0
21774.231419815977, 148, -1.0
21777.366208314408, 44, -1.0
21781.41622200922, 148, -1.0
21784.96061922025, 35, -1.0
21786.19860943837, 44, -1.0
21790.1766027341, 44, -1.0
21791.92797312008, 103, 1.0
21792.724748042063, 154, 1.0
21798.307925394558, 103, 1.0
21799.537092392682, 75, 1.0
21804.87883761706, 103, 1.0
21805.174771205802, 101, -1.0
21806.54167107899, 103, 1.0
21807.435224644607, 103, 1.0
21808.20449833929, 103, 1.0
21809.25776510686, 101, 1.0
21809.386287515335, 148, -1.0
21831.13457604101, 103, 1.0
21837.760157709254, 75, 1.0
21837.813944911868, 103, 1.0
21841.125846750827, 103, 1.0
21843.962801532387, 103, 1.0
21852.551663286562, 75, 1.0
21855.43083526605, 103, 1.0
21857.769590787495, 148, -1.0
21861.016755552733, 154, 1.0
21865.989491872962, 103, 1.0
21868.620545409576, 103, 1.0
21868.69687199702, 101, 1.0
21870.391204866733, 103, -1.0
21873.196138417316, 148, 1.0
21875.091820095095, 75, -1.0
21881.26168111002, 148, -1.0
21887.194459012077, 44, -1.0
21891.31208106787, 152, -1.0
21892.163845134823, 35, -1.0
21899.71952975626, 103, 1.0
21901.48029812681, 148, -1.0
21902.976148201, 148, -1.0
21916.44185324225, 154, 1.0
21917.859646309393, 152, -1.0
21924.233464546625, 154, 1.0
21941.346170455174, 35, -1.0
21945.153557829726, 148, -1.0
21945.527613115086, 103, 1.0
21950.13402931434, 75, 1.0
21951.477967307936, 152, -1.0
21956.301698769614, 154, 1.0
21956.590540384484, 103, 1.0
21960.412477070233, 101, 1.0
21964.501481779334, 103, 1.0
21965.52270049062, 148, -1.0
21986.322226667682, 44, -1.0
22003.15334490966, 44, -1.0
22004.223634053236, 35, -1.0
22004.377589270127, 103, 1.0
22011.719280657897, 101, 1.0
22014.516546232768, 101, 1.0
22016.355160057545, 152, -1.0
22019.885588825375, 35, -1.0
22026.455405607085, 148, -1.0
22027.36050352675, 35, -1.0
22046.744671167056, 75, 1.0
22049.14951025639, 148, -1.0
22053.738892421345, 35, 1.0
22054.35896478456, 148, -1.0
22055.789845775267, 35, -1.0
22060.664280203266, 148, 1.0
22063.710600765564, 35, -1.0
22066.87148955414, 101, -1.0
22070.271099404774, 152, 1.0
22070.553509467692, 101, 1.0
22074.2478112139, 154, 1.0
22076.13303870854, 152, -1.0
22081.961719952786, 101, 1.0
22092.720524752003, 101, 1.0
22098.00849900355, 103, -1.0
22103.221400479903, 103, 1.0
22114.683905407546, 148, -1.0
22115.790593438956, 75, 1.0
22118.030407350627, 103, 1.0
22127.587361905382, 103, 1.0
22130.38971971383, 152, -1.0
22131.82872938216, 75, -1.0
22139.375380877915, 44, -1.0
22142.03209192072, 35, -1.0
22142.45384399616, 103, 1.0
22152.483778670437, 148, -1.0
22170.09544401107, 152, -1.0
22178.03996712195, 103, -1.0
22178.493453400955, 103, 1.0
22180.40210665719, 35, -1.0
22190.344524610464, 103, 1.0
22196.45002784876, 44, -1.0
22201.19558777328, 148, -1.0
22209.999722390934, 148, -1.0
22228.730859438703, 148, -1.0
22229.746513567778, 44, -1.0
22232.404539520612, 103, 1.0
22238.623312062035, 101, -1.0
22242.407665144692, 152, -1.0
22248.71086848042, 154, 1.0
22253.41546002399, 101, -1.0
22259.810950098727, 154, 1.0
22264.258186056115, 148, -1.0
22268.033900325507, 148, -1.0
22268.94326989153, 35, -1.0
22277.18684608657, 44, -1.0
22279.633034677445, 75, 1.0
22286.489469367167, 75, -1.0
22295.75456800978, 103, 1.0
22298.00005262392, 103, 1.0
22304.078131698443, 44, -1.0
22308.282937057626, 148, -1.0
22310.74934526772, 35, -1.0
22317.41736456265, 152, -1.0
22317.946381349568, 148, -1.0
22327.003200385767, 148, -1.0
22329.929077111316, 101, 1.0
22331.00880867755, 148, -1.0
22339.292520038434, 103, 1.0
22347.833708845003, 35, -1.0
22349.05400119911, 103, 1.0
22349.779293886582, 103, 1.0
22354.6589099981, 75, 1.0
22355.756662675216, 35, -1.0
22358.76300097194, 35, -1.0
22358.893258562333, 103, 1.0
22367.179688562635, 103, 1.0
22378.89134768901, 44, -1.0
22380.793201535445, 75, 1.0
22387.15444313649, 44, -1.0
22396.34181544198, 148, -1.0
22404.635054591483, 75, 1.0
22411.074145377115, 75, 1.0
22411.885311125352, 103, 1.0
22413.19927612344, 44, -1.0
22421.632229041545, 44, -1.0
22429.597106946647, 75, 1.0
22430.28163655309, 152, -1.0
22440.12112855449, 75, 1.0
22441.515095298786, 75, 1.0
22455.905063679897, 101, 1.0
22459.95202137257, 103, 1.0
22461.89265430792, 103, 1.0
22463.64810175535, 44, -1.0
22467.016301697266, 101, 1.0
22467.760216939627, 101, 1.0
22471.882741519697, 148, 1.0
22477.81346419975, 103, 1.0
22479.039471117532, 44, 1.0
22479.550554845213, 44, -1.0
22484.392805440468, 35, -1.0
22490.915133053004, 154, 1.0
22494.23882662148, 44, -1.0
22494.36268466279, 35, 1.0
22496.83205579343, 75, 1.0
22497.28466687806, 35, -1.0
22498.294367059767, 35, -1.0
22498.47741431365, 75, -1.0
22509.448650553157, 103, 1.0
22521.621923934996, 103, 1.0
22523.182762324403, 148, -1.0
22534.064629375396, 35, 1.0
22536.23264705416, 101, -1.0
22539.876778096394, 103, 1.0
22560.70421313913, 101, 1.0
22565.734117475666, 101, -1.0
22571.2685390804, 103, 1.0
22578.62909269362, 101, 1.0
22580.199673164476, 35, -1.0
22582.57565646743, 101, 1.0
22601.565039766167, 103, 1.0
22612.696727176703, 75, 1.0
22613.49631669625, 148, -1.0
22614.53749886796, 103, 1.0
22620.37991385177, 152, -1.0
22620.80775507287, 103, 1.0
22621.231361832943, 75, 1.0
22623.40856256201, 152, -1.0
22623.651497897725, 75, 1.0
22628.585483849274, 35, -1.0
22634.200381252504, 148, -1.0
22645.585989152958, 103, 1.0
22657.834587652946, 44, -1.0
22663.467250526475, 152, -1.0
22668.314379125863, 103, 1.0
22674.12260715767, 152, -1.0
22679.570882198128, 75, 1.0
22686.694951921116, 152, -1.0
22687.301743047716, 103, 1.0
22688.751326381614, 103, -1.0
22694.1447352636, 103, 1.0
22706.157299812738, 75, 1.0
22707.422128797414, 103, 1.0
22707.647225932124, 35, -1.0
22711.316367567582, 103, 1.0
22723.421340569977, 75, 1.0
22724.264076333187, 103, 1.0
22726.234693217626, 75, 1.0
22728.338394836635, 148, -1.0
22744.938192853857, 35, -1.0
22751.835688900206, 75, -1.0
22755.518202371823, 148, 1.0
22757.52610296306, 103, 1.0
22758.11295933707, 75, 1.0
22762.65234160011, 103, 1.0
22776.452635175756, 103, 1.0
22782.920900487654, 148, -1.0
22795.477787318705, 103, 1.0
22803.79069803746, 103, 1.0
22809.127649712165, 148, 1.0
22821.82750425099, 35, 1.0
22823.45115010647, 154, 1.0
22828.978319804955, 148, -1.0
22830.585030538445, 103, 1.0
22837.49077530387, 75, -1.0
22839.160746154972, 44, -1.0
22840.952278018023, 75, -1.0
22850.829544942702, 75, 1.0
22852.94008838154, 35, -1.0
22855.890967453393, 75, 1.0
22857.684271068603, 35, -1.0
22862.49203976914, 148, -1.0
22862.605540824356, 148, -1.0
22872.60679826356, 101, 1.0
22873.836220802496, 152, -1.0
22875.677834365266, 101, 1.0
22881.018581921173, 101, 1.0
22883.453410011072, 75, 1.0
22891.021729829215, 152, -1.0
22893.073199541745, 75, 1.0
22895.33464398969, 148, -1.0
22898.30199398731, 103, 1.0
22900.682737276104, 35, -1.0
22901.685063386274, 75, -1.0
22914.507733296396, 101, 1.0
22917.781688662446, 103, 1.0
22926.05979742931, 35, -1.0
22929.7041251859, 35, -1.0
22941.40207060347, 35, -1.0
22944.037508786554, 101, 1.0
22944.426814078415, 154, 1.0
22947.10383851621, 101, 1.0
22947.98384225481, 35, -1.0
22950.424565432026, 148, -1.0
22952.484513037172, 44, -1.0
22964.35729606917, 152, -1.0
22965.080110039635, 35, -1.0
22965.40830693043, 103, 1.0
22973.62539027854, 101, 1.0
22973.993774317623, 35, -1.0
22975.885521426837, 103, 1.0
22981.979401102486, 148, -1.0
22983.830510718693, 154, 1.0
22987.12204713628, 152, -1.0
22987.707123549364, 148, -1.0
22991.50517276109, 101, 1.0
22996.731958086373, 35, -1.0
22996.74679357395, 154, 1.0
22997.834588082977, 75, 1.0
23001.596832118328, 35, -1.0
23007.241891105656, 75, 1.0
23014.333103124438, 35, -1.0
23018.591574685033, 101, 1.0
23025.84921481685, 103, -1.0
23027.196193328615, 154, 1.0
23029.76300654864, 35, 1.0
23032.651610622794, 103, 1.0
23033.861318494353, 103, 1.0
23036.531366767715, 44, -1.0
23040.750414553506, 75, 1.0
23057.956190710644, 103, -1.0
23058.32940249078, 152, 1.0
23058.557581080713, 103, -1.0
23062.76536387147, 35, -1.0
23064.561980218066, 101, -1.0
23070.83826465648, 35, -1.0
23072.150950065075, 35, -1.0
23076.393454341804, 152, -1.0
23080.54342008173, 154, 1.0
23080.87949025751, 148, -1.0
23083.478496147796, 103, 1.0
23087.469742811594, 103, 1.0
23089.302717391394, 35, -1.0
23092.95099775028, 75, -1.0
23096.198479721043, 152, 1.0
23099.34214166751, 75, 1.0
23102.615593103958, 148, -1.0
23106.24380596492, 35, 1.0
23108.196548759614, 44, 1.0
23123.321206334036, 44, -1.0
23124.896260476642, 148, -1.0
23127.484378103876, 103, 1.0
23127.726544532205, 148, -1.0
23128.038489254865, 103, 1.0
23132.71741015156, 148, -1.0
23143.027956510476, 35, -1.0
23147.9242734569, 75, 1.0
23150.072648553956, 101, 1.0
23150.40707498387, 44, 1.0
23153.3494607199, 103, 1.0
23153.443773012375, 152, -1.0
23165.18604981668, 103, 1.0
23166.51933985954, 103, 1.0
23169.434133406114, 154, -1.0
23172.914590923843, 35, -1.0
23175.671594076535, 101, -1.0
23180.167455201343, 103, 1.0
23181.406902111627, 152, -1.0
23181.780680187112, 75, 1.0
23184.802948506585, 103, 1.0
23193.552594951372, 103, 1.0
23194.885458918347, 35, 1.0
23201.687753607817, 152, -1.0
23202.19733603383, 148, -1.0
23204.841944625176, 152, 1.0
23208.760147420762, 75, -1.0
23209.277858242487, 101, 1.0
23211.557597792296, 44, -1.0
23212.880290659527, 152, -1.0
23216.48966559992, 103, 1.0
23222.994103919646, 35, -1.0
23229.793974619377, 103, -1.0
23234.999189247235, 75, 1.0
23237.88066124063, 103, 1.0
23243.054974081002, 148, -1.0
23247.092482801658, 35, -1.0
23252.80435723059, 103, 1.0
23267.79873843463, 101, 1.0
23269.461580378284, 101, -1.0
23275.683012901776, 101, 1.0
23276.786363733157, 35, -1.0
23281.65509121713, 148, -1.0
23288.509849547587, 152, -1.0
23297.87076085846, 75, 1.0
23317.885957954066, 35, -1.0
23319.40560791339, 35, -1.0
23321.748242833117, 35, -1.0
23328.02732281427, 44, 1.0
23330.316363419613, 101, -1.0
23330.925500306905, 75, 1.0
23336.98879270015, 148, -1.0
23345.340120106142, 44, -1.0
23346.183524339263, 103, 1.0
23348.339390106245, 101, 1.0
23353.19682249025, 35, -1.0
23354.389072837454, 101, 1.0
23357.43098487392, 101, 1.0
23360.12826343938, 101, -1.0
23363.101268145238, 101, 1.0
23363.44078446532, 148, -1.0
23378.243479261768, 75, 1.0
23382.26908792855, 148, -1.0
23387.714665490996, 75, -1.0
23389.48667585598, 103, 1.0
23397.766220252353, 103, 1.0
23399.320756599293, 152, -1.0
23399.576557387285, 101, 1.0
23406.4134864924, 152, -1.0
23412.211079893084, 44, -1.0
23413.366459875877, 44, -1.0
23413.616667223687, 44, 1.0
23413.985253278035, 148, -1.0
23415.05693827034, 152, -1.0
23418.291135712556, 148, -1.0
23418.48411579888, 44, -1.0
23420.129835815456, 101, 1.0
23420.362348304257, 154, 1.0
23428.866741647114, 75, -1.0
23440.052391512098, 35, -1.0
23452.605648263747, 44, 1.0
23463.492425819706, 35, -1.0
23464.340020346757, 35, -1.0
23473.938290654234, 103, 1.0
23479.249483381984, 35, -1.0
23482.21289795308, 101, 1.0
23488.373056232613, 75, 1.0
23490.351959482723, 75, 1.0
23490.410758805585, 35, -1.0
23497.47933104786, 103, 1.0
23498.935836065535, 44, 1.0
23499.752376709304, 35, -1.0
23502.7698702697, 35, -1.0
23504.018538557, 148, -1.0
23504.702144120973, 44, -1.0
23505.315505735234, 103, 1.0
23505.698911427015, 35, -1.0
23508.18530861647, 103, 1.0
23508.2188884488, 75, 1.0
23515.97318029554, 35, -1.0
23521.718475882957, 75, 1.0
23525.57153348768, 35, -1.0
23530.45603940491, 152, 1.0
23534.286000919492, 152, -1.0
23544.08884261133, 103, 1.0
23545.712588310704, 103, 1.0
23547.524499298637, 103, -1.0
23555.55468018577, 75, -1.0
23558.365500990985, 103, 1.0
23568.758057477215, 152, 1.0
23572.054286836734, 35, -1.0
23574.86941805818, 44, -1.0
23579.103872131935, 148, -1.0
23584.494682626802, 103, 1.0
23589.060215289235, 103, -1.0
23604.168545156626, 148, -1.0
23607.141448099996, 148, -1.0
23611.431366921664, 152, -1.0
23612.778313651877, 148, -1.0
23616.951392705454, 103, 1.0
23618.9641551977, 101, 1.0
23632.6307712884, 148, -1.0
23634.781081374877, 148, -1.0
23641.30599840376, 103, 1.0
23651.119954010643, 154, 1.0
23654.32437907437, 103, 1.0
23659.62208456853, 152, -1.0
23661.08783297083, 75, 1.0
23663.55431081696, 35, -1.0
23663.941633312617, 148, -1.0
23665.03889822902, 148, -1.0
23674.012603111325, 101, 1.0
23674.41184023728, 103, 1.0
23688.530415689682, 103, 1.0
23702.68703505508, 103, 1.0
23713.982868580315, 75, 1.0
23715.927283714118, 101, 1.0
23723.14875657638, 35, -1.0
23733.0431025089, 75, 1.0
23747.1596381437, 75, 1.0
23748.2115957174, 152, 1.0
23749.694586520687, 75, -1.0
23751.880190006985, 35, -1.0
23754.387439535134, 75, 1.0
23765.812157923676, 148, -1.0
23771.275423213967, 103, 1.0
23778.195173485972, 148, -1.0
23778.763274427365, 148, -1.0
23787.925900045124, 103, 1.0
23789.202676754114, 75, -1.0
23798.32653168855, 35, -1.0
23800.150143113642, 35, -1.0
23804.11869069007, 148, -1.0
23804.29234589093, 148, 1.0
23805.255274461586, 148, -1.0
23806.08585691048, 35, -1.0
23811.90854705516, 103, 1.0
23812.269236103242, 103, 1.0
23812.824350612937, 75, 1.0
23813.633716971595, 103, 1.0
23815.349777391297, 152, -1.0
23832.75493664952, 35, -1.0
23833.965106770924, 35, -1.0
23843.549072712685, 101, 1.0
23851.969597317675, 101, 1.0
23861.075750009204, 75, -1.0
23864.006897188934, 148, -1.0
23865.815942982772, 75, -1.0
23873.496076612766, 35, -1.0
23874.253451474266, 148, -1.0
23877.779392757537, 35, -1.0
23878.69951481866, 148, -1.0
23879.505916263475, 101, 1.0
23883.796946457558, 152, -1.0
23895.49533216872, 148, -1.0
23906.509205049442, 35, -1.0
23907.244630900626, 103, 1.0
23908.665360897514, 148, -1.0
23908.819760498944, 44, -1.0
23909.40928899421, 152, -1.0
23911.28640425275, 148, -1.0
23911.54635892161, 75, 1.0
23922.177609022143, 44, -1.0
23922.280585658285, 103, 1.0
23928.351734239503, 103, 1.0
23931.5722968032, 103, 1.0
23931.916455191906, 103, -1.0
23932.69473535392, 35, -1.0
23942.915830610877, 75, -1.0
23947.36023146374, 103, 1.0
23952.339204503973, 101, 1.0
23956.600991592353, 154, 1.0
23971.60867030153, 103, 1.0
23995.770996052004, 103, 1.0
23996.444694853, 35, -1.0
23998.397384685482, 101, -1.0
23999.185196036662, 148, -1.0
24003.84793878433, 101, 1.0
24010.37783040596, 154, 1.0
24015.113249325594, 75, 1.0
24015.79995083721, 35, -1.0
24025.597253628126, 75, 1.0
24031.959061674195, 75, 1.0
24033.36909945794, 152, -1.0
24041.535442558394, 101, 1.0
24043.89563405853, 44, -1.0
24047.405611904884, 35, -1.0
24068.10890863121, 103, 1.0
24069.360736291517, 152, -1.0
24072.82009318904, 148, -1.0
24073.911701398363, 103, 1.0
24074.330473457143, 103, 1.0
24074.855797404554, 101, 1.0
24085.435842545798, 148, -1.0
24085.568506176565, 35, -1.0
24088.528962274595, 101, -1.0
24089.229943530303, 44, -1.0
24090.356588706316, 35, -1.0
24092.456091830376, 35, -1.0
24095.756169527227, 152, -1.0
24099.8679133506, 103, -1.0
24100.078235311135, 44, -1.0
24104.75445054007, 103, -1.0
24108.678774160075, 44, -1.0
24124.056950185444, 101, 1.0
24125.298803850015, 35, -1.0
24135.369047959604, 75, 1.0
24136.401937602714, 103, 1.0
24137.160222133738, 35, -1.0
24139.416502308854, 101, 1.0
24141.85136739746, 75, 1.0
24145.283975000428, 75, -1.0
24148.008656662136, 75, -1.0
24148.48633608726, 154, 1.0
24150.133583057057, 154, 1.0
24151.402840930918, 148, -1.0
24153.900216756843, 35, 1.0
24158.828101029238, 152, -1.0
24161.59172117669, 103, 1.0
24177.98865547785, 101, 1.0
24195.334139094448, 44, -1.0
24195.4832709647, 103, 1.0
24197.14014253714, 75, 1.0
24197.450580373465, 101, 1.0
24220.416548247482, 101, -1.0
24223.402507678453, 75, 1.0
24227.440381212236, 154, 1.0
24230.677228902052, 101, -1.0
24231.221627195355, 103, 1.0
24234.100653185873, 148, 1.0
24234.590910846906, 103, 1.0
24236.73513348445, 152, 1.0
24238.174217653755, 101, 1.0
24250.797783166006, 35, -1.0
24250.89065806228, 103, 1.0
24256.169589575125, 101, 1.0
24257.575259798672, 35, -1.0
24258.181220908456, 152, 1.0
24265.483674369552, 152, -1.0
24276.70759974212, 148, -1.0
24280.99534143009, 75, 1.0
24283.1798461176, 35, -1.0
24283.538765451864, 35, -1.0
24284.5338966128, 103, 1.0
24287.297267386126, 152, -1.0
24291.13864928643, 35, -1.0
24306.681638901144, 35, -1.0
24307.952244239725, 148, -1.0
24319.375195480417, 101, 1.0
24319.98352323454, 103, 1.0
24322.63134069382, 103, 1.0
24326.91192255393, 101, -1.0
24329.852583839503, 152, -1.0
24339.355479429218, 44, -1.0
24340.285112169324, 148, 1.0
24345.777521597, 75, 1.0
24346.464050993065, 75, -1.0
24346.976210742912, 44, 1.0
24353.433993663573, 101, 1.0
24353.914402446382, 75, 1.0
24355.094563248313, 103, 1.0
24356.44726652692, 103, 1.0
24361.016650108373, 101, 1.0
24369.372048255922, 35, -1.0
24373.045098184637, 148, -1.0
24375.070905316283, 101, 1.0
24377.752540219943, 103, 1.0
24380.455467671673, 75, -1.0
24384.504257805285, 148, -1.0
24385.7127178185, 75, -1.0
24386.754301217054, 148, -1.0
24393.570390534325, 103, 1.0
24393.976092576806, 154, -1.0
24394.011040943176, 101, -1.0
24397.076292044716, 75, 1.0
24400.000848823736, 101, 1.0
24403.34659581005, 103, 1.0
24403.8284304151, 101, 1.0
24404.18734543829, 103, 1.0
24404.48494116332, 75, -1.0
24406.25439240205, 35, -1.0
24414.40679297168, 103, 1.0
24427.22472841215, 75, 1.0
24431.443861270174, 148, -1.0
24436.617620910692, 148, -1.0
24439.65329341139, 103, 1.0
24441.840029610663, 75, 1.0
24446.81304505827, 152, -1.0
24447.107258860844, 103, 1.0
24452.548838645493, 148, -1.0
24457.089738980998, 101, -1.0
24460.99761553818, 103, 1.0
24463.459007533696, 35, -1.0
24472.352860172366, 75, -1.0
24476.095093912238, 35, 1.0
24480.68662968822, 101, -1.0
24483.726057887954, 75, 1.0
24487.22725386976, 35, -1.0
24489.387797147112, 101, 1.0
24492.525342663466, 35, -1.0
24501.220390385122, 35, -1.0
24502.648138425197, 103, 1.0
24517.85351842064, 148, -1.0
24521.340576115555, 101, 1.0
24527.84321482159, 75, 1.0
24534.655268070088, 103, 1.0
24541.897265805062, 35, -1.0
24542.209297528007, 103, 1.0
24546.3399264535, 35, -1.0
24546.95708617536, 35, -1.0
24555.861811167808, 103, 1.0
24556.363566941767, 152, -1.0
24559.40333170396, 148, -1.0
24568.06246997362, 148, -1.0
24577.096634251026, 148, -1.0
24578.290834016156, 35, 1.0
24579.51816136774, 75, 1.0
24588.578333492962, 75, 1.0
24590.534270264972, 101, 1.0
24592.09082060396, 75, -1.0
24595.3021934936, 44, -1.0
24598.08557129955, 35, 1.0
24598.65786771431, 148, -1.0
24599.920065503862, 75, -1.0
24620.515888516133, 75, -1.0
24623.03190717191, 152, -1.0
24629.26902742584, 103, 1.0
24629.623253963036, 35, -1.0
24634.151026684933, 35, -1.0
24638.18771036735, 75, 1.0
24642.747377275962, 75, 1.0
24643.860579807162, 148, -1.0
24650.834502240265, 44, -1.0
24653.13883794303, 148, -1.0
24659.96415598325, 103, 1.0
24661.403560224757, 75, 1.0
24667.78332147449, 103, 1.0
24670.37220319914, 103, 1.0
24674.850908032036, 154, 1.0
24687.763570726664, 103, 1.0
24688.0855023639, 148, -1.0
24691.58557986435, 152, -1.0
24694.7250493581, 44, -1.0
24697.52781285723, 154, 1.0
24697.942329218422, 101, 1.0
24699.84825134117, 35, -1.0
24700.61416079733, 103, 1.0
24708.709299089754, 148, -1.0
24719.050199805453, 154, 1.0
24723.884392284133, 103, 1.0
24726.50037398528, 148, -1.0
24729.110532252806, 35, -1.0
24733.27294042519, 35, -1.0
24736.13231341958, 75, -1.0
24739.631258890193, 44, -1.0
24740.682676446413, 148, -1.0
24743.15958378418, 148, -1.0
24743.32755258465, 148, -1.0
24746.089950700432, 152, -1.0
24753.500931757204, 35, -1.0
24759.56415297948, 44, -1.0
24764.379227469864, 101, 1.0
24765.557463200377, 75, 1.0
24769.723236707796, 35, -1.0
24791.64879816788, 35, -1.0
24812.128583915885, 154, 1.0
24826.09040101723, 101, 1.0
24833.892811421356, 154, 1.0
24835.359684531875, 152, -1.0
24839.856408029224, 75, 1.0
24844.59423225406, 101, 1.0
24850.099119851147, 35, -1.0
24857.741529641928, 75, 1.0
24861.9840672778, 75, 1.0
24880.839012058183, 103, 1.0
24884.376846694602, 103, 1.0
24894.006285832827, 103, 1.0
24912.7098534758, 101, -1.0
24917.206555872002, 35, -1.0
24946.17052878805, 103, 1.0
24953.30989846476, 103, 1.0
24961.780937175627, 44, -1.0
24962.866649168696, 35, -1.0
24972.368269045302, 35, 1.0
24974.941677271123, 148, -1.0
24976.93317474884, 152, -1.0
24987.281338760196, 152, -1.0
24990.298376324183, 101, -1.0
24992.489722464332, 103, 1.0
25001.50856992231, 35, -1.0
25006.60031475757, 44, -1.0
25023.698442548684, 75, -1.0
25024.72755384321, 101, -1.0
25025.642917647354, 103, 1.0
25034.324035559992, 148, -1.0
25038.15202924783, 35, -1.0
25046.071423005487, 103, 1.0
25052.805351530304, 75, 1.0
25053.55525429377, 152, -1.0
25054.63540591212, 148, -1.0
25054.73155070955, 75, -1.0
25055.032826534854, 148, 1.0
25055.769235475644, 35, -1.0
25060.341741102537, 103, 1.0
25065.03536364066, 35, -1.0
25066.900755213646, 44, -1.0
25068.44421125453, 154, 1.0
25073.043679304472, 103, 1.0
25079.1717299755, 152, -1.0
25079.82571389798, 148, -1.0
25092.072153512603, 75, -1.0
25100.73055627222, 103, 1.0
25106.790991700596, 35, -1.0
25106.948670748254, 103, 1.0
25112.633676251582, 152, 1.0
25112.640682679918, 103, 1.0
25114.95332005535, 148, -1.0
25123.114302625218, 148, -1.0
25128.574929075752, 44, -1.0
25128.802404825186, 103, 1.0
25141.44479605804, 35, -1.0
25170.57744858798, 75, 1.0
25177.332765405572, 35, -1.0
25182.136145859313, 103, 1.0
25185.428405722236, 154, 1.0
25187.387648526183, 103, 1.0
25190.722693123873, 35, -1.0
25194.324196789403, 101, 1.0
25196.3965951322, 152, -1.0
25198.75418837927, 101, 1.0
25199.913128352382, 103, 1.0
25208.56762659544, 148, 1.0
25211.94557084833, 152, 1.0
25216.505694190597, 44, 1.0
25223.012781195073, 101, -1.0
25224.034590043855, 152, 1.0
25224.625834943115, 101, 1.0
25226.134637188487, 75, -1.0
25226.60160693117, 35, -1.0
25232.614098370803, 152, -1.0
25232.980299098494, 103, 1.0
25240.146899801148, 75, 1.0
25243.19851121444, 101, 1.0
25245.889300150935, 148, -1.0
25247.853009401264, 35, -1.0
25253.855177459827, 35, 1.0
25254.728215563533, 101, 1.0
25257.082518501837, 101, 1.0
25258.55996679081, 44, -1.0
25259.160588648163, 103, 1.0
25260.319258157855, 152, -1.0
25265.872271104552, 103, 1.0
25275.196550475794, 103, -1.0
25301.973750885452, 35, -1.0
25307.271752404442, 148, -1.0
25312.95212907683, 44, -1.0
25313.35809243492, 101, -1.0
25319.743839994968, 35, -1.0
25322.65877579811, 103, 1.0
25329.448100402755, 35, -1.0
25330.477995260528, 148, -1.0
25358.39961127239, 35, -1.0
25358.442972550896, 148, -1.0
25365.30700110872, 35, -1.0
25368.964968030832, 75, -1.0
25370.66653535859, 35, -1.0
25372.24376675446, 148, -1.0
25381.26163384126, 154, 1.0
25382.776369829084, 101, 1.0
25384.569998067902, 148, -1.0
25386.383253547963, 35, -1.0
25390.308188874762, 154, -1.0
25402.959390951633, 101, -1.0
25412.491425822573, 35, -1.0
25417.48911308959, 101, -1.0
25423.419383881403, 75, 1.0
25430.800530901593, 152, -1.0
25434.717341856638, 75, 1.0
25441.021650185405, 152, -1.0
25445.165627796523, 103, 1.0
25453.87491080117, 152, -1.0
25460.315831328247, 154, 1.0
25475.973689730705, 101, -1.0
25481.47311703565, 154, 1.0
25487.684081894393, 75, 1.0
25487.845022978418, 103, 1.0
25490.796974165747, 101, -1.0
25493.307604243128, 44, -1.0
25499.173898088968, 35, -1.0
25504.803011902473, 44, -1.0
25509.13124052722, 152, -1.0
25521.40419283141, 148, -1.0
25526.80639615916, 75, -1.0
25527.164544760974, 152, -1.0
25531.57789345133, 35, -1.0
25531.803651484264, 75, 1.0
25542.8260124036, 44, -1.0
25548.965067105262, 152, -1.0
25550.78079155368, 75, 1.0
25555.832782190588, 152, -1.0
25560.238903895246, 35, -1.0
25582.94478242574, 75, 1.0
25583.176599206567, 101, 1.0
25601.81477995009, 35, -1.0
25602.312011499373, 152, -1.0
25608.480507429696, 101, 1.0
25614.31437096829, 148, -1.0
25627.46111195105, 152, -1.0
25635.475051483812, 75, 1.0
25643.54298864601, 75, 1.0
25643.599810183325, 101, -1.0
25645.239598829092, 35, 1.0
25645.735514750882, 154, -1.0
25652.01861390219, 101, 1.0
25653.053648664143, 75, -1.0
25653.83291629283, 35, -1.0
25658.926146904858, 101, 1.0
25659.345587379677, 152, -1.0
25662.198760438718, 154, 1.0
25667.12550007933, 148, 1.0
25676.350099473097, 44, -1.0
25677.808153985145, 75, 1.0
25683.04056734981, 103, 1.0
25687.79389628949, 35, -1.0
25695.797630682093, 148, -1.0
25698.369388074705, 148, -1.0
25702.27656787049, 148, -1.0
25705.47724169962, 35, -1.0
25708.651744709372, 148, -1.0
25708.800735646913, 152, 1.0
25712.18670343659, 103, 1.0
25718.549481128244, 154, -1.0
25719.300133067813, 103, 1.0
25728.96335743423, 152, 1.0
25732.235532871626, 35, -1.0
25751.516980412558, 35, -1.0
25764.561374050103, 35, -1.0
25767.78856040645, 154, -1.0
25771.290915054462, 35, -1.0
25771.487304831746, 148, -1.0
25777.757949480427, 75, 1.0
25788.488297667154, 35, -1.0
25795.15289361767, 152, -1.0
25802.782528799908, 148, -1.0
25803.020845690324, 154, 1.0
25803.726574539032, 154, 1.0
25806.154824108064, 148, -1.0
25806.325011511813, 101, 1.0
25816.83842872845, 101, -1.0
25821.066948144326, 148, -1.0
25833.964793177045, 35, 1.0
25837.581237279097, 103, 1.0
25838.507049758282, 101, -1.0
25842.804538189623, 35, -1.0
25848.91225250581, 152, -1.0
25852.701769684867, 148, -1.0
25857.18374593027, 103, 1.0
25858.46036712908, 44, -1.0
25874.705618992484, 35, -1.0
25880.61309693894, 152, -1.0
25894.522412186918, 44, -1.0
25895.364900161174, 101, 1.0
25899.170264164753, 152, -1.0
25902.537980697434, 103, 1.0
25912.4313817028, 154, 1.0
25921.1279751276, 35, -1.0
25925.201852025813, 152, -1.0
25928.433233094005, 152, -1.0
25945.265462917385, 152, -1.0
25956.464855570764, 75, 1.0
25957.68529349508, 148, -1.0
25964.503580025965, 103, 1.0
25967.180299011274, 35, -1.0
25971.73034086982, 101, -1.0
25974.20522551859, 35, -1.0
25981.045597475702, 101, 1.0
25993.786248673066, 101, -1.0
25998.581401673295, 101, 1.0
26008.47496251725, 44, -1.0
26009.721410981932, 148, -1.0
26012.660188126985, 35, -1.0
26014.92750418258, 35, -1.0
26020.8950829604, 103, 1.0
26035.412231156166, 35, -1.0
26040.9437331898, 35, -1.0
26043.243642412606, 101, 1.0
26047.783993725574, 152, -1.0
26053.27456352738, 101, 1.0
26058.977217991833, 101, 1.0
26064.856869429113, 35, -1.0
26084.39660451783, 75, 1.0
26085.2700716236, 148, -1.0
26087.134716700242, 101, 1.0
26092.341046533482, 101, -1.0
26096.06246519784, 152, -1.0
26099.654590064536, 101, -1.0
26116.634813072356, 35, -1.0
26126.780094198508, 101, -1.0
26130.254072562628, 148, -1.0
26130.850458612975, 154, -1.0
26138.807849170873, 44, -1.0
26139.063058869648, 152, -1.0
26139.173656247433, 154, 1.0
26139.330411263283, 152, -1.0
26141.179300385334, 75, -1.0
26141.959711027717, 101, -1.0
26145.140034009357, 154, 1.0
26166.609117433676, 152, 1.0
26166.659642937208, 35, 1.0
26170.47852378922, 75, 1.0
26174.18313873205, 35, -1.0
26174.862575546376, 101, 1.0
26177.749344902906, 152, -1.0
26177.911511762934, 152, -1.0
26180.829847102108, 35, -1.0
26184.833394001544, 35, -1.0
26191.547981404092, 154, -1.0
26192.8017824671, 44, -1.0
26203.976425494184, 35, -1.0
26206.23139419582, 154, 1.0
26208.07002159732, 152, -1.0
26221.61583006943, 35, -1.0
26225.71241670168, 101, 1.0
26229.161087190223, 44, -1.0
26230.46733705268, 35, -1.0
26239.482175953126, 35, 1.0
26240.954010584363, 103, 1.0
26241.010128998165, 152, 1.0
26244.578466776326, 101, 1.0
26245.103661376517, 148, -1.0
26246.712176086163, 35, 1.0
26258.394864450263, 101, -1.0
26262.063539873263, 152, -1.0
26268.370262259137, 152, 1.0
26279.08743000754, 148, -1.0
26284.230803199913, 35, -1.0
26301.701793827368, 35, 1.0
26303.625832704918, 44, -1.0
26311.335620687754, 101, 1.0
26312.37445941237, 101, 1.0
26312.395934365857, 103, 1.0
26321.041202432847, 148, -1.0
26325.973564343207, 35, -1.0
26326.277820258205, 75, 1.0
26326.9981571958, 101, 1.0
26330.851584099644, 75, 1.0
26335.52758740051, 35, -1.0
26342.352822768422, 152, -1.0
26356.424751855608, 152, 1.0
26361.11064403513, 35, -1.0
26383.87611703573, 101, 1.0
26390.904934397684, 101, -1.0
26393.186709598176, 103, -1.0
26399.292090286108, 75, 1.0
26401.42306003755, 101, -1.0
26405.46674586172, 152, -1.0
26407.34049504969, 35, 1.0
26412.43473519367, 44, -1.0
26413.47296214598, 35, -1.0
26415.210820652475, 103, 1.0
26418.83125077533, 154, -1.0
26420.82423154723, 44, -1.0
26421.30306348949, 75, -1.0
26421.897465110964, 75, 1.0
26423.74212173203, 148, 1.0
26427.993557116755, 75, 1.0
26435.37658176041, 152, -1.0
26439.045094636844, 152, -1.0
26440.08945986394, 44, 1.0
26446.337245119103, 35, 1.0
26454.629990447116, 44, -1.0
26460.70092208269, 44, -1.0
26464.288497711193, 101, 1.0
26472.318837542585, 154, 1.0
26477.036029665553, 35, -1.0
26480.63128817679, 101, -1.0
26490.158512429312, 103, 1.0
26492.38732917868, 152, -1.0
26495.879092613606, 75, -1.0
26502.35716344269, 35, -1.0
26506.43002508893, 35, -1.0
26511.747911993432, 152, -1.0
26526.795166641547, 35, 1.0
26541.64949602819, 35, 1.0
26542.333304769847, 44, -1.0
26544.071514350526, 101, 1.0
26550.88876899227, 35, 1.0
26569.05132106345, 101, 1.0
26571.481423182606, 154, 1.0
26573.032900797018, 152, -1.0
26577.27676566033, 35, -1.0
26578.25835477227, 103, 1.0
26584.40630115785, 148, -1.0
26584.58704549045, 75, 1.0
26605.6953858457, 101, 1.0
26606.987629575957, 152, -1.0
26607.246652147107, 101, 1.0
26610.447548027503, 35, -1.0
26621.665798683363, 154, 1.0
26629.60442231874, 75, 1.0
26630.19606888291, 35, -1.0
26639.46750065118, 152, -1.0
26641.091663874133, 101, 1.0
26642.11920891021, 152, 1.0
26652.103774263105, 152, -1.0
26661.73749949762, 152, -1.0
26665.097225976217, 148, -1.0
26668.154962636705, 101, -1.0
26669.88921792427, 35, -1.0
26672.81209093077, 103, -1.0
26682.78766875679, 75, 1.0
26684.70337508952, 44, -1.0
26687.086018785874, 101, -1.0
26689.249760442177, 103, -1.0
26691.52233003961, 44, -1.0
26698.561252054864, 35, 1.0
26699.85729612288, 103, 1.0
26701.447759686867, 152, -1.0
26707.417756185892, 152, -1.0
26712.28077888871, 148, -1.0
26716.179408362892, 152, -1.0
26717.871106890736, 75, 1.0
26720.376834100225, 103, 1.0
26720.834347582917, 75, -1.0
26726.560690308328, 103, 1.0
26731.954012121678, 101, 1.0
26732.05733500692, 75, 1.0
26738.50010509153, 35, 1.0
26742.183365550234, 35, -1.0
26752.819236304524, 101, -1.0
26760.996299610168, 35, -1.0
26773.867260911815, 103, 1.0
26776.275202966295, 103, -1.0
26779.187642347548, 75, 1.0
26788.29588189607, 103, 1.0
26791.095285946805, 103, 1.0
26791.189212712197, 152, -1.0
26795.35520905213, 154, 1.0
26800.106694008715, 44, -1.0
26801.7604058363, 101, -1.0
26803.356311767624, 35, -1.0
26809.636792085545, 44, -1.0
26814.910988595955, 152, -1.0
26825.32418271672, 101, -1.0
26825.344968281668, 35, -1.0
26830.677794234925, 101, 1.0
26834.254003370257, 35, -1.0
26836.21281316584, 35, -1.0
26842.802821971734, 152, 1.0
26845.523912003635, 35, -1.0
26859.453709252703, 152, -1.0
26864.055282662634, 148, -1.0
26868.779119393083, 148, -1.0
26875.95442292903, 75, 1.0
26881.55868614652, 103, 1.0
26886.36148127067, 152, -1.0
26886.803704422342, 103, 1.0
26894.57090309583, 152, 1.0
26900.800734953875, 44, -1.0
26904.307094604912, 152, 1.0
26913.932759936113, 152, 1.0
26914.392131124816, 35, -1.0
26929.96854679881, 44, -1.0
26930.90242762189, 35, 1.0
26938.339599198232, 44, -1.0
26942.01155314847, 154, -1.0
26942.708568644466, 152, -1.0
26948.36641446666, 101, 1.0
26953.74181148456, 154, 1.0
26954.431974957202, 75, 1.0
26957.85652501463, 35, -1.0
26959.91438611416, 152, -1.0
26964.61071796844, 103, -1.0
26967.72186830395, 103, 1.0
26978.092993183785, 148, -1.0
26981.296445609605, 103, 1.0
26983.13475865366, 101, 1.0
26984.11152209637, 75, 1.0
26986.012321140905, 35, -1.0
26986.20109036266, 35, 1.0
26992.98420736709, 152, -1.0
27002.816560628176, 103, 1.0
27007.00454739905, 103, -1.0
27009.39191285512, 154, -1.0
27014.466550465073, 75, 1.0
27016.310327899413, 152, 1.0
27023.30251018502, 35, -1.0
27023.398008631968, 75, 1.0
27024.20484198329, 35, 1.0
27026.67396342969, 35, -1.0
27039.067515023347, 154, 1.0
27039.111525735174, 44, -1.0
27044.855938753873, 148, -1.0
27052.10664016041, 103, 1.0
27052.957044371637, 103, 1.0
27058.664952732357, 101, 1.0
27061.210212263024, 35, -1.0
27061.480563447116, 35, 1.0
27078.09559217964, 35, -1.0
27090.286870740587, 101, 1.0
27091.44927153379, 35, -1.0
27096.312602238006, 148, -1.0
27111.21488863694, 152, 1.0
27119.35716900066, 154, -1.0
27124.840725637514, 35, -1.0
27124.855001711407, 44, -1.0
27125.054233332623, 152, -1.0
27127.694770684153, 103, 1.0
27129.44317514881, 101, -1.0
27132.20305939676, 103, 1.0
27137.489200632666, 103, 1.0
27141.277163692124, 35, -1.0
27147.11788596619, 35, -1.0
27152.289750986507, 35, -1.0
27163.98642596933, 101, 1.0
27164.51961906872, 101, 1.0
27166.69357531867, 103, 1.0
27182.87583440217, 154, -1.0
27195.54207269279, 101, 1.0
27199.940313473675, 103, 1.0
27208.09819912992, 75, 1.0
27209.887670088498, 103, -1.0
27212.254960149905, 101, -1.0
27215.20236695455, 101, -1.0
27218.1898139665, 152, -1.0
27219.803509826314, 101, 1.0
27220.8382084231, 75, -1.0
27222.159975551956, 101, 1.0
27222.65544266817, 101, 1.0
27225.42983468117, 152, 1.0
27235.05524944386, 44, -1.0
27237.46901664079, 152, -1.0
27241.085862594355, 103, -1.0
27255.370077598283, 35, -1.0
27256.28755960134, 44, -1.0
27261.275448436045, 101, -1.0
27262.53174168222, 101, -1.0
27276.546287009303, 103, 1.0
27277.52333534645, 35, -1.0
27279.25520303857, 101, 1.0
27286.59618141121, 103, 1.0
27287.852417092126, 35, -1.0
27294.928518631685, 35, 1.0
27295.60444778564, 35, -1.0
27297.33145298843, 101, 1.0
27298.177312095017, 154, 1.0
27300.78619912065, 148, -1.0
27309.610406607906, 35, 1.0
27314.301941756537, 152, 1.0
27321.259307101463, 154, 1.0
27323.690985433048, 75, 1.0
27329.273164037466, 152, -1.0
27399.216778756545, 103, 1.0
27401.33692863862, 152, -1.0
27417.255259005284, 152, -1.0
27421.043195429123, 154, 1.0
27424.449887925537, 35, -1.0
27429.047722152856, 154, 1.0
27430.933490945325, 152, -1.0
27432.49876032448, 154, 1.0
27444.575175562863, 44, -1.0
27447.700166270326, 152, -1.0
27454.31829440873, 101, 1.0
27459.704118687365, 101, 1.0
27460.768931908824, 44, -1.0
27469.591655191492, 152, -1.0
27471.272569062407, 148, -1.0
27481.47733464976, 35, 1.0
27485.315263541437, 152, 1.0
27486.362206872745, 44, -1.0
27486.952917871902, 148, -1.0
27487.915893887402, 75, 1.0
27491.043666265734, 101, 1.0
27498.008299547993, 152, 1.0
27505.13465263118, 103, 1.0
27522.87462247111, 152, -1.0
27529.633448968078, 154, 1.0
27529.63960400109, 101, 1.0
27540.500586807735, 148, -1.0
27549.335442193067, 103, 1.0
27561.02781518105, 152, -1.0
27573.205171083693, 103, -1.0
27577.071829113942, 148, -1.0
27578.397484508336, 35, -1.0
27586.749223891115, 148, -1.0
27590.179454002864, 35, -1.0
27591.26178713966, 44, -1.0
27592.51766672354, 152, 1.0
27598.12392069259, 154, -1.0
27602.042915589365, 152, 1.0
27606.23582891521, 35, -1.0
27609.982590380474, 101, 1.0
27612.463425656424, 152, -1.0
27615.388170789945, 152, -1.0
27621.403923037615, 154, 1.0
27626.573626072466, 35, -1.0
27636.416136847794, 101, -1.0
27656.635458717337, 152, -1.0
27661.464710342545, 75, 1.0
27664.100161207294, 75, -1.0
27665.650806819165, 75, -1.0
27668.07517009883, 101, 1.0
27674.408735227873, 103, 1.0
27674.57055308046, 152, -1.0
27693.586482268118, 35, -1.0
27708.604766392255, 101, 1.0
27711.058021578916, 35, -1.0
27713.55293293594, 154, -1.0
27714.938652496054, 152, -1.0
27721.625412682228, 101, -1.0
27730.036511478986, 103, 1.0
27732.034713898138, 152, -1.0
27733.942005086035, 101, 1.0
27736.514379470234, 35, -1.0
27737.50815458455, 103, 1.0
27749.509269042614, 44, -1.0
27750.630536126522, 101, 1.0
27762.647674419764, 152, -1.0
27766.000761352585, 148, -1.0
27768.640522474125, 148, -1.0
27770.109836659216, 101, 1.0
27771.077760391014, 35, -1.0
27773.78282229101, 154, 1.0
27779.31541683185, 44, -1.0
27780.801173963002, 75, 1.0
27781.497876718266, 154, 1.0
27782.88429635179, 75, 1.0
27788.108187008984, 103, -1.0
27788.30500766771, 35, -1.0
27791.24305653059, 152, -1.0
27803.391315918234, 35, -1.0
27804.91854972147, 101, -1.0
27809.249097952663, 44, 1.0
27813.12699684792, 152, -1.0
27820.295707298337, 148, -1.0
27825.31976655362, 35, -1.0
27835.757019888108, 75, 1.0
27838.84759278147, 35, 1.0
27841.609468949555, 75, 1.0
27842.515004124536, 101, 1.0
27843.36510582151, 35, -1.0
27847.62657332243, 154, 1.0
27852.390820356082, 101, -1.0
27862.265186586148, 101, 1.0
27865.25273695561, 101, 1.0
27865.544672050983, 103, 1.0
27869.919549888557, 75, 1.0
27870.10461470286, 103, 1.0
27871.608235337215, 103, 1.0
27871.964832393354, 75, 1.0
27872.39998468019, 148, -1.0
27874.843893388752, 35, -1.0
27879.240586533393, 44, -1.0
27887.222996382043, 103, 1.0
27891.401778708765, 75, 1.0
27892.492427293106, 75, -1.0
27900.48107888701, 101, 1.0
27901.403909558754, 103, -1.0
27919.83973662228, 148, -1.0
27928.710364817678, 152, 1.0
27928.96575413528, 44, -1.0
27932.67390744674, 75, 1.0
27934.222890234636, 152, -1.0
27935.611581410285, 152, 1.0
27941.860238489924, 103, 1.0
27946.50412622284, 154, 1.0
27946.595225690893, 44, -1.0
27948.478594507214, 101, 1.0
27949.142630741622, 75, -1.0
27952.589130753782, 35, 1.0
27954.53898579452, 35, -1.0
27958.05400651857, 75, 1.0
27958.971528015576, 148, -1.0
27960.085392275883, 154, 1.0
27965.239593122365, 35, -1.0
27967.040131008758, 101, -1.0
27970.339991706827, 152, -1.0
27973.253185307098, 154, 1.0
27976.388919167377, 154, -1.0
27977.51825197191, 103, 1.0
27977.72371984244, 35, -1.0
27979.643003260255, 35, -1.0
27981.006770014723, 103, 1.0
27981.82864888792, 154, -1.0
27994.679769811675, 103, 1.0
27995.63694955461, 35, -1.0
27996.633339277632, 152, 1.0
28001.936091542062, 101, 1.0
28026.208288526283, 101, 1.0
28036.78409256824, 101, 1.0
28052.770685510135, 101, -1.0
28052.917785323803, 154, -1.0
28055.286697760126, 35, -1.0
28068.74849891684, 75, -1.0
28068.813630102253, 44, -1.0
28074.91816141666, 148, 1.0
28083.67175203421, 101, 1.0
28091.3872782567, 35, -1.0
28091.474032900296, 101, -1.0
28094.09837142213, 152, -1.0
28101.983128396354, 35, -1.0
28102.05879857065, 148, 1.0
28109.8124532285, 152, 1.0
28110.641134947444, 101, 1.0
28112.111185142192, 35, -1.0
28122.111104934374, 152, -1.0
28128.545174999734, 148, -1.0
28150.40995497964, 44, -1.0
28152.050793135273, 35, -1.0
28154.14196425276, 75, 1.0
28156.526470497105, 152, 1.0
28166.279285361623, 152, -1.0
28176.87019218798, 152, -1.0
28178.773447151092, 148, -1.0
28200.55324613008, 101, -1.0
28201.526258330116, 101, 1.0
28211.477703959303, 75, 1.0
28224.482513407333, 75, 1.0
28227.960528637122, 101, 1.0
28252.435994835232, 101, -1.0
28254.007003666753, 101, -1.0
28255.240468712756, 148, 1.0
28265.557721037196, 152, -1.0
28266.90059971971, 154, 1.0
28281.299635409356, 152, -1.0
28290.87870470012, 152, -1.0
28293.43939993485, 35, -1.0
28298.024787708488, 148, -1.0
28310.734553326653, 148, -1.0
28324.73913299117, 44, -1.0
28324.758842233554, 152, 1.0
28335.809042070847, 152, -1.0
28336.766887115366, 103, 1.0
28341.84700155456, 101, 1.0
28345.15626870748, 44, -1.0
28345.92542772303, 101, -1.0
28346.40144333268, 35, -1.0
28357.56368391401, 148, -1.0
28389.97656807713, 101, 1.0
28392.452286485615, 103, 1.0
28397.23545584124, 75, 1.0
28420.294324330604, 35, 1.0
28424.023786706755, 148, -1.0
28425.608935195567, 103, 1.0
28432.590409106117, 154, 1.0
28434.329888481032, 152, 1.0
28440.549640148653, 35, -1.0
28443.382513550776, 44, -1.0
28448.815172296636, 35, 1.0
28449.254065227396, 101, 1.0
28449.803880950243, 35, -1.0
28451.345048434356, 75, 1.0
28472.606852621528, 152, -1.0
28473.187190516615, 152, -1.0
28473.189623782437, 75, -1.0
28474.723698451373, 35, -1.0
28476.703601766218, 152, -1.0
28478.98723402913, 75, 1.0
28484.846634383135, 75, -1.0
28487.284519980247, 148, -1.0
28489.756520558723, 148, -1.0
28492.532979596803, 154, 1.0
28495.56827870591, 103, 1.0
28497.496776196516, 154, 1.0
28500.386888124227, 75, 1.0
28507.029462353443, 35, -1.0
28511.116892112055, 75, -1.0
28513.338043038166, 154, 1.0
28516.21615356141, 103, 1.0
28519.903039442954, 101, 1.0
28530.843938684644, 103, 1.0
28533.2822545228, 103, 1.0
28537.913608592422, 101, 1.0
28545.383357876966, 35, -1.0
28545.731461921398, 35, -1.0
28557.913564140017, 152, -1.0
28572.6585352432, 75, 1.0
28588.37763234273, 101, 1.0
28588.689093325127, 103, 1.0
28589.322772252388, 101, 1.0
28603.64862125495, 44, -1.0
28606.51560431314, 35, -1.0
28609.39380981363, 35, -1.0
28613.465902425385, 44, -1.0
28614.28254898659, 101, -1.0
28617.125912789616, 103, 1.0
28619.319294315515, 103, 1.0
28620.91125194551, 44, -1.0
28623.961503654733, 35, -1.0
28629.86437429741, 35, -1.0
28632.899924319845, 152, -1.0
28646.4546265989, 35, -1.0
28651.120565057332, 103, -1.0
28655.484231640145, 152, -1.0
28658.46756575952, 148, -1.0
28661.50869109933, 148, -1.0
28668.868167414443, 35, -1.0
28672.0523757581, 44, 1.0
28672.728245431732, 103, 1.0
28679.170922197765, 152, -1.0
28679.806227248424, 101, 1.0
28680.121304347278, 101, 1.0
28688.322913746346, 152, -1.0
28698.89171156037, 101, 1.0
28699.29347655325, 101, 1.0
28706.518949901707, 44, -1.0
28708.853390659195, 35, 1.0
28714.811498240368, 44, -1.0
28723.514148586262, 101, 1.0
28724.270425887116, 154, 1.0
28724.92736351109, 152, -1.0
28731.528246988, 44, -1.0
28731.598194560043, 101, 1.0
28743.30979887564, 35, 1.0
28748.602336120744, 101, 1.0
28753.517172507625, 101, 1.0
28753.913371220013, 35, -1.0
28763.188515115427, 148, -1.0
28764.948161471086, 75, 1.0
28779.208180437738, 75, -1.0
28781.723868540044, 35, -1.0
28786.911608463564, 103, 1.0
28787.162006857583, 35, -1.0
28792.887952234658, 101, 1.0
28798.70033625804, 148, -1.0
28808.269508843245, 101, 1.0
28808.573263142367, 152, 1.0
28809.958984496207, 35, 1.0
28812.654928252647, 35, 1.0
28813.262233995913, 35, -1.0
28814.740580938425, 101, -1.0
28820.69553175018, 103, 1.0
28828.690552873795, 35, -1.0
28831.10925758277, 152, -1.0
28845.351080382305, 35, 1.0
28845.8407217362, 75, -1.0
28853.305094110525, 152, -1.0
28856.150408613386, 103, -1.0
28859.173465818327, 75, 1.0
28861.813630152283, 152, -1.0
28861.974623989598, 35, -1.0
28870.52012717924, 103, 1.0
28892.503898167208, 154, -1.0
28904.55895255701, 103, 1.0
28919.82569448625, 152, -1.0
28932.736657701065, 152, 1.0
28938.685119103073, 75, 1.0
28944.369137442147, 101, -1.0
28953.437441550013, 35, -1.0
28953.765954071852, 103, 1.0
28971.67666326305, 103, -1.0
28972.147886554743, 101, -1.0
28980.34192886649, 148, -1.0
28981.565377009643, 103, 1.0
28982.51344682356, 35, 1.0
28983.244964394406, 35, 1.0
29007.039831826994, 103, 1.0
29012.727010833583, 75, 1.0
29018.753236835735, 35, 1.0
29026.72393491569, 103, 1.0
29033.162341266787, 148, -1.0
29036.29928185754, 75, -1.0
29040.433169317963, 154, -1.0
29040.507188221283, 44, -1.0
29040.53902918898, 35, 1.0
29042.960766465298, 44, -1.0
29043.310995810567, 152, -1.0
29043.90374145159, 103, 1.0
29049.024562013565, 101, -1.0
29065.949807154797, 35, -1.0
29075.2966707754, 103, 1.0
29076.237174131686, 101, 1.0
29080.01608093596, 44, -1.0
29084.650844497326, 101, -1.0
29091.42130132783, 103, 1.0
29106.092430615725, 101, 1.0
29109.887486785534, 103, 1.0
29111.81491686867, 101, -1.0
29115.32230232852, 35, -1.0
29123.156811257857, 35, -1.0
29133.091538599336, 103, 1.0
29133.45143407757, 35, -1.0
29141.517317266058, 75, -1.0
29148.572303035206, 75, 1.0
29150.410347151163, 101, -1.0
29153.658001610547, 101, -1.0
29161.0689348256, 154, 1.0
29161.616117419937, 75, 1.0
29166.365460246765, 44, 1.0
29169.797802581805, 35, -1.0
29178.1257666285, 35, 1.0
29179.939166234388, 35, -1.0
29184.342030322132, 103, 1.0
29203.789653348336, 154, -1.0
29207.473839487815, 152, 1.0
29222.87819520864, 75, 1.0
29225.326214815417, 103, 1.0
29248.815988587314, 35, -1.0
29256.9143818706, 152, -1.0
29280.077637917315, 152, -1.0
29284.519110008776, 35, -1.0
29294.741197456682, 75, 1.0
29297.84531912957, 101, 1.0
29300.107378357625, 103, -1.0
29301.40166870711, 35, 1.0
29305.012194124167, 35, -1.0
29306.814241558455, 35, 1.0
29311.778776982777, 44, -1.0
29312.268884520498, 152, -1.0
29316.96006798375, 44, 1.0
29322.346238746537, 35, 1.0
29328.30729506658, 101, 1.0
29330.375504091895, 152, -1.0
29339.34204741806, 35, -1.0
29343.17037032763, 101, -1.0
29350.46320514646, 35, 1.0
29354.629622709992, 154, 1.0
29358.128619486422, 101, 1.0
29358.658172995434, 103, 1.0
29366.80622534939, 75, 1.0
29369.2790161624, 101, 1.0
29376.848340450713, 103, 1.0
29386.3634989785, 154, 1.0
29389.72058249911, 75, -1.0
29397.614241566007, 152, -1.0
29404.63484689241, 101, 1.0
29408.04569323359, 154, 1.0
29408.567930925463, 35, -1.0
29411.902485870414, 35, 1.0
29416.409596377456, 35, -1.0
29418.26512021912, 35, 1.0
29421.246227341766, 75, 1.0
29431.259463723472, 148, -1.0
29449.964552011046, 35, 1.0
29459.30323066101, 101, -1.0
29464.357492341827, 101, -1.0
29470.567162668034, 75, -1.0
29476.446788183464, 35, -1.0
29477.33822202872, 154, -1.0
29478.15871135727, 75, 1.0
29482.35876331158, 152, 1.0
29493.587533960905, 75, -1.0
29500.456611245936, 152, 1.0
29508.999140891578, 154, -1.0
29540.090386558983, 103, -1.0
29555.120831223718, 152, 1.0
29559.317161349023, 75, 1.0
29568.483659632522, 101, 1.0
29575.40219097926, 35, 1.0
29575.855892283245, 75, -1.0
29575.983722421246, 152, -1.0
29584.238890709395, 152, -1.0
29590.192976921928, 75, 1.0
29592.080915127386, 101, 1.0
29596.35821407934, 35, -1.0
29608.283209654095, 44, -1.0
29608.390274218047, 44, -1.0
29612.12174154622, 152, -1.0
29618.363925843776, 44, -1.0
29620.852439214672, 75, -1.0
29621.745528430118, 44, -1.0
29631.979466534773, 101, -1.0
29632.389651606965, 101, 1.0
29634.382144258703, 35, -1.0
29651.99837042561, 44, -1.0
29655.840206902518, 75, 1.0
29661.86570044327, 44, -1.0
29667.341982873928, 75, 1.0
29673.215875964386, 101, -1.0
29673.523852363072, 103, 1.0
29686.459785204697, 35, 1.0
29692.032586212543, 101, -1.0
29697.964778178437, 44, -1.0
29703.09361884672, 101, -1.0
29721.97578769629, 44, -1.0
29722.898865214735, 154, -1.0
29727.14890067961, 103, 1.0
29736.692615865115, 148, 1.0
29742.645445153772, 35, -1.0
29757.831359807526, 103, 1.0
29772.98321710578, 35, -1.0
29773.063704691638, 101, -1.0
29774.749946137228, 44, 1.0
29781.078141694754, 35, -1.0
29792.438874423122, 35, -1.0
29798.089110941975, 148, 1.0
29811.06980661885, 75, 1.0
29824.743161569117, 103, 1.0
29832.060401282837, 35, -1.0
29832.459960601485, 148, 1.0
29839.753853807582, 35, -1.0
29840.85965243786, 152, -1.0
29847.407781378573, 75, -1.0
29852.34139317252, 103, 1.0
29854.07057586152, 152, 1.0
29861.292084413817, 75, 1.0
29867.39213941811, 75, -1.0
29871.252836404616, 103, 1.0
29876.11201491517, 101, -1.0
29893.19020314205, 152, -1.0
29895.309679440812, 101, -1.0
29896.35859054244, 154, 1.0
29898.140559134838, 75, 1.0
29903.90667159953, 103, 1.0
29916.001482429674, 35, -1.0
29925.806510574555, 101, -1.0
29930.004876424784, 148, -1.0
29930.958073920363, 103, 1.0
29939.100256674796, 154, -1.0
29942.25055978129, 35, -1.0
29951.353287724207, 103, -1.0
29952.141459855582, 35, -1.0
29952.73458879375, 35, -1.0
29957.70280482783, 101, 1.0
29957.825635541783, 35, 1.0
29960.861791919568, 103, 1.0
29963.536241154725, 75, 1.0
29981.91502536357, 44, -1.0
29984.39680503546, 35, 1.0
29986.841518888712, 152, -1.0
29987.26027369636, 44, -1.0
29992.190284863023, 103, 1.0
29993.331965880036, 103, -1.0
29995.693355236675, 75, 1.0
29996.43171122462, 101, -1.0
29996.507531405474, 154, 1.0
30015.061017536616, 35, -1.0
30017.30692930908, 75, 1.0
30018.933981094582, 103, 1.0
30022.750619902254, 44, -1.0
30023.56875143726, 103, -1.0
30028.25947697338, 44, -1.0
30030.587766878616, 35, -1.0
30032.791743453978, 148, -1.0
30049.53622851596, 44, -1.0
30051.86195786095, 75, -1.0
30064.367931893266, 154, 1.0
30067.675223220605, 35, 1.0
30068.86059595254, 103, 1.0
30075.364740590798, 101, 1.0
30077.76964023213, 152, -1.0
30080.498054828422, 154, 1.0
30096.871592875388, 35, -1.0
30098.08445622595, 35, 1.0
30102.049204902898, 103, 1.0
30102.11471958992, 101, 1.0
30105.441247201612, 154, -1.0
30106.12860164908, 103, 1.0
30110.769243759634, 75, 1.0
30114.80943946127, 103, 1.0
30114.94228580769, 154, -1.0
30116.90644520472, 75, 1.0
30119.59879826642, 44, -1.0
30121.63804245664, 103, 1.0
30124.26115087397, 152, 1.0
30131.69934637289, 152, 1.0
30132.91182064518, 101, 1.0
30138.484095510466, 154, 1.0
30141.664711344933, 35, -1.0
30163.21060946341, 101, -1.0
30170.745579628452, 44, -1.0
30173.218200324132, 75, -1.0
30174.3568518586, 103, 1.0
30178.25527209117, 154, 1.0
30187.0931988686, 152, 1.0
30187.202388195754, 75, -1.0
30189.01962143768, 35, -1.0
30198.2551117678, 154, 1.0
30202.25660493107, 101, 1.0
30204.7660229968, 154, 1.0
30210.10955996876, 103, 1.0
30210.571252516416, 35, -1.0
30215.67081120347, 152, 1.0
30219.63550867263, 154, 1.0
30222.73323205571, 148, -1.0
30223.86773759399, 101, -1.0
30226.43932475945, 148, -1.0
30233.67604252125, 101, 1.0
30236.93237839183, 75, -1.0
30241.522547221997, 75, 1.0
30249.211011434647, 154, -1.0
30249.93484813784, 101, -1.0
30273.926100583514, 154, -1.0
30279.1247683725, 103, 1.0
30282.116561669573, 152, 1.0
30291.7291628432, 101, -1.0
30293.694399716704, 103, -1.0
30296.162703145143, 35, -1.0
30316.974810444026, 154, -1.0
30318.221736145966, 75, 1.0
30319.657232938815, 75, -1.0
30320.091447153314, 101, 1.0
30320.411024347646, 103, 1.0
30320.61544412571, 101, 1.0
30322.812128479083, 35, 1.0
30326.733956447075, 35, 1.0
30329.208825413873, 75, 1.0
30330.53008170283, 154, 1.0
30336.124314811535, 101, -1.0
30339.91026131544, 35, -1.0
30341.603789339082, 152, 1.0
30343.115711060338, 103, 1.0
30352.432658239235, 35, -1.0
30358.014773034065, 75, -1.0
30359.840541622387, 152, 1.0
30361.06475897387, 103, 1.0
30369.852847528036, 35, 1.0
30377.23596192468, 35, -1.0
30384.286043292053, 75, -1.0
30386.05448182518, 154, 1.0
30389.583045248346, 44, -1.0
30401.30275182052, 75, 1.0
30407.656734424414, 101, 1.0
30408.17488622709, 152, -1.0
30411.161401169327, 152, -1.0
30417.901436389457, 152, 1.0
30427.770746412607, 35, -1.0
30432.44979021239, 101, 1.0
30436.081078573916, 44, -1.0
30457.36399231729, 35, -1.0
30457.755595422128, 103, 1.0
30457.807885512342, 152, -1.0
30462.6704207835, 101, 1.0
30479.159313986114, 103, 1.0
30480.682685156105, 101, 1.0
30483.509263245975, 101, -1.0
30493.589491878716, 44, -1.0
30507.57088682802, 35, 1.0
30512.81065862866, 103, 1.0
30516.49698385068, 44, -1.0
30520.53198483571, 148, 1.0
30522.203602104033, 101, 1.0
30541.375628807287, 35, 1.0
30567.75850502531, 103, 1.0
30569.22684830875, 103, 1.0
30569.25853917617, 103, 1.0
30569.57020471819, 103, -1.0
30570.194218418284, 154, 1.0
30575.385998988262, 75, -1.0
30580.2675729309, 35, 1.0
30585.12426873967, 35, -1.0
30585.887402048844, 75, 1.0
30590.876776816945, 101, 1.0
30592.433069459832, 35, -1.0
30603.645907091748, 101, -1.0
30609.10910638175, 75, 1.0
30610.09352111924, 101, -1.0
30610.296626361574, 35, -1.0
30620.007542252726, 101, -1.0
30622.81277783075, 154, -1.0
30638.102021060986, 75, 1.0
30647.769791491915, 101, 1.0
30650.810249479662, 154, -1.0
30653.037546486143, 154, 1.0
30658.580282573566, 152, -1.0
30673.27602939298, 101, -1.0
30675.47254413473, 103, -1.0
30678.150505812016, 154, -1.0
30690.765910054346, 75, -1.0
30704.307936720452, 103, 1.0
30704.484709803924, 154, 1.0
30708.35376383513, 44, -1.0
30714.097002389604, 103, 1.0
30719.667165709503, 152, -1.0
30720.464708459775, 103, 1.0
30728.515685999377, 44, 1.0
30730.95104964856, 101, 1.0
30731.39171268496, 101, -1.0
30740.13880152866, 154, 1.0
30741.416694392516, 35, 1.0
30755.26854133759, 35, 1.0
30758.171453816045, 44, -1.0
30758.590237573284, 101, 1.0
30763.216915495614, 44, -1.0
30768.071429740914, 154, -1.0
30770.233883477104, 101, 1.0
30773.63197605371, 35, 1.0
30774.026284933483, 152, 1.0
30775.75274078791, 75, 1.0
30797.68838610078, 103, 1.0
30802.88760808545, 103, 1.0
30811.29849607452, 152, -1.0
30812.87155020142, 44, -1.0
30815.78045794132, 103, 1.0
30829.976980414627, 44, -1.0
30832.25610868081, 103, 1.0
30836.57882140324, 101, -1.0
30838.052160205993, 75, 1.0
30847.19895958566, 35, 1.0
30863.6672755256, 154, 1.0
30880.56452917757, 44, -1.0
30881.507330426197, 35, 1.0
30892.444784947606, 103, 1.0
30893.108576915598, 101, -1.0
30893.5137198625, 103, 1.0
30898.60023598275, 35, -1.0
30911.850650063083, 35, 1.0
30919.134113238822, 75, 1.0
30922.63919786571, 75, 1.0
30929.586964172726, 35, -1.0
30937.930734055495, 103, 1.0
30937.98063047116, 103, 1.0
30939.275733658218, 101, -1.0
30950.839245680465, 103, -1.0
30955.915258383146, 103, 1.0
30955.978895816883, 103, 1.0
30957.459141887965, 35, -1.0
30960.547675849793, 44, -1.0
30961.91828008146, 101, -1.0
30968.265358906334, 154, 1.0
30975.06456397879, 44, -1.0
30979.020757702525, 75, 1.0
30983.338810725396, 101, -1.0
30984.295117476962, 101, 1.0
30987.85087582686, 101, -1.0
30991.23585741424, 152, 1.0
31006.495190330297, 44, -1.0
31009.453592570295, 35, 1.0
31019.244803348898, 103, 1.0
31027.36285686828, 35, -1.0
31033.519463475364, 35, -1.0
31037.725528891864, 35, 1.0
31043.854514179577, 35, -1.0
31045.454586380543, 75, 1.0
31048.05654279021, 103, 1.0
31058.847178055916, 148, 1.0
31071.531278732997, 35, -1.0
31081.817852436616, 75, 1.0
31084.859863630794, 44, -1.0
31085.490599403893, 75, 1.0
31087.653191925052, 101, 1.0
31090.68037515466, 101, 1.0
31098.398771708267, 35, 1.0
31098.773965573666, 35, -1.0
31102.283528111544, 44, -1.0
31104.461351183632, 35, -1.0
31107.55234470926, 101, -1.0
31108.280954610535, 101, -1.0
31117.7771401632, 35, -1.0
31122.178074494954, 152, -1.0
31130.98454918981, 35, 1.0
31137.05652558899, 35, -1.0
31154.567688336923, 101, 1.0
31157.63736866874, 75, -1.0
31159.198909754516, 75, 1.0
31161.062825596433, 101, -1.0
31185.76202926593, 44, -1.0
31194.765262090772, 103, 1.0
31203.16336998497, 152, 1.0
31217.94202821024, 152, -1.0
31220.897695968815, 35, 1.0
31221.348664469908, 35, 1.0
31222.980980322867, 75, 1.0
31240.708739220692, 44, -1.0
31241.02437018377, 154, 1.0
31241.168363204197, 148, -1.0
31244.73752842069, 44, 1.0
31253.588628507823, 152, -1.0
31268.910224258052, 101, -1.0
31272.31640699089, 35, -1.0
31283.877322773835, 35, -1.0
31285.31629348847, 101, -1.0
31286.745177611803, 35, -1.0
31292.795969955347, 154, 1.0
31296.50206096106, 35, -1.0
31300.99033571904, 103, -1.0
31310.48236018085, 103, -1.0
31314.172622013524, 101, -1.0
31315.33443392694, 75, 1.0
31336.79658821275, 103, -1.0
31348.507111126048, 103, 1.0
31349.89129293939, 35, -1.0
31353.39847733803, 103, 1.0
31370.58795071779, 35, -1.0
31372.41163093415, 44, -1.0
31379.0675718821, 154, -1.0
31388.008369621522, 101, 1.0
31388.18739184805, 35, -1.0
31390.54258994194, 75, 1.0
31392.477429045026, 101, -1.0
31396.99419947647, 103, 1.0
31406.970748808802, 148, 1.0
31414.963808088385, 35, -1.0
31415.250601853626, 44, -1.0
31435.52732938206, 103, 1.0
31454.628784687055, 101, 1.0
31456.972651450855, 35, 1.0
31462.22417718012, 152, 1.0
31467.59691529751, 154, -1.0
31481.212355382675, 103, 1.0
31482.99990853406, 35, 1.0
31485.03193665121, 75, 1.0
31487.22829687607, 75, 1.0
31509.194895125795, 103, 1.0
31510.485208539827, 44, -1.0
31514.61106505043, 103, 1.0
31532.9293691899, 101, -1.0
31552.245613234383, 35, 1.0
31554.41516656022, 75, 1.0
31556.063399894974, 152, -1.0
31558.29625868853, 103, 1.0
31564.419458059332, 152, -1.0
31569.867923731224, 103, 1.0
31586.248673462036, 152, 1.0
31587.770318360108, 44, 1.0
31595.787353698594, 152, -1.0
31604.271640110903, 152, -1.0
31609.53639607159, 35, 1.0
31610.89013842518, 103, 1.0
31613.526849245147, 103, 1.0
31613.561090948133, 103, 1.0
31625.62419124045, 101, -1.0
31628.894897021346, 75, 1.0
31629.436433268424, 35, -1.0
31636.74371267875, 103, 1.0
31637.119298019425, 35, -1.0
31638.428061831542, 154, -1.0
31642.528129259907, 152, -1.0
31646.605931257953, 101, 1.0
31650.13983942704, 101, -1.0
31657.11603660745, 103, 1.0
31658.578616822357, 103, -1.0
31666.40362406859, 75, 1.0
31672.40947489347, 75, 1.0
31688.232011336844, 101, 1.0
31711.389722205247, 101, -1.0
31711.909372957914, 75, -1.0
31716.178137617346, 154, -1.0
31717.754432069927, 35, -1.0
31726.47448815696, 103, 1.0
31727.17721841778, 152, 1.0
31740.372485492964, 75, 1.0
31740.86355295638, 103, 1.0
31745.632977081616, 101, -1.0
31749.51831269653, 35, -1.0
31749.52981604277, 35, -1.0
31760.832931668956, 103, 1.0
31765.11235775066, 101, -1.0
31769.65136591364, 152, 1.0
31788.360540972863, 103, 1.0
31788.781635455172, 35, -1.0
31791.82877595073, 101, -1.0
31794.354730446503, 75, 1.0
31798.023082078114, 148, -1.0
31800.035392036585, 103, 1.0
31802.365727056873, 101, 1.0
31804.84402147976, 154, -1.0
31820.706095766724, 148, 1.0
31824.63129393443, 152, -1.0
31843.89280184216, 154, 1.0
31849.743066137748, 35, 1.0
31856.289500708284, 75, -1.0
31865.740897934476, 101, 1.0
31872.227835953086, 35, -1.0
31887.072392474816, 44, -1.0
31889.773093704003, 103, 1.0
31898.48998821802, 154, 1.0
31903.04465919056, 101, 1.0
31906.613666681784, 103, 1.0
31908.630326316656, 103, -1.0
31909.194997059618, 103, -1.0
31910.15382716803, 75, 1.0
31914.11591174268, 35, -1.0
31919.825477239952, 35, 1.0
31921.958635999832, 103, 1.0
31924.686509791387, 101, -1.0
31928.25646165836, 101, -1.0
31929.07512399445, 103, 1.0
31938.378679455862, 103, -1.0
31943.175102229732, 101, 1.0
31947.611133449103, 101, 1.0
31948.355674870923, 101, -1.0
31950.33662937745, 101, 1.0
31951.551614203094, 35, -1.0
31951.652349080472, 152, -1.0
31955.554455214075, 154, -1.0
31955.581401355783, 103, -1.0
31964.17038144855, 154, -1.0
31973.1396846567, 75, 1.0
31978.596602161473, 152, 1.0
31989.630165128783, 154, -1.0
31990.536218271274, 44, -1.0
31995.53846227828, 154, 1.0
32005.325226474073, 35, -1.0
32008.683316740346, 35, -1.0
32015.200108055484, 44, -1.0
32016.40718505444, 35, 1.0
32019.443010237435, 35, -1.0
32026.110466256538, 35, -1.0
32026.86793904518, 35, 1.0
32035.639159447845, 35, -1.0
32042.958121431097, 101, 1.0
32043.624257511674, 35, -1.0
32059.543917962095, 103, 1.0
32073.359168766834, 35, 1.0
32076.741570642334, 75, 1.0
32079.89191380773, 75, -1.0
32094.22417786236, 35, -1.0
32096.81460312011, 103, 1.0
32103.49170753472, 75, 1.0
32104.37655166414, 75, 1.0
32107.18258172289, 35, 1.0
32108.83076363809, 44, -1.0
32112.776765344894, 101, -1.0
32130.64875464706, 75, -1.0
32132.881868186192, 35, -1.0
32137.031466006913, 101, 1.0
32137.39053374303, 44, 1.0
32143.72301757227, 103, 1.0
32143.970933248365, 152, -1.0
32163.733054330463, 75, 1.0
32172.95336052699, 101, -1.0
32177.499862734567, 35, 1.0
32183.81732752841, 152, 1.0
32183.989881567533, 152, -1.0
32184.1689957189, 101, 1.0
32188.63130755704, 103, 1.0
32209.94126922247, 103, 1.0
32211.450228449234, 101, -1.0
32220.986209862625, 103, 1.0
32226.681911816286, 75, 1.0
32227.009317027267, 101, -1.0
32229.17253457755, 154, -1.0
32229.36104160487, 101, 1.0
32235.671290802733, 152, -1.0
32242.062691866144, 101, 1.0
32242.148472572855, 152, -1.0
32251.48287677871, 35, 1.0
32270.929336880643, 35, -1.0
32278.286101096422, 35, -1.0
32279.541372290932, 101, 1.0
32280.77565953976, 152, -1.0
32284.07614480805, 154, 1.0
32286.519206246863, 101, 1.0
32295.162120781955, 101, 1.0
32300.524885253417, 35, -1.0
32301.630395547003, 44, -1.0
32302.74494511497, 154, 1.0
32305.739600572328, 35, -1.0
32308.443204755695, 152, -1.0
32313.312582721377, 154, -1.0
32314.90642640882, 44, -1.0
32315.542352708922, 152, -1.0
32326.206066273662, 152, -1.0
32328.275472902078, 103, 1.0
32328.431083706477, 75, 1.0
32346.273478065203, 154, 1.0
32351.776087986662, 75, -1.0
32371.921352851085, 152, -1.0
32377.096159394234, 75, -1.0
32380.926871893666, 101, -1.0
32385.04486315989, 35, -1.0
32403.185776113125, 148, -1.0
32406.32569976404, 148, -1.0
32406.576418267174, 101, 1.0
32410.953839451846, 152, -1.0
32415.580519674157, 44, -1.0
32418.62477109211, 152, -1.0
32424.34582156519, 152, -1.0
32426.365728200868, 35, 1.0
32432.11147020034, 101, -1.0
32447.78576709948, 152, -1.0
32462.499805823067, 152, -1.0
32471.41549366803, 103, 1.0
32474.23307153279, 152, 1.0
32486.90299820105, 101, 1.0
32488.10881849162, 75, -1.0
32499.53747587921, 148, -1.0
32504.99660581887, 101, -1.0
32517.235555364034, 152, -1.0
32524.084722606018, 152, 1.0
32524.345693922034, 148, 1.0
32526.06413847354, 103, 1.0
32555.965157798877, 75, 1.0
32565.773577877673, 101, -1.0
32567.306673016454, 101, 1.0
32567.764176586803, 154, 1.0
32572.124429670395, 75, -1.0
32585.466498390866, 148, -1.0
32586.12745379986, 101, 1.0
32586.32663592269, 152, -1.0
32592.72614223511, 154, 1.0
32596.51336116506, 148, -1.0
32602.27303362863, 101, 1.0
32607.073580199616, 148, -1.0
32622.894094645995, 154, 1.0
32627.319635007327, 101, -1.0
32631.9833346099, 154, -1.0
32635.961039800717, 101, 1.0
32636.991782275225, 101, 1.0
32644.9198466083, 35, -1.0
32646.888910267593, 152, -1.0
32649.642735283072, 103, 1.0
32650.43112562838, 148, -1.0
32652.15918775974, 35, -1.0
32653.889946478368, 103, 1.0
32654.483522996292, 152, 1.0
32660.548469710113, 35, -1.0
32670.772993911054, 152, 1.0
32670.85979329436, 152, -1.0
32676.515038981084, 35, -1.0
32680.649203954825, 103, 1.0
32681.62461284368, 101, 1.0
32683.482522825085, 103, 1.0
32683.97638111391, 152, 1.0
32690.541744711565, 101, 1.0
32691.03643975, 75, 1.0
32698.256176120816, 101, -1.0
32714.21423885218, 154, 1.0
32716.362320273507, 103, -1.0
32720.87191354849, 101, 1.0
32722.459170558217, 101, 1.0
32723.64048184913, 75, 1.0
32728.02498185553, 152, -1.0
32735.50719488072, 154, 1.0
32743.318763355874, 75, -1.0
32749.274025050807, 35, -1.0
32750.098321817284, 35, -1.0
32751.570670050925, 152, -1.0
32756.90901041215, 75, 1.0
32760.50615009455, 101, -1.0
32763.20816380006, 35, -1.0
32768.945951174726, 154, 1.0
32768.99087926451, 103, 1.0
32771.097096392434, 101, 1.0
32775.534153677814, 154, 1.0
32776.92127389151, 35, -1.0
32786.36846280761, 103, 1.0
32787.98235605946, 101, 1.0
32796.81823386115, 101, -1.0
32797.192131205185, 148, -1.0
32802.29689130104, 35, 1.0
32804.54082867605, 35, 1.0
32810.55673831356, 103, 1.0
32817.017785093885, 44, -1.0
32820.38771742245, 35, -1.0
32823.095417466604, 75, 1.0
32846.017894917066, 35, -1.0
32848.31455608363, 152, -1.0
32865.7139325406, 35, 1.0
32870.746934501716, 35, -1.0
32871.63869486118, 75, -1.0
32872.445957038035, 152, 1.0
32873.75873788184, 148, -1.0
32876.28496274845, 103, 1.0
32880.62337346955, 103, 1.0
32882.8061756327, 101, 1.0
32883.41660385183, 154, -1.0
32885.37983550293, 152, 1.0
32885.97000320752, 154, 1.0
32893.943899095306, 152, -1.0
32904.34548331532, 103, 1.0
32907.69839356499, 154, 1.0
32909.30374661156, 75, -1.0
32917.72522625434, 152, 1.0
32918.16405901024, 154, 1.0
32919.792423091596, 154, -1.0
32920.720743588834, 101, 1.0
32928.7738452188, 103, 1.0
32931.509587589666, 154, 1.0
32941.28897981541, 35, -1.0
32943.975279219085, 35, -1.0
32947.136799975844, 103, 1.0
32957.76085322681, 152, -1.0
32965.031892620835, 152, 1.0
32975.02686037427, 35, 1.0
32975.9884127736, 75, -1.0
32994.51998700511, 101, -1.0
32997.341814096544, 101, 1.0
33004.43535726917, 154, 1.0
33005.38658512893, 101, 1.0
33006.54697119968, 154, 1.0
33008.49188713937, 75, -1.0
33013.760545091754, 101, 1.0
33014.37934264994, 35, 1.0
33021.60850148072, 75, -1.0
33032.91784350867, 44, -1.0
33038.33655935532, 148, -1.0
33038.452922915836, 148, -1.0
33045.0897195729, 103, -1.0
33046.591617146725, 152, -1.0
33062.005853659204, 103, 1.0
33069.07769173923, 35, 1.0
33074.89663014597, 152, 1.0
33078.71822440858, 152, -1.0
33089.84919282588, 35, -1.0
33092.96921814857, 152, -1.0
33103.463181571555, 35, -1.0
33103.985305425216, 152, 1.0
33118.84117185281, 152, 1.0
33129.42473881093, 103, 1.0
33135.49730549565, 75, 1.0
33136.29594513451, 101, 1.0
33139.12620051147, 152, 1.0
33149.08705327873, 101, -1.0
33150.06014080637, 148, -1.0
33157.28715308495, 152, -1.0
33171.793555099175, 103, 1.0
33172.86849044452, 148, -1.0
33178.32791867853, 154, 1.0
33181.38687210763, 154, 1.0
33181.63888641599, 152, -1.0
33183.377145146216, 101, -1.0
33188.10011436036, 101, 1.0
33190.986593672445, 152, -1.0
33194.26083345977, 44, -1.0
33204.66964377117, 152, -1.0
33208.1171507129, 148, 1.0
33212.93925214483, 103, 1.0
33217.86063152942, 35, -1.0
33219.87951992474, 35, -1.0
33222.73199141768, 103, 1.0
33235.82691468196, 35, 1.0
33243.42547349638, 35, -1.0
33265.22675748462, 75, -1.0
33271.66395515436, 152, -1.0
33273.17173122707, 154, 1.0
33279.55262256719, 103, 1.0
33288.76319709762, 35, -1.0
33289.787309322215, 152, 1.0
33303.176667003514, 101, 1.0
33304.99554569293, 103, 1.0
33306.87528767598, 152, -1.0
33310.046997920785, 35, -1.0
33310.562665665355, 152, -1.0
33327.290707782966, 103, 1.0
33330.60256204402, 44, -1.0
33332.348941565826, 44, 1.0
33332.709782944024, 148, -1.0
33337.20791333095, 148, -1.0
33340.124740978754, 101, 1.0
33347.847491822664, 152, 1.0
33354.77207523718, 103, -1.0
33361.68798658494, 101, 1.0
33367.2662722028, 154, -1.0
33384.01468772534, 152, -1.0
33389.40042906477, 35, -1.0
33395.46946766885, 101, 1.0
33396.37497426484, 75, -1.0
33401.17480286656, 152, -1.0
33402.621817641986, 152, 1.0
33402.864423761865, 35, -1.0
33410.45127865321, 44, -1.0
33433.95004257563, 35, -1.0
33438.53967089116, 35, 1.0
33446.267761232535, 75, -1.0
33450.04608149529, 152, -1.0
33451.04678624936, 152, 1.0
33453.34268771739, 35, -1.0
33459.47070296222, 101, 1.0
33461.55419875287, 75, -1.0
33463.0087560718, 103, -1.0
33473.56300740621, 35, 1.0
33474.18027555072, 101, 1.0
33475.50177126024, 44, -1.0
33493.28072817332, 75, 1.0
33502.26489179343, 75, 1.0
33503.362338444065, 103, 1.0
33523.9695652229, 152, 1.0
33529.23681582938, 101, -1.0
33533.38417313866, 35, -1.0
33533.561487313535, 75, 1.0
33538.53767370462, 44, -1.0
33542.32088428627, 154, 1.0
33544.19885825223, 101, -1.0
33550.984803698455, 44, -1.0
33556.80313862722, 152, 1.0
33558.933437326246, 152, 1.0
33562.69361698646, 152, 1.0
33570.15116921727, 103, -1.0
33577.934082437525, 103, 1.0
33581.53122716922, 44, -1.0
33591.87149887392, 101, 1.0
33592.67921919855, 44, -1.0
33592.81044404968, 101, -1.0
33610.20820133801, 148, -1.0
33611.763448047466, 152, 1.0
33613.18508992306, 35, -1.0
33615.97713782327, 148, -1.0
33621.45719153545, 44, -1.0
33625.046776624535, 152, -1.0
33633.053496643915, 75, -1.0
33636.977811279095, 75, -1.0
33638.20040039328, 75, -1.0
33640.71199268271, 75, -1.0
33645.173759436984, 35, -1.0
33647.080880775036, 152, 1.0
33648.93930921086, 101, 1.0
33659.7445753092, 101, -1.0
33671.121344908024, 152, 1.0
33673.20581199821, 75, -1.0
33679.02146120015, 35, -1.0
33687.285559021504, 101, -1.0
33703.68985287286, 154, 1.0
33706.558586835075, 152, 1.0
33707.90374181996, 103, 1.0
33709.2603469507, 101, -1.0
33728.8568986609, 152, -1.0
33756.5641762316, 148, -1.0
33756.748264329384, 152, -1.0
33758.67760081258, 44, -1.0
33765.132316114425, 152, -1.0
33775.51481645718, 35, 1.0
33780.20668777627, 154, 1.0
33805.39664886428, 44, 1.0
33811.28016792634, 35, -1.0
33829.24688765649, 152, 1.0
33834.67707915332, 103, 1.0
33837.42913915568, 101, 1.0
33837.676319383885, 154, 1.0
33849.49017049486, 154, 1.0
33855.38106641117, 35, -1.0
33857.03537637417, 103, 1.0
33858.62894809139, 75, 1.0
33860.388239997206, 101, -1.0
33872.906801255594, 75, 1.0
33873.424318943325, 35, 1.0
33881.2497541989, 35, -1.0
33882.02630335159, 103, 1.0
33885.67105404904, 103, 1.0
33886.74116327989, 35, 1.0
33896.66298764592, 35, -1.0
33897.767815843574, 35, 1.0
33899.15745814223, 154, -1.0
33902.2352217592, 154, 1.0
33910.02253214389, 154, 1.0
33919.433834600415, 152, -1.0
33921.25599529978, 101, -1.0
33921.805906977046, 101, -1.0
33929.41985777413, 148, 1.0
33930.197606245754, 101, 1.0
33942.7641341169, 35, -1.0
33943.49062010929, 152, 1.0
33949.0209045296, 75, -1.0
33961.051360379315, 101, 1.0
33964.353862605894, 101, -1.0
33965.08022987566, 101, 1.0
33967.47165855888, 152, -1.0
33967.85604844509, 152, -1.0
33969.32473356523, 148, -1.0
33970.97085174058, 154, 1.0
33977.285179868035, 75, 1.0
33993.35046381686, 75, -1.0
33997.29648593765, 103, -1.0
34013.393724361784, 35, -1.0
34015.517187527104, 148, -1.0
34018.19185869556, 75, -1.0
34018.34673844075, 152, 1.0
34023.25053069361, 148, -1.0
34025.19661805762, 75, -1.0
34033.474442104365, 75, -1.0
34037.30875188086, 154, 1.0
34038.4077801366, 154, 1.0
34043.736024434176, 103, 1.0
34048.74806644403, 152, -1.0
34054.153171497266, 101, 1.0
34067.86728444541, 101, 1.0
34077.6501306757, 44, 1.0
34083.1190356584, 154, -1.0
34093.277827498736, 101, 1.0
34106.646537959256, 101, -1.0
34110.72405426304, 152, -1.0
34115.33649653567, 75, -1.0
34117.23219502126, 103, 1.0
34121.15095903569, 152, -1.0
34122.46140158387, 75, 1.0
34123.42304989183, 101, -1.0
34123.54333320676, 35, 1.0
34123.766844246864, 35, -1.0
34124.12332277262, 101, 1.0
34127.73358564312, 152, -1.0
34134.78416982207, 154, 1.0
34147.475223258094, 152, -1.0
34153.20454270767, 35, 1.0
34153.511829116986, 148, -1.0
34154.542808561775, 101, 1.0
34161.89038629153, 35, 1.0
34178.554851428824, 35, -1.0
34179.834891867926, 44, 1.0
34181.82347817888, 152, 1.0
34182.92460877063, 154, 1.0
34188.76049342115, 148, -1.0
34197.680908957875, 148, -1.0
34198.60869835365, 152, 1.0
34200.03544462593, 35, 1.0
34201.57123768606, 152, -1.0
34207.64745403624, 152, 1.0
34214.08752700575, 75, 1.0
34214.602896663426, 75, 1.0
34216.55293247942, 35, -1.0
34217.47184611094, 148, 1.0
34222.46734035962, 101, -1.0
34224.80503980359, 152, 1.0
34234.10101203656, 152, -1.0
34241.47963718902, 152, 1.0
34246.221522126994, 75, 1.0
34248.263968111816, 154, 1.0
34252.756716245596, 101, 1.0
34261.27126218616, 152, 1.0
34273.74955866473, 103, 1.0
34279.17689629148, 103, 1.0
34289.398281564565, 152, -1.0
34291.80449068919, 101, 1.0
34320.52612651716, 101, 1.0
34337.57845463326, 103, -1.0
34341.713828424974, 75, 1.0
34345.46440618515, 75, -1.0
34348.343533488835, 35, 1.0
34362.505935835004, 101, -1.0
34363.80745370207, 35, 1.0
34372.50875827405, 101, -1.0
34376.36850713295, 103, -1.0
34376.77016666162, 35, -1.0
34378.4050579628, 103, -1.0
34385.85720931688, 75, -1.0
34403.4052526761, 101, -1.0
34415.505917397415, 154, 1.0
34418.34511025625, 101, 1.0
34418.964148765524, 101, 1.0
34425.133925110815, 35, -1.0
34429.83961936718, 101, -1.0
34435.51374154122, 154, 1.0
34453.70301356269, 44, -1.0
34457.47359074817, 152, -1.0
34478.93266151725, 152, -1.0
34493.91116952614, 35, -1.0
34495.28477209517, 103, 1.0
34497.67954841703, 154, 1.0
34499.538065881265, 148, 1.0
34499.65940560215, 103, -1.0
34503.69763440818, 152, 1.0
34513.17536557514, 154, 1.0
34526.71842757314, 35, 1.0
34527.386940568686, 154, 1.0
34528.89534015705, 154, 1.0
34531.72251149767, 103, 1.0
34532.13947742125, 101, -1.0
34532.688184527, 103, -1.0
34536.15435305832, 75, -1.0
34542.306266289546, 152, 1.0
34548.642972298054, 148, -1.0
34560.106072894145, 152, -1.0
34563.11015142031, 101, 1.0
34584.43999844659, 35, 1.0
34593.24064766959, 103, 1.0
34595.68416463812, 44, 1.0
34598.05964415411, 75, -1.0
34607.134102214986, 101, -1.0
34611.596221291744, 101, 1.0
34619.11687703898, 44, -1.0
34625.09454680648, 152, -1.0
34628.54677766218, 35, -1.0
34631.540893918944, 35, -1.0
34638.36917417744, 44, -1.0
34639.00809752777, 152, 1.0
34640.1917765598, 75, -1.0
34643.94677573173, 103, 1.0
34649.538565008916, 101, -1.0
34670.818816021114, 75, 1.0
34676.60233203009, 75, -1.0
34684.3618839748, 148, -1.0
34685.919636412706, 101, -1.0
34686.50898916817, 44, 1.0
34690.64640416012, 103, 1.0
34702.17513798985, 75, 1.0
34705.04972378599, 35, -1.0
34705.11925734381, 35, -1.0
34705.92812227795, 44, -1.0
34709.88983007071, 103, 1.0
34720.051295879595, 101, 1.0
34721.495964141155, 148, -1.0
34723.10372926084, 152, -1.0
34737.62617937205, 75, -1.0
34739.59421991452, 75, -1.0
34740.16286056902, 44, -1.0
34744.8749147565, 101, 1.0
34749.86745113996, 154, 1.0
34762.94782265378, 148, -1.0
34773.65054988912, 75, 1.0
34773.893179239305, 152, -1.0
34778.28148750213, 101, -1.0
34785.334335859785, 75, -1.0
34785.98552716537, 75, -1.0
34788.7309979602, 148, -1.0
34796.98900937123, 152, -1.0
34810.31790369263, 152, 1.0
34821.305044338216, 152, 1.0
34823.64078796029, 152, 1.0
34826.08120439769, 101, 1.0
34827.869674758556, 35, 1.0
34831.098107070284, 35, -1.0
34835.8771013065, 101, 1.0
34841.50968920087, 101, 1.0
34841.52833753171, 101, 1.0
34842.76598102765, 75, 1.0
34861.87733361399, 35, 1.0
34865.908683342146, 154, 1.0
34869.965766716356, 154, 1.0
34871.22908601794, 103, 1.0
34890.41033235317, 75, -1.0
34891.783893250475, 148, -1.0
34892.20540526105, 152, -1.0
34895.38927860105, 152, 1.0
34896.8415892421, 101, 1.0
34905.59373591177, 101, -1.0
34906.491370167925, 154, 1.0
34906.90991847762, 35, 1.0
34914.74570501785, 152, -1.0
34925.823947149875, 75, 1.0
34926.92485620899, 35, -1.0
34935.10039929452, 75, 1.0
34936.410552195586, 152, 1.0
34943.10813471376, 35, 1.0
34960.313803043704, 44, -1.0
34963.59367059654, 35, -1.0
34972.68333089035, 35, 1.0
34973.11883706551, 152, -1.0
34977.73484698757, 75, -1.0
34979.32289766682, 148, 1.0
34980.72797487624, 152, -1.0
34992.09474307091, 75, 1.0
34994.772918535964, 148, -1.0
35002.23878516328, 101, 1.0
35004.42120578888, 75, 1.0
35006.52861696947, 148, 1.0
35008.01805554342, 148, -1.0
35024.4310643258, 103, 1.0
35024.50006236667, 44, 1.0
35032.514236764946, 101, -1.0
35046.874557266834, 152, 1.0
35047.86845550677, 101, 1.0
35050.91785028033, 152, 1.0
35054.68452477959, 44, -1.0
35056.36284313295, 154, 1.0
35057.18208539863, 75, 1.0
35067.60335932018, 152, -1.0
35068.00252008199, 75, 1.0
35074.52858563065, 35, 1.0
35078.68759404837, 44, -1.0
35081.18802127885, 75, 1.0
35086.0261791599, 148, -1.0
35087.31599849871, 101, -1.0
35093.430041277374, 148, -1.0
35100.33571153773, 35, 1.0
35101.33862059113, 103, 1.0
35102.222290386824, 148, -1.0
35102.70800335085, 103, 1.0
35102.741717641926, 154, 1.0
35108.95723047746, 101, -1.0
35125.294074445745, 75, -1.0
35141.75230383625, 75, -1.0
35147.14826359326, 101, -1.0
35151.68153720638, 75, -1.0
35151.887428970746, 101, -1.0
35153.559676559584, 152, -1.0
35154.47690780683, 154, 1.0
35157.709952839425, 75, -1.0
35158.15619607514, 101, 1.0
35161.04538095703, 75, 1.0
35167.24953496889, 35, 1.0
35169.01440651738, 152, -1.0
35174.99308556483, 101, -1.0
35177.76103993191, 75, -1.0
35188.64528290809, 103, 1.0
35198.939641771256, 152, -1.0
35199.44688372211, 103, 1.0
35201.442074120954, 154, 1.0
35203.06030419204, 103, -1.0
35204.65495698419, 101, -1.0
35210.23372928273, 35, -1.0
35221.98502396474, 148, -1.0
35229.60098797699, 152, 1.0
35239.88375992354, 101, -1.0
35258.30177256707, 103, -1.0
35260.307541729126, 35, 1.0
35262.63363605694, 75, -1.0
35272.94677223313, 148, -1.0
35285.27237102724, 75, 1.0
35286.3678658676, 101, -1.0
35288.68215329158, 35, -1.0
35291.39355739632, 101, 1.0
35299.419437361255, 101, 1.0
35303.07166426929, 35, -1.0
35303.94993263307, 148, -1.0
35308.23966610026, 35, -1.0
35308.29801538046, 44, 1.0
35308.59995444209, 44, -1.0
35309.47629534193, 152, 1.0
35323.66631444455, 103, 1.0
35329.67064552881, 35, -1.0
35336.067396083134, 101, -1.0
35336.91910756604, 152, -1.0
35341.495183305124, 101, 1.0
35342.99393414722, 148, -1.0
35346.85517969289, 148, -1.0
35347.069773316005, 152, -1.0
35355.62487061418, 75, -1.0
35356.65188698327, 154, 1.0
35365.97298930754, 101, -1.0
35370.689584760155, 154, -1.0
35373.49886127807, 101, 1.0
35377.188848619706, 75, -1.0
35391.00107093131, 152, 1.0
35392.0895261528, 75, -1.0
35392.178969270404, 44, -1.0
35396.08710503018, 75, -1.0
35401.998974507726, 152, -1.0
35402.79007863403, 101, -1.0
35409.5031431948, 101, 1.0
35410.21479246023, 152, 1.0
35410.887609634556, 35, -1.0
35413.80413689622, 35, -1.0
35419.03922429314, 101, 1.0
35440.97322768887, 152, -1.0
35441.59245041934, 152, -1.0
35441.819827243904, 101, 1.0
35445.08683882161, 75, -1.0
35446.663772145264, 35, -1.0
35449.76928670965, 44, 1.0
35450.43280527427, 75, 1.0
35471.36057515729, 152, -1.0
35471.460348658584, 152, 1.0
35480.39206602029, 148, -1.0
35484.7334339083, 148, -1.0
35486.30626726657, 101, -1.0
35489.57696623632, 44, -1.0
35489.784474099746, 75, -1.0
35492.604235509665, 101, -1.0
35493.23295691871, 75, -1.0
35494.58006278549, 148, -1.0
35499.75095994892, 103, 1.0
35510.42915070476, 101, 1.0
35511.28370098389, 152, -1.0
35519.22249335335, 101, -1.0
35519.50017998429, 101, -1.0
35521.719747934774, 35, -1.0
35543.301181116265, 103, -1.0
35577.85484626747, 103, 1.0
35584.78780661276, 35, -1.0
35590.071762232204, 148, -1.0
35611.041841594946, 101, 1.0
35614.11919558922, 44, -1.0
35617.2454664651, 103, 1.0
35628.87674828428, 44, 1.0
35630.272193409866, 35, 1.0
35632.58080260732, 103, -1.0
35640.88783896089, 75, -1.0
35644.057911270254, 44, -1.0
35654.391272325236, 35, 1.0
35660.136610531365, 35, 1.0
35687.057565625444, 148, -1.0
35711.707051984835, 148, -1.0
35712.47712054734, 35, -1.0
35712.71703249742, 152, 1.0
35717.95860870635, 154, 1.0
35725.61372258688, 103, 1.0
35726.42511985478, 101, -1.0
35728.006579624096, 75, -1.0
35742.43115291332, 148, -1.0
35743.31496434661, 148, -1.0
35743.795743413, 101, -1.0
35760.275026046664, 103, 1.0
35761.952600092816, 148, 1.0
35764.70104233858, 148, -1.0
35766.53776771689, 101, -1.0
35766.62334167096, 152, 1.0
35768.78096112891, 152, -1.0
35777.52763230014, 152, 1.0
35778.490167866716, 152, 1.0
35782.62048086527, 101, -1.0
35788.397974323205, 154, 1.0
35791.89020991491, 101, -1.0
35795.27531662504, 35, 1.0
35795.79007095543, 148, -1.0
35803.74795114939, 35, 1.0
35805.57147111585, 44, 1.0
35814.26193899452, 103, 1.0
35814.271742073135, 152, 1.0
35814.86496806965, 101, 1.0
35816.4916936251, 152, 1.0
35816.73639269333, 148, -1.0
35822.472247281345, 35, -1.0
35824.05314843882, 35, -1.0
35827.8101617701, 152, 1.0
35829.633718935685, 35, 1.0
35836.78579129177, 35, 1.0
35836.847031443074, 148, -1.0
35837.31702024624, 35, -1.0
35841.40279696379, 103, 1.0
35843.93047523978, 44, -1.0
35849.28565553632, 152, 1.0
35855.65109952279, 35, 1.0
35862.00730929396, 148, -1.0
35865.92558567934, 148, -1.0
35868.26470854054, 103, 1.0
35869.39164589096, 101, 1.0
35873.76104902965, 75, 1.0
35879.291487160604, 154, 1.0
35879.83555269451, 148, -1.0
35898.36379357403, 35, -1.0
35899.084878686335, 154, 1.0
35899.64756562105, 101, 1.0
35902.61604033249, 35, -1.0
35904.66365588115, 152, 1.0
35921.171666653536, 154, 1.0
35925.83356025935, 152, -1.0
35930.52659255091, 101, 1.0
35931.83952387047, 148, -1.0
35933.50854763359, 75, -1.0
35937.08494117923, 152, 1.0
35939.79002551888, 154, -1.0
35941.518937204426, 154, 1.0
35953.129023180525, 103, -1.0
35953.573959356945, 148, -1.0
35956.145176283266, 101, -1.0
35960.17336246795, 152, -1.0
35966.542533769796, 75, -1.0
35984.079378421804, 101, 1.0
35986.61034444186, 101, 1.0
