21607.540309834178, 75, 1.0
21615.117948347564, 101, 1.0
21616.929149462303, 148, -1.0
21618.617775302224, 103, 1.0
21627.70840539086, 35, -1.0
21628.532931294434, 75, 1.0
21629.502354115994, 75, 1.0
21630.36584361794, 103, 1.0
21634.430842132704, 152, -1.0
21649.053588264156, 103, 1.0
21650.95676641895, 44, -1.0
21655.445229732602, 75, 1.0
21655.88757590208, 35, -1.0
21666.284323180065, 44, -1.0
21692.221234137993, 101, 1.0
21698.469503789493, 103, 1.0
21699.021194775392, 75, 1.0
21701.88548250508, 103, 1.0
21706.92112367635, 75, 1.0
21707.07717051693, 152, -1.0
21707.166816074623, 154, -1.0
21712.562609441175, 101, -1.0
21729.76567017392, 35, -1.0
21739.465871948647, 101, -1.0
21742.079179676424, 35, -1.0
21743.543018001634, 44, 1.0
21747.80346965306, 44, -1.0
21755.696868574152, 103, 1.0
21757.930734661953, 103, 1.0
21759.7541548974, 75, 1.0
21761.754540180962, 75, 1.0
21766.062325229985, 44, -1.0
21774.482872714096, 152, -1.0
21775.278678484345, 148, -1.0
21778.348847938287, 75, 1.0
21787.618476986594, 101, -1.0
21796.77792796921, 44, 1.0
21801.526735544034, 75, 1.0
21803.306675976142, 152, 1.0
21807.650958238322, 152, -1.0
21816.062235472236, 35, -1.0
21818.720370953375, 101, -1.0
21820.535633609285, 44, -1.0
21836.675037636618, 35, -1.0
21842.328460485693, 44, 1.0
21849.416802232172, 44, -1.0
21849.756597239273, 148, -1.0
21853.000797036068, 75, 1.0
21853.98361388918, 35, -1.0
21855.706685637793, 152, -1.0
21859.375211347255, 44, -1.0
21859.682311833243, 44, -1.0
21860.76812278188, 148, -1.0
21860.86330491647, 103, 1.0
21869.51541746682, 35, -1.0
21872.419251336734, 148, -1.0
21873.07244907373, 101, -1.0
21875.315616333017, 35, -1.0
21879.011668893156, 75, 1.0
21882.270147079373, 101, -1.0
21884.39784662383, 75, 1.0
21888.12762755493, 103, 1.0
21888.38572911624, 75, 1.0
21892.423902210954, 75, 1.0
21893.721972832012, 35, -1.0
21894.535872907516, 35, -1.0
21903.76742179012, 75, 1.0
21906.062563400017, 103, 1.0
21909.336860259402, 154, -1.0
21912.94171994306, 103, 1.0
21913.169307038323, 103, 1.0
21914.399434284256, 35, 1.0
21922.15023968937, 75, 1.0
21930.40834388172, 154, -1.0
21932.85354680533, 103, 1.0
21941.853548983836, 35, -1.0
21946.789288850483, 154, -1.0
21946.938375318157, 75, 1.0
21952.205079323798, 101, -1.0
21954.50726290918, 44, -1.0
21958.542148167613, 152, -1.0
21959.983499007216, 75, 1.0
21960.898592997306, 35, -1.0
21968.271264971667, 35, -1.0
21975.27301065194, 35, 1.0
21978.449871172535, 103, 1.0
21982.45222474019, 148, 1.0
21983.922079067597, 148, -1.0
21985.213162464723, 103, 1.0
21987.99626739345, 103, 1.0
21994.366234454912, 148, -1.0
22000.113858822086, 154, 1.0
22003.304716603103, 35, -1.0
22004.858943170206, 103, 1.0
22007.020973611143, 35, -1.0
22015.458841418982, 35, 1.0
22016.89556474891, 75, 1.0
22017.0334235914, 35, -1.0
22024.692046313823, 35, -1.0
22029.020999596607, 35, -1.0
22029.128560608762, 152, -1.0
22032.221747111187, 103, 1.0
22035.04516967185, 103, 1.0
22038.713769903232, 103, 1.0
22044.21009422356, 103, 1.0
22047.9015187838, 154, 1.0
22050.74155006709, 75, 1.0
22051.95711089406, 103, 1.0
22054.01526810202, 35, -1.0
22055.721150009955, 103, 1.0
22056.385336693125, 152, -1.0
22060.793891824727, 35, -1.0
22061.432161047982, 148, -1.0
22063.856922213272, 35, 1.0
22064.231013541343, 103, 1.0
22077.76399982685, 154, 1.0
22081.77671411443, 101, 1.0
22082.046587279678, 101, -1.0
22082.8544767898, 103, 1.0
22083.93483219425, 35, -1.0
22086.63374049325, 75, 1.0
22086.68261987167, 75, 1.0
22088.798638360455, 75, 1.0
22088.91600268402, 103, -1.0
22089.181085464894, 75, -1.0
22104.26200317276, 101, 1.0
22106.0375781088, 103, 1.0
22111.309999015153, 44, -1.0
22113.570392879723, 75, -1.0
22113.778934838163, 103, 1.0
22120.933003693106, 75, -1.0
22141.31363894057, 148, -1.0
22144.842406758806, 152, -1.0
22154.847605481707, 152, -1.0
22157.02173977128, 152, -1.0
22161.394154007572, 35, -1.0
22171.092225755518, 101, -1.0
22179.49941272978, 44, -1.0
22188.3488550879, 35, -1.0
22189.783651460682, 75, 1.0
22192.921471801543, 103, 1.0
22197.092102518538, 103, 1.0
22204.07473242679, 35, 1.0
22205.25649557713, 35, -1.0
22205.662489353464, 103, 1.0
22212.74362706953, 35, -1.0
22216.99859865292, 75, 1.0
22222.619418360748, 44, -1.0
22236.699140184883, 44, -1.0
22238.780962270976, 35, -1.0
22240.117401807216, 148, -1.0
22253.28580345018, 44, -1.0
22253.919347277824, 152, 1.0
22255.546964312998, 152, -1.0
22260.60097601913, 103, 1.0
22261.66376693185, 101, 1.0
22265.684802046573, 148, -1.0
22265.875213281608, 75, -1.0
22268.79343654652, 35, -1.0
22273.667220189087, 148, -1.0
22279.44327006423, 75, 1.0
22281.530357184864, 75, 1.0
22282.01294646734, 103, 1.0
22282.52237370834, 35, -1.0
22283.84967935043, 35, -1.0
22285.35329078779, 103, 1.0
22292.426700372765, 35, -1.0
22296.725291521907, 44, -1.0
22311.437389608665, 152, 1.0
22317.61212004751, 44, -1.0
22321.12140849439, 152, -1.0
22325.12975756277, 44, -1.0
22330.90856551198, 44, -1.0
22343.274245016524, 103, 1.0
22345.727366933726, 44, -1.0
22351.311212183562, 152, -1.0
22352.856633073796, 103, 1.0
22371.448080731214, 148, -1.0
22377.475873357664, 75, 1.0
22388.64042407851, 35, -1.0
22398.576903510635, 103, 1.0
22399.5566693786, 101, -1.0
22401.1963776644, 103, 1.0
22406.373713930363, 35, -1.0
22412.707034501815, 44, 1.0
22414.654030950645, 101, 1.0
22415.567397191968, 75, 1.0
22418.91754780458, 35, -1.0
22421.752261636102, 44, 1.0
22423.04245809407, 75, 1.0
22426.41692760634, 35, -1.0
22427.639124010988, 75, 1.0
22440.24643573835, 35, 1.0
22443.829512392836, 152, 1.0
22445.819179151942, 75, -1.0
22452.245317542125, 154, 1.0
22455.69087133806, 103, 1.0
22459.449733738453, 103, 1.0
22469.302100697343, 103, 1.0
22477.787176426085, 75, 1.0
22479.981602604475, 101, 1.0
22483.617322773665, 75, 1.0
22488.00664456164, 44, -1.0
22489.946972673002, 35, -1.0
22492.269102085378, 103, 1.0
22493.09356759276, 35, -1.0
22500.70753337442, 75, 1.0
22502.447665150754, 103, 1.0
22505.798141053983, 35, -1.0
22514.04339410994, 148, -1.0
22525.91642074218, 152, -1.0
22528.4964838043, 103, 1.0
22530.844281562833, 35, -1.0
22533.506277335488, 103, 1.0
22536.739471956458, 154, 1.0
22547.744751952996, 101, 1.0
22547.780117804396, 148, -1.0
22548.2360861867, 148, -1.0
22554.4391986332, 44, -1.0
22560.70867968684, 35, -1.0
22561.954329657736, 75, 1.0
22566.75090158856, 103, 1.0
22568.213432203294, 148, -1.0
22568.34718788467, 35, 1.0
22572.03453298864, 148, 1.0
22587.269241333815, 35, -1.0
22589.596655494355, 103, 1.0
22591.204337254603, 103, 1.0
22594.349787557996, 44, -1.0
22595.09781373584, 152, -1.0
22608.222533510714, 75, 1.0
22610.757047619656, 101, 1.0
22615.406062236987, 75, 1.0
22620.196135432292, 35, -1.0
22623.288620137762, 35, -1.0
22624.434129216155, 35, -1.0
22625.782946472373, 75, 1.0
22632.954088618313, 44, -1.0
22635.979368639513, 148, -1.0
22638.349481007936, 44, -1.0
22640.054937247307, 75, 1.0
22640.549760785245, 75, 1.0
22655.735590872762, 75, 1.0
22659.164020009594, 35, -1.0
22661.661031615462, 75, 1.0
22664.167082045893, 35, -1.0
22666.241946146678, 35, -1.0
22669.123618382266, 35, -1.0
22669.777006623543, 152, -1.0
22678.68032805239, 75, 1.0
22679.09090646979, 75, 1.0
22681.99392851895, 103, 1.0
22685.378155415023, 75, 1.0
22689.094062539807, 75, -1.0
22709.688317419335, 148, -1.0
22716.62327623831, 103, 1.0
22718.36362031414, 103, 1.0
22729.148428278888, 152, -1.0
22736.225861834653, 154, 1.0
22737.411413191778, 148, -1.0
22737.64814365088, 75, 1.0
22741.608515863678, 101, -1.0
22752.299989669, 103, 1.0
22756.346945405032, 154, 1.0
22756.7358271552, 103, 1.0
22758.842977699605, 148, -1.0
22760.287092342794, 154, -1.0
22768.00036378731, 152, 1.0
22777.982869585423, 154, 1.0
22778.74686974274, 75, -1.0
22780.806832755457, 103, 1.0
22797.294439149835, 44, -1.0
22797.977714276105, 103, 1.0
22801.417029278557, 75, 1.0
22802.64481803019, 148, -1.0
22813.243039827772, 103, 1.0
22814.142462024392, 101, 1.0
22814.220287204997, 103, 1.0
22815.32206087329, 103, 1.0
22816.993261842326, 35, 1.0
22830.044204173515, 44, -1.0
22836.5377486121, 35, -1.0
22836.58899022427, 75, 1.0
22849.71865980072, 154, 1.0
22852.520363512802, 103, 1.0
22859.08530096076, 103, 1.0
22860.58980666252, 103, 1.0
22860.750815257445, 35, -1.0
22872.607258023083, 152, -1.0
22872.92201056559, 101, 1.0
22885.274333042064, 148, -1.0
22885.37680393774, 152, 1.0
22887.978816361636, 148, -1.0
22888.997649796598, 75, -1.0
22897.62120275113, 101, -1.0
22900.94742527859, 103, 1.0
22903.107759333267, 152, -1.0
22908.855482639483, 148, -1.0
22915.530789555094, 101, -1.0
22918.53232748844, 101, 1.0
22925.772785579626, 101, 1.0
22938.760778676526, 152, -1.0
22956.611432435384, 154, 1.0
22956.883207274277, 35, -1.0
22957.48478400862, 154, -1.0
22961.412619091905, 103, 1.0
22964.330705665583, 103, 1.0
22968.56507166532, 44, -1.0
22969.930136686187, 75, 1.0
22970.57924628878, 101, 1.0
22985.02260312027, 75, 1.0
22986.223483550282, 148, -1.0
22991.845378562342, 152, -1.0
22994.204817971586, 35, -1.0
23000.15076301237, 148, -1.0
23001.44185897458, 103, 1.0
23001.840067971712, 103, 1.0
23002.54142724868, 101, 1.0
23009.566581805626, 152, 1.0
23017.34006305679, 103, 1.0
23024.623216990374, 44, -1.0
23043.98290779223, 75, 1.0
23046.857701601955, 103, 1.0
23051.884363777477, 75, 1.0
23053.29530856225, 75, 1.0
23054.7074042994, 103, 1.0
23059.97616477008, 35, -1.0
23066.599189396267, 103, 1.0
23074.54336823133, 75, -1.0
23084.541087766815, 103, 1.0
23088.29761085774, 75, 1.0
23094.85494945627, 44, -1.0
23097.31713806864, 35, -1.0
23100.298264766396, 75, 1.0
23105.456429397876, 35, -1.0
23110.82308385995, 35, -1.0
23112.046449506266, 35, -1.0
23113.416241709536, 44, -1.0
23121.273943412278, 35, -1.0
23123.052793755818, 103, 1.0
23126.564344238526, 148, -1.0
23131.021388702822, 35, -1.0
23137.897699693178, 152, 1.0
23141.97017011206, 103, 1.0
23147.586974125785, 35, -1.0
23157.96503613938, 101, 1.0
23158.057545734253, 44, -1.0
23170.38760422019, 35, -1.0
23174.103472104645, 35, -1.0
23175.196241126465, 44, -1.0
23175.368377913135, 101, 1.0
23178.66915175201, 152, -1.0
23182.167878978475, 103, -1.0
23192.09078272311, 35, -1.0
23194.01848583919, 35, -1.0
23200.939191448506, 154, 1.0
23201.289444111837, 35, -1.0
23204.803410686105, 75, -1.0
23213.057082379535, 44, -1.0
23226.12020311105, 152, 1.0
23229.47486003356, 103, 1.0
23234.57159688675, 154, 1.0
23241.745655160754, 35, -1.0
23241.95811331063, 75, 1.0
23249.313563820608, 35, 1.0
23253.73013772962, 101, 1.0
23257.21732094545, 101, 1.0
23271.720402745384, 75, 1.0
23276.429982986137, 103, 1.0
23286.173520808556, 103, 1.0
23288.399686010584, 154, 1.0
23291.915065895228, 154, 1.0
23292.69902476114, 75, -1.0
23293.25701837891, 44, 1.0
23302.518342358973, 101, 1.0
23303.683733288628, 35, -1.0
23306.17476950871, 35, -1.0
23320.85689302587, 44, -1.0
23331.799537256582, 35, -1.0
23339.652838920072, 103, 1.0
23346.521243044328, 75, 1.0
23352.49576157586, 75, 1.0
23352.85100541612, 35, -1.0
23355.012740453512, 35, -1.0
23359.77757616135, 103, 1.0
23362.6837973549, 103, 1.0
23367.821918017708, 35, 1.0
23371.524495276924, 103, 1.0
23377.34961119658, 103, 1.0
23377.96117999105, 75, 1.0
23378.537780578805, 35, -1.0
23379.23818207856, 154, -1.0
23390.880493973866, 154, 1.0
23391.182867525396, 75, 1.0
23393.32663109006, 44, 1.0
23399.390280635984, 103, 1.0
23412.531356859658, 148, 1.0
23418.054472294345, 35, 1.0
23422.31352224356, 35, -1.0
23433.560948583578, 35, -1.0
23438.019307673236, 35, -1.0
23441.27834097893, 148, -1.0
23450.82931795231, 103, -1.0
23455.425374508708, 35, -1.0
23458.116662354612, 152, -1.0
23461.91285434117, 35, 1.0
23464.177374693274, 154, 1.0
23469.027846869667, 35, -1.0
23470.96105769666, 148, -1.0
23472.933000234145, 154, -1.0
23475.560800520143, 103, 1.0
23476.677535336636, 148, -1.0
23477.157164583547, 35, -1.0
23479.02707029335, 103, 1.0
23480.17504193182, 75, 1.0
23482.124688779066, 35, 1.0
23483.374188013648, 103, 1.0
23489.50449695626, 44, -1.0
23496.857663645125, 152, -1.0
23501.421488273318, 44, -1.0
23502.097637592502, 35, -1.0
23504.136039634075, 35, -1.0
23504.287796915964, 35, -1.0
23511.035836448937, 35, -1.0
23513.88062046448, 35, -1.0
23516.466222718864, 148, -1.0
23517.06920683256, 103, 1.0
23537.44969598695, 75, 1.0
23541.41890482233, 35, -1.0
23542.862216254223, 148, -1.0
23548.62199280714, 35, -1.0
23553.93437005087, 35, -1.0
23557.07880850699, 44, 1.0
23563.27160480479, 101, -1.0
23567.1645197052, 75, 1.0
23574.28539723468, 154, 1.0
23576.312048765627, 35, -1.0
23578.251833297698, 152, -1.0
23582.819117251413, 75, 1.0
23584.33951393243, 101, -1.0
23585.953428085177, 103, 1.0
23587.129506080702, 75, 1.0
23587.88619670498, 35, 1.0
23594.990930724034, 103, 1.0
23598.756315190207, 103, 1.0
23603.505656774774, 101, 1.0
23609.49022492977, 35, 1.0
23611.604339727313, 103, 1.0
23612.463148366583, 148, -1.0
23621.484189627183, 101, -1.0
23622.40192671368, 75, 1.0
23623.49613954815, 152, -1.0
23625.96419295173, 44, -1.0
23633.14618005704, 35, -1.0
23635.923438504466, 103, 1.0
23636.902389076105, 152, -1.0
23641.171873997988, 75, 1.0
23642.81998442325, 35, 1.0
23650.768965867705, 75, 1.0
23656.823646803048, 35, -1.0
23657.671473656814, 35, 1.0
23659.62382717483, 152, 1.0
23667.18521500229, 35, -1.0
23670.601996192596, 103, 1.0
23671.59461113988, 103, 1.0
23672.63806222542, 35, 1.0
23674.143469582297, 35, -1.0
23675.686671907628, 35, -1.0
23678.950149699172, 103, 1.0
23685.61272622063, 44, -1.0
23688.248092872156, 148, -1.0
23689.064523587396, 75, 1.0
23692.012812261928, 44, -1.0
23692.032822996774, 44, -1.0
23703.099391790838, 44, -1.0
23712.12638252132, 35, -1.0
23713.111274938, 103, 1.0
23718.424081546582, 101, 1.0
23720.044235397607, 35, -1.0
23728.2758969306, 103, 1.0
23735.010767547603, 154, 1.0
23735.26611798216, 154, -1.0
23740.09734880545, 75, 1.0
23741.776529791445, 35, 1.0
23745.792871277175, 148, 1.0
23749.912951599123, 103, 1.0
23750.08534609892, 148, -1.0
23750.65238631804, 44, 1.0
23754.398100000177, 101, 1.0
23755.713675515468, 152, -1.0
23759.201670737228, 75, 1.0
23763.411469343162, 103, 1.0
23764.146627603655, 75, -1.0
23764.80585271521, 148, -1.0
23773.253067108948, 35, -1.0
23774.265969459164, 103, 1.0
23774.865394057146, 103, 1.0
23778.794420383412, 148, -1.0
23781.573435361843, 44, -1.0
23781.965899627314, 44, -1.0
23786.439828280007, 152, -1.0
23786.513890123384, 101, -1.0
23795.08970725723, 103, -1.0
23796.480813306087, 148, -1.0
23816.411493600328, 103, 1.0
23817.145998154552, 35, -1.0
23826.905182447386, 35, -1.0
23830.16270076696, 103, 1.0
23832.96369264691, 44, -1.0
23833.183008719832, 103, 1.0
23834.344403330142, 75, 1.0
23835.32566213609, 152, 1.0
23838.10290261396, 75, 1.0
23844.105471877887, 75, -1.0
23845.52465420608, 152, -1.0
23846.51091834049, 103, 1.0
23859.400353528865, 148, -1.0
23860.823857824176, 75, -1.0
23861.013136493308, 35, -1.0
23861.14410551067, 75, -1.0
23862.811006608372, 152, 1.0
23864.260842321513, 44, -1.0
23867.052864314937, 75, 1.0
23870.293028424316, 75, 1.0
23877.75607807572, 154, 1.0
23883.774476889073, 75, 1.0
23884.137986131216, 35, -1.0
23888.272735591367, 35, -1.0
23890.719092905074, 152, 1.0
23893.189146994493, 75, -1.0
23893.310214679812, 75, -1.0
23894.500719009142, 75, 1.0
23895.34485720919, 35, 1.0
23898.041287421987, 75, 1.0
23902.43931764702, 75, 1.0
23902.497735964134, 75, 1.0
23905.468423931994, 103, -1.0
23905.484976040163, 35, -1.0
23912.019477362137, 103, 1.0
23912.622296562007, 103, 1.0
23917.78502421624, 75, 1.0
23919.535165796224, 35, 1.0
23926.060202821205, 44, -1.0
23927.66451311592, 103, 1.0
23929.57138909655, 152, -1.0
23931.299282481752, 35, 1.0
23931.997808170683, 103, 1.0
23935.005136863158, 152, -1.0
23943.507624544258, 75, 1.0
23947.643938314784, 75, 1.0
23950.996019831044, 154, 1.0
23951.079714844494, 103, 1.0
23953.23323712008, 103, 1.0
23958.35474160301, 103, -1.0
23962.70295597051, 35, -1.0
23968.704033400838, 75, 1.0
23968.93087981137, 35, -1.0
23970.729487093897, 101, 1.0
23973.180670564514, 35, -1.0
23975.285054369153, 152, 1.0
23975.404747854565, 44, -1.0
23978.067953855298, 103, 1.0
23981.897256567972, 75, 1.0
23986.865910670345, 75, 1.0
23990.94640568504, 35, -1.0
23995.38013359152, 75, 1.0
24001.745916928234, 148, 1.0
24002.473004655352, 101, 1.0
24013.732179763763, 44, -1.0
24017.955973340948, 103, 1.0
24021.727380744844, 35, -1.0
24027.854737745525, 103, 1.0
24030.754737180512, 44, -1.0
24033.66404668591, 35, 1.0
24043.202938763465, 101, 1.0
24046.369880235186, 103, 1.0
24058.843616891598, 103, 1.0
24062.436957557045, 154, 1.0
24062.493924884984, 154, -1.0
24064.334609291443, 35, -1.0
24074.19533497337, 35, -1.0
24081.159229333585, 44, -1.0
24085.565366040955, 154, 1.0
24104.774092784355, 35, -1.0
24104.799480018584, 103, 1.0
24104.92476027014, 152, -1.0
24109.95689494918, 148, 1.0
24110.67869189614, 103, 1.0
24116.427759202612, 103, 1.0
24116.777920593806, 35, -1.0
24123.172499542063, 103, 1.0
24142.736920174575, 35, 1.0
24144.614454519622, 103, 1.0
24153.152817570714, 35, -1.0
24160.24420231671, 103, -1.0
24165.524698453515, 35, -1.0
24165.678957361375, 35, -1.0
24166.055750038297, 152, -1.0
24172.55882502405, 35, -1.0
24176.006758841868, 75, 1.0
24176.733743183835, 35, -1.0
24186.80126829926, 152, -1.0
24196.894390246136, 103, 1.0
24197.86111908259, 75, 1.0
24200.957952495526, 75, 1.0
24208.51996830936, 35, 1.0
24210.77722748975, 148, -1.0
24216.795433485524, 35, -1.0
24218.850361631048, 44, -1.0
24221.915656521644, 75, 1.0
24227.593883112884, 154, 1.0
24232.284889818, 103, 1.0
24246.80212789793, 101, 1.0
24254.275041284745, 75, -1.0
24258.747332601568, 148, -1.0
24259.668289985748, 44, 1.0
24260.8085142398, 152, -1.0
24264.053720681604, 35, -1.0
24271.55705083545, 35, -1.0
24274.57657174278, 35, -1.0
24278.98412913411, 154, 1.0
24279.335787111035, 75, 1.0
24281.031238177715, 101, 1.0
24286.580161724243, 101, 1.0
24302.759417637884, 152, -1.0
24304.55226551953, 35, 1.0
24309.35159122187, 103, 1.0
24315.279666817885, 35, -1.0
24318.5638932648, 101, -1.0
24320.160175497665, 103, 1.0
24323.125185874018, 103, 1.0
24329.235024115922, 75, 1.0
24332.91018314309, 103, 1.0
24333.678364721647, 152, 1.0
24336.579594499224, 103, 1.0
24337.25579161183, 75, 1.0
24345.37280678195, 35, 1.0
24345.63931810577, 35, 1.0
24346.62892878839, 103, -1.0
24348.358007134746, 35, -1.0
24348.422943630405, 148, -1.0
24353.769374287433, 103, 1.0
24356.087698670613, 154, 1.0
24359.38622322882, 35, -1.0
24363.97665149255, 44, -1.0
24372.512787453292, 148, -1.0
24375.76734501118, 152, -1.0
24377.72082884786, 103, 1.0
24381.21476053387, 101, -1.0
24382.87995334756, 148, -1.0
24387.904769610617, 103, 1.0
24388.83257499953, 103, 1.0
24390.02632641995, 75, 1.0
24390.652442706614, 148, -1.0
24394.856893383992, 103, 1.0
24411.952335951202, 75, 1.0
24428.63317096093, 152, -1.0
24438.171945236678, 101, 1.0
24440.656315540786, 103, 1.0
24443.61248147389, 35, -1.0
24443.983770205694, 35, -1.0
24447.92339595857, 75, 1.0
24454.395070655966, 152, -1.0
24459.4551007311, 44, -1.0
24468.579066242277, 148, 1.0
24471.77490274396, 103, 1.0
24480.842888119834, 44, 1.0
24480.870462787545, 103, 1.0
24482.40687619027, 148, -1.0
24483.592422678645, 103, 1.0
24486.061442155773, 44, -1.0
24490.76759468992, 35, -1.0
24494.485481166936, 35, -1.0
24522.119697834867, 103, 1.0
24525.212691283374, 103, 1.0
24525.42313916407, 152, -1.0
24528.385866157936, 35, -1.0
24549.452971007628, 148, -1.0
24552.51378009461, 101, 1.0
24553.43365448866, 103, 1.0
24556.730562513934, 35, -1.0
24557.031821546272, 75, 1.0
24559.745717747242, 103, 1.0
24560.06637774377, 103, 1.0
24561.045699887236, 75, 1.0
24565.79046966537, 75, -1.0
24567.78952931647, 75, 1.0
24568.93604463075, 44, -1.0
24571.302907770038, 148, -1.0
24574.909284041445, 103, 1.0
24578.44327377756, 44, -1.0
24597.106057322573, 103, 1.0
24600.89157520363, 152, 1.0
24605.973995893157, 35, -1.0
24607.538712353857, 75, 1.0
24611.19703726234, 75, 1.0
24616.472644065132, 44, -1.0
24621.31657344177, 75, 1.0
24623.667872911195, 75, 1.0
24623.947471771422, 103, 1.0
24624.91401778929, 44, -1.0
24634.76101579748, 44, -1.0
24652.810526276306, 103, 1.0
24661.37400154761, 35, -1.0
24662.245786839318, 103, 1.0
24662.97286716872, 154, 1.0
24665.02832211202, 103, 1.0
24665.181889868327, 103, 1.0
24671.509302586197, 35, 1.0
24674.86938933782, 35, 1.0
24677.212886998754, 101, 1.0
24686.71100909155, 154, 1.0
24692.9392656776, 103, 1.0
24696.415158412412, 75, -1.0
24699.218582636946, 152, -1.0
24701.666054727873, 152, -1.0
24715.660986267663, 101, 1.0
24715.71094188934, 103, 1.0
24719.853979279447, 103, 1.0
24721.137196996777, 75, 1.0
24725.897909786163, 103, 1.0
24731.19346507135, 103, 1.0
24732.70949991573, 35, -1.0
24732.890862731867, 35, -1.0
24736.187751326, 103, 1.0
24743.451815559623, 44, -1.0
24747.397419992252, 103, 1.0
24758.325745895894, 152, 1.0
24768.790408711837, 44, -1.0
24769.57246836778, 103, 1.0
24769.83096877331, 148, -1.0
24771.27292308512, 101, 1.0
24773.149744126247, 75, 1.0
24774.97619607261, 148, -1.0
24776.684054377285, 75, 1.0
24781.39960989315, 103, 1.0
24782.935860309186, 75, 1.0
24798.74264979562, 154, -1.0
24807.8673134741, 44, -1.0
24808.8646553862, 35, -1.0
24814.042423158247, 103, 1.0
24816.420241063177, 35, -1.0
24825.47041022074, 75, 1.0
24825.753717491465, 75, 1.0
24828.89212338793, 152, -1.0
24831.354482695853, 148, -1.0
24831.891590333365, 148, -1.0
24834.596902159174, 152, -1.0
24847.5381812261, 75, 1.0
24849.08691616856, 75, 1.0
24849.86248691848, 35, -1.0
24861.851573103002, 148, -1.0
24864.875523961462, 75, -1.0
24868.81665161301, 44, -1.0
24869.24180839267, 35, -1.0
24891.711631857852, 103, 1.0
24892.185706267326, 35, -1.0
24893.2462971797, 152, -1.0
24896.79023305857, 152, -1.0
24899.171095633938, 154, 1.0
24901.811649614687, 75, 1.0
24905.943238878812, 35, -1.0
24912.288769704024, 148, -1.0
24914.45300561986, 101, 1.0
24914.6125957771, 154, 1.0
24915.611187178445, 101, 1.0
24919.06768334024, 35, 1.0
24919.640442069078, 35, -1.0
24920.22704856104, 154, -1.0
24927.212928777615, 101, 1.0
24937.243309931397, 154, -1.0
24937.367976274956, 44, -1.0
24940.295371706387, 152, 1.0
24940.46489369563, 103, 1.0
24942.0355755831, 35, -1.0
24947.75304534946, 103, 1.0
24954.25470830686, 103, 1.0
24954.60926810108, 75, 1.0
24958.45019486847, 35, -1.0
24962.430946310673, 75, 1.0
24962.796474493225, 101, 1.0
24969.430685478113, 152, -1.0
24972.384662448585, 35, -1.0
24980.52761407579, 101, 1.0
24985.792986561002, 35, -1.0
24991.554946167344, 35, -1.0
24994.91948470474, 101, 1.0
25002.704097715286, 152, -1.0
25007.181807487737, 103, 1.0
25009.479470676015, 35, -1.0
25019.67333501284, 35, -1.0
25027.092867188065, 101, -1.0
25029.167620796372, 152, -1.0
25029.984405775875, 101, 1.0
25030.486316900086, 44, -1.0
25035.621935435374, 103, 1.0
25042.840014257796, 154, 1.0
25042.91450695185, 103, 1.0
25045.758279996193, 101, -1.0
25046.25003692255, 152, 1.0
25048.487903806523, 35, 1.0
25053.302473636355, 44, -1.0
25053.969159512002, 35, -1.0
25056.482291146578, 75, 1.0
25058.834580143965, 103, 1.0
25059.89217067696, 44, -1.0
25060.021887030733, 103, 1.0
25071.49533811901, 75, -1.0
25076.33733251259, 44, -1.0
25078.49020340953, 44, -1.0
25082.962071034282, 75, 1.0
25084.956976616406, 152, 1.0
25089.351964725247, 35, -1.0
25089.64798312041, 44, -1.0
25090.947623536867, 152, 1.0
25101.718134736766, 35, -1.0
25110.358050350154, 148, -1.0
25112.659911420906, 148, -1.0
25112.775673007738, 154, 1.0
25117.76231340626, 152, -1.0
25121.70883608485, 75, 1.0
25125.426067909728, 35, -1.0
25130.228439055307, 152, -1.0
25132.088774355594, 75, 1.0
25133.629897316016, 75, 1.0
25136.904561933814, 148, -1.0
25142.548891391998, 35, -1.0
25152.774812493175, 103, 1.0
25152.827048022376, 35, -1.0
25153.62495562045, 35, -1.0
25158.781116521626, 103, 1.0
25172.216738269497, 35, -1.0
25172.859094753967, 148, -1.0
25181.423481797898, 75, 1.0
25182.86894752479, 154, 1.0
25185.492313845003, 103, -1.0
25186.109262244227, 152, -1.0
25192.591233995234, 103, 1.0
25206.993615496554, 148, -1.0
25219.192308508584, 154, 1.0
25219.340374186333, 152, -1.0
25223.887242155626, 35, 1.0
25224.97951918285, 35, 1.0
25239.51800483241, 152, -1.0
25243.503415620045, 103, -1.0
25244.965554795064, 35, -1.0
25249.152140368806, 75, -1.0
25249.516449466544, 154, 1.0
25251.267186559628, 75, -1.0
25258.029391580643, 152, -1.0
25261.811866994307, 101, -1.0
25265.30742233739, 35, -1.0
25277.399012062506, 154, -1.0
25279.276549256043, 35, 1.0
25285.275910216376, 154, 1.0
25289.833803488935, 101, -1.0
25291.947307159215, 148, -1.0
25293.544780841716, 148, -1.0
25295.471859171656, 103, 1.0
25300.96771726282, 101, 1.0
25301.49031674706, 148, -1.0
25307.7064749707, 154, 1.0
25308.040209561324, 44, -1.0
25312.406680080356, 44, -1.0
25315.790462690664, 75, 1.0
25319.66128167523, 44, -1.0
25319.732490689537, 152, -1.0
25326.558430858946, 75, 1.0
25328.730197037185, 35, 1.0
25330.63109301818, 148, -1.0
25331.47908744858, 103, 1.0
25341.196220832197, 152, -1.0
25353.663709494365, 75, 1.0
25363.21554851, 101, 1.0
25366.280892122282, 75, 1.0
25366.416500620093, 154, 1.0
25369.89079383519, 101, -1.0
25373.004191741995, 44, -1.0
25378.618667213796, 101, 1.0
25379.335488252313, 101, -1.0
25379.940496749863, 75, 1.0
25384.578370873773, 44, -1.0
25386.841839084984, 44, 1.0
25387.92712817849, 152, -1.0
25390.89803792051, 103, 1.0
25403.143666671014, 101, -1.0
25405.177243894577, 148, -1.0
25405.56526549972, 75, 1.0
25411.86576213306, 148, -1.0
25413.778915184164, 44, -1.0
25415.68138519144, 44, -1.0
25416.516494185744, 152, -1.0
25423.45776000875, 148, 1.0
25426.926879573188, 103, 1.0
25427.90413236855, 154, -1.0
25447.10735890029, 101, -1.0
25449.555270762707, 148, -1.0
25456.155400469645, 148, -1.0
25456.31165658851, 75, -1.0
25464.509197123298, 152, -1.0
25475.781135112633, 44, -1.0
25476.143252742357, 101, -1.0
25481.128345340447, 154, 1.0
25485.758987952293, 101, -1.0
25486.49991496931, 103, 1.0
25488.6179301432, 35, -1.0
25491.965051057177, 35, 1.0
25492.14297899169, 103, 1.0
25504.337877634145, 35, -1.0
25505.82572673972, 148, -1.0
25506.858104751274, 154, 1.0
25516.04302448628, 103, 1.0
25516.446406858835, 35, -1.0
25521.64321521323, 148, -1.0
25523.081875677824, 154, 1.0
25526.171238254596, 152, -1.0
25538.900230776842, 103, 1.0
25540.615869526224, 154, 1.0
25542.4554585142, 35, -1.0
25550.000998399657, 35, -1.0
25554.45620006299, 152, -1.0
25560.86884423552, 44, -1.0
25576.210237940522, 154, 1.0
25586.249139456155, 152, -1.0
25586.8689244778, 101, 1.0
25590.205399184, 35, -1.0
25602.712455453333, 35, -1.0
25608.32027845035, 152, -1.0
25609.293287214357, 101, 1.0
25611.847380341027, 148, -1.0
25613.87164875684, 148, -1.0
25621.663569504548, 154, -1.0
25626.57440397341, 101, 1.0
25635.034221656177, 148, -1.0
25639.257048352636, 44, -1.0
25647.880699678884, 101, 1.0
25649.653069317876, 101, -1.0
25652.699599496937, 148, -1.0
25660.258334645474, 154, 1.0
25679.97046881122, 44, -1.0
25680.28776234921, 154, -1.0
25681.535793069306, 103, 1.0
25684.623066460263, 148, -1.0
25689.207676058522, 44, -1.0
25700.00927751774, 35, 1.0
25706.693217445427, 148, -1.0
25707.55995011701, 152, 1.0
25727.653502749345, 35, -1.0
25728.586114875954, 44, -1.0
25737.092990496814, 148, -1.0
25737.427053680178, 154, -1.0
25737.9783823543, 101, 1.0
25746.946776021618, 75, 1.0
25749.704343573703, 152, -1.0
25752.47663409349, 152, -1.0
25756.034061034876, 103, 1.0
25757.24869239965, 44, -1.0
25760.19672058363, 152, -1.0
25765.638924691353, 44, -1.0
25769.017385081504, 103, 1.0
25769.057464341666, 101, 1.0
25773.59778534509, 154, 1.0
25777.935399963026, 152, -1.0
25778.605264891346, 44, -1.0
25780.83000355858, 148, -1.0
25783.72571140691, 152, -1.0
25786.955287807923, 75, 1.0
25795.17971629255, 154, 1.0
25800.04344998977, 152, -1.0
25801.52384957154, 101, -1.0
25803.039616189468, 154, -1.0
25805.059408467863, 154, -1.0
25809.47098486528, 101, -1.0
25811.687888607234, 75, 1.0
25813.063041139827, 103, 1.0
25813.74875964934, 101, -1.0
25813.76679983482, 103, 1.0
25816.336708829327, 75, 1.0
25817.278980394654, 75, 1.0
25822.69715129844, 35, 1.0
25837.19372790426, 148, -1.0
25838.935048181807, 35, 1.0
25840.488363172488, 148, -1.0
25848.061302195776, 152, -1.0
25854.788361297855, 103, 1.0
25854.804689554774, 35, -1.0
25856.26597376293, 103, 1.0
25862.295941225148, 44, 1.0
25870.33714795989, 152, -1.0
25870.357883361736, 148, -1.0
25882.309702077506, 101, -1.0
25892.407299269704, 101, -1.0
25895.701822893472, 154, 1.0
25897.65487113709, 44, -1.0
25899.575184305028, 75, -1.0
25904.58975696573, 152, -1.0
25905.783631910184, 148, -1.0
25906.82263083326, 154, 1.0
25909.179143382735, 101, 1.0
25915.301618728186, 103, 1.0
25916.083651969635, 148, -1.0
25916.956914657603, 103, -1.0
25919.64992475852, 35, -1.0
25920.9120962376, 75, 1.0
25929.97404945537, 101, -1.0
25952.298200374662, 148, -1.0
25958.89710138521, 152, -1.0
25966.762667854236, 44, -1.0
25966.852047726297, 44, -1.0
25970.250601021686, 35, 1.0
25973.5978565683, 75, -1.0
25981.158229448643, 44, -1.0
25982.076634929454, 152, -1.0
26002.461858285966, 75, -1.0
26008.19366745585, 75, 1.0
26013.705971047548, 148, -1.0
26015.05489387682, 35, -1.0
26023.400044079706, 154, 1.0
26028.797049421853, 35, 1.0
26030.349250964344, 101, 1.0
26030.406013785974, 75, -1.0
26031.351939373522, 101, 1.0
26032.50737755348, 148, -1.0
26033.606194865406, 44, -1.0
26037.31387173207, 154, -1.0
26052.56368293771, 103, -1.0
26052.861207124453, 75, 1.0
26057.30913475049, 101, -1.0
26061.64753470772, 152, -1.0
26061.796142509927, 154, 1.0
26062.762772601396, 152, -1.0
26063.372349372108, 154, 1.0
26065.562174656956, 154, 1.0
26077.97938769867, 154, -1.0
26086.436846987268, 148, -1.0
26094.65702651001, 103, 1.0
26095.850444606716, 75, -1.0
26096.174977005743, 101, 1.0
26109.66879314021, 101, -1.0
26110.131481958982, 35, 1.0
26112.478939235683, 101, 1.0
26117.498622241277, 148, -1.0
26127.25572136721, 44, -1.0
26128.819835813, 35, -1.0
26128.929346442874, 154, -1.0
26129.689364613314, 101, 1.0
26136.288351656513, 101, -1.0
26137.731596648267, 103, 1.0
26142.69432195965, 35, -1.0
26144.11698691026, 103, 1.0
26148.611164582424, 103, 1.0
26154.294297914403, 75, -1.0
26159.449926922156, 148, -1.0
26159.541616601466, 75, 1.0
26163.156145307647, 148, -1.0
26165.258519298994, 75, 1.0
26167.45729284633, 103, 1.0
26174.931419519897, 148, -1.0
26175.0730947925, 75, -1.0
26176.592039137206, 75, 1.0
26176.99419613345, 103, 1.0
26180.586586783094, 44, -1.0
26181.1540480476, 154, -1.0
26182.411929162143, 101, 1.0
26188.528646110808, 44, 1.0
26190.59042797949, 103, 1.0
26195.69574633698, 101, -1.0
26197.391027036818, 103, 1.0
26202.543857952463, 152, -1.0
26203.68957419941, 35, -1.0
26204.542808559498, 148, -1.0
26204.788205686826, 44, -1.0
26205.96504645829, 44, 1.0
26207.950016278442, 152, -1.0
26208.336303605978, 103, 1.0
26213.78804994896, 44, -1.0
26218.906582006173, 75, 1.0
26227.28113285972, 103, 1.0
26228.613398001922, 35, -1.0
26228.772200777796, 35, 1.0
26230.340514477444, 152, -1.0
26237.057950563296, 148, -1.0
26238.677166796337, 148, -1.0
26241.734801734347, 35, -1.0
26250.198602913122, 103, 1.0
26251.8733265623, 103, 1.0
26252.118404861172, 35, 1.0
26256.38502918773, 35, -1.0
26259.16671529007, 44, -1.0
26260.521700078567, 101, 1.0
26264.060536353867, 75, -1.0
26264.233554386454, 148, -1.0
26269.746446553432, 152, -1.0
26270.138803509843, 152, -1.0
26271.29177020975, 44, 1.0
26274.361051322147, 103, 1.0
26279.57622756638, 152, -1.0
26281.544889428493, 101, -1.0
26285.14533655463, 75, 1.0
26291.00332682468, 103, 1.0
26292.117490043252, 152, -1.0
26309.862917427185, 35, -1.0
26322.702072530803, 101, 1.0
26322.767955063533, 103, 1.0
26323.76003070612, 101, -1.0
26324.275205000107, 44, -1.0
26330.746634259285, 154, -1.0
26343.92772144199, 44, -1.0
26344.17018698682, 44, -1.0
26344.49644052869, 154, -1.0
26347.012587277444, 101, 1.0
26350.641697311934, 75, 1.0
26358.651152903007, 75, 1.0
26363.02842094415, 75, -1.0
26369.01392420215, 154, 1.0
26369.5616708724, 44, -1.0
26370.973461321406, 154, 1.0
26383.82362978084, 75, 1.0
26393.451894034726, 101, -1.0
26396.979573266966, 44, -1.0
26397.494141617346, 152, -1.0
26418.268868912084, 103, 1.0
26420.207134236378, 148, -1.0
26426.004307279036, 154, 1.0
26427.71189210106, 35, -1.0
26428.345855319472, 44, -1.0
26431.965652011295, 154, 1.0
26433.770200922343, 148, -1.0
26434.69211157238, 75, 1.0
26454.49009047588, 101, 1.0
26455.32538405541, 44, -1.0
26467.671529769985, 35, 1.0
26471.02307956898, 154, 1.0
26472.970630954267, 44, -1.0
26475.267996716924, 75, -1.0
26481.70803531, 44, -1.0
26485.71252966515, 75, 1.0
26485.957336592655, 154, 1.0
26487.071043394277, 35, -1.0
26491.544761845576, 101, -1.0
26493.720574129376, 103, -1.0
26506.144453798363, 148, -1.0
26511.79826176162, 101, 1.0
26513.271027621155, 103, 1.0
26519.408155810754, 35, 1.0
26529.52304620314, 75, 1.0
26535.581495959763, 35, 1.0
26539.492716082783, 35, 1.0
26540.042274129526, 103, -1.0
26550.333193615585, 152, -1.0
26555.50345856845, 148, -1.0
26561.019443985395, 35, -1.0
26566.369017174522, 152, -1.0
26566.379712650738, 44, -1.0
26567.321613023745, 152, -1.0
26576.328503979046, 101, 1.0
26580.939038154764, 103, 1.0
26581.005117664976, 103, 1.0
26581.676932464004, 75, -1.0
26583.562712491796, 44, -1.0
26585.305732153076, 35, -1.0
26585.780257988466, 75, 1.0
26585.939278277125, 101, 1.0
26593.62799243825, 44, -1.0
26595.581905218074, 35, 1.0
26608.756217207967, 44, -1.0
26608.88263932279, 103, 1.0
26615.81588047961, 103, 1.0
26615.870086496536, 101, 1.0
26617.22964347884, 152, -1.0
26618.071634878834, 101, 1.0
26622.36052955519, 154, -1.0
26622.967236337325, 75, 1.0
26633.52317224647, 148, -1.0
26643.284646732194, 154, 1.0
26646.414259593275, 35, 1.0
26647.550416671143, 75, 1.0
26648.8857877514, 152, -1.0
26661.3282536605, 75, 1.0
26663.794486451985, 35, -1.0
26671.496716508915, 154, 1.0
26678.0462156941, 101, -1.0
26684.90234997753, 148, -1.0
26693.703954630495, 154, 1.0
26696.16893841573, 35, -1.0
26702.463154143046, 35, -1.0
26704.9988796512, 35, -1.0
26707.53320413718, 148, -1.0
26715.96658994281, 103, 1.0
26718.786003314675, 35, -1.0
26720.81657304165, 148, -1.0
26723.000023652574, 101, -1.0
26724.169591657523, 75, -1.0
26729.76209376858, 44, -1.0
26733.71994801808, 103, -1.0
26736.431284385355, 154, -1.0
26737.55663518321, 154, -1.0
26738.638455787623, 103, 1.0
26742.81476200264, 101, 1.0
26746.14615634369, 103, -1.0
26747.44040001949, 103, 1.0
26749.645857302567, 101, -1.0
26761.566590735983, 101, -1.0
26766.481884855948, 44, -1.0
26773.670447239823, 148, -1.0
26782.703698801568, 44, -1.0
26791.833413590222, 101, -1.0
26792.900115920478, 44, -1.0
26800.39578959791, 35, -1.0
26803.19709939935, 35, -1.0
26803.218969255027, 75, -1.0
26809.19183430381, 152, -1.0
26813.3528389824, 35, -1.0
26816.48397790741, 44, -1.0
26817.364883330025, 101, -1.0
26827.724043405553, 75, 1.0
26827.970427977205, 44, -1.0
26830.16630283076, 75, 1.0
26839.644759504874, 75, 1.0
26846.036515981374, 44, -1.0
26846.98128682328, 75, -1.0
26850.040030425887, 103, 1.0
26854.86706053738, 154, 1.0
26858.208360721874, 101, 1.0
26869.497272813023, 35, -1.0
26882.65265760296, 103, 1.0
26884.210531752404, 35, -1.0
26889.20001167602, 35, 1.0
26895.046722031762, 103, -1.0
26896.26764989112, 75, -1.0
26898.904987313865, 103, 1.0
26898.92980689831, 154, 1.0
26906.263287106027, 103, 1.0
26908.969142142465, 44, -1.0
26915.8024595075, 101, 1.0
26918.909803342256, 75, -1.0
26922.665115898708, 148, -1.0
26925.47687310069, 103, 1.0
26933.06935661572, 152, -1.0
26934.135468635515, 35, -1.0
26934.343988545465, 44, -1.0
26940.695325153625, 148, -1.0
26948.60265740702, 75, -1.0
26956.83368199652, 101, 1.0
26956.881458364085, 44, -1.0
26970.322547009422, 154, 1.0
26978.466703662194, 148, -1.0
26995.193249292373, 148, -1.0
26996.367543644694, 35, -1.0
26999.182434581064, 103, 1.0
27005.806609456, 44, -1.0
27010.44763771733, 152, -1.0
27011.395747855746, 75, 1.0
27018.72031959437, 101, -1.0
27020.738091836, 101, 1.0
27024.89750252691, 154, 1.0
27025.302269016316, 152, -1.0
27029.18719432564, 148, -1.0
27029.439809888332, 148, -1.0
27032.71385650873, 154, 1.0
27034.068270337175, 101, 1.0
27040.110099139994, 44, -1.0
27046.632001127175, 35, 1.0
27048.64222732654, 152, -1.0
27067.36178731167, 148, -1.0
27076.54133746698, 44, -1.0
27079.125182659558, 103, 1.0
27086.316163669013, 75, 1.0
27087.41876161522, 148, -1.0
27089.781880660208, 101, 1.0
27091.71942546824, 154, 1.0
27097.463960489316, 35, -1.0
27102.531472970088, 154, -1.0
27103.47040131746, 154, 1.0
27105.748082865037, 103, 1.0
27108.602759431185, 152, 1.0
27115.360345407735, 154, 1.0
27121.03411635252, 148, -1.0
27126.160363292638, 103, 1.0
27128.13801791711, 44, -1.0
27136.233934994103, 152, -1.0
27142.129737287276, 35, -1.0
27143.966430898054, 154, 1.0
27146.81632789075, 101, 1.0
27153.28178474681, 75, 1.0
27153.532344609168, 44, 1.0
27155.139479527035, 148, -1.0
27159.69187951726, 35, -1.0
27163.85636209213, 103, 1.0
27170.807890191318, 103, 1.0
27183.600430751412, 154, 1.0
27188.502614042307, 35, -1.0
27192.886894108786, 101, -1.0
27194.4371561244, 101, 1.0
27200.477171962673, 75, -1.0
27202.445728066934, 44, -1.0
27206.146126781183, 148, -1.0
27212.993105754595, 75, 1.0
27214.06669724327, 75, 1.0
27215.02698119517, 103, 1.0
27215.71022902407, 148, -1.0
27217.7753545579, 152, -1.0
27219.554265892024, 152, -1.0
27222.512192697257, 44, -1.0
27225.237319389824, 148, -1.0
27230.45183501312, 75, 1.0
27230.816030803504, 44, -1.0
27232.147555883923, 101, 1.0
27235.81337420022, 154, -1.0
27237.419409858445, 44, -1.0
27258.215179247018, 152, -1.0
27259.48566468088, 103, 1.0
27264.30392995639, 75, 1.0
27269.31588161531, 103, 1.0
27273.45033094312, 154, 1.0
27281.5466516003, 152, -1.0
27284.211066333446, 35, -1.0
27284.78660312813, 103, 1.0
27286.58533559631, 75, -1.0
27288.451785872636, 101, -1.0
27291.352375846735, 75, 1.0
27291.396898469935, 152, -1.0
27291.47330504855, 152, -1.0
27293.30874979289, 148, 1.0
27299.854681226603, 44, -1.0
27300.33502807199, 35, -1.0
27301.26579476753, 35, -1.0
27308.268456135156, 35, -1.0
27308.633089136623, 154, 1.0
27310.35790830543, 75, -1.0
27312.289581768382, 75, -1.0
27323.665538252433, 75, -1.0
27325.83044772973, 154, 1.0
27331.207389142393, 75, 1.0
27331.32330140267, 35, -1.0
27332.487328553918, 152, -1.0
27334.501194261466, 44, -1.0
27339.677750650095, 148, -1.0
27342.703311189, 75, -1.0
27342.74280512533, 103, 1.0
27345.746616651446, 148, -1.0
27349.699516688554, 35, -1.0
27373.275618599146, 101, -1.0
27380.43760122986, 148, -1.0
27383.407348959652, 101, -1.0
27384.885359591906, 75, 1.0
27386.368656946135, 148, -1.0
27393.240945281115, 154, 1.0
27395.951064788034, 35, -1.0
27401.056063648368, 101, -1.0
27406.116369934884, 35, -1.0
27415.012213665104, 75, -1.0
27424.75230888094, 35, 1.0
27428.718556286738, 148, -1.0
27429.24795121216, 152, 1.0
27434.368345985516, 35, -1.0
27440.737271464564, 75, 1.0
27442.83176319378, 75, -1.0
27451.25650828773, 148, -1.0
27458.23193349507, 44, -1.0
27459.591154051857, 148, -1.0
27466.681738326526, 44, -1.0
27468.704371083964, 103, 1.0
27469.120541766548, 75, 1.0
27473.533696493356, 35, -1.0
27477.883159918703, 75, -1.0
27479.543384759025, 101, 1.0
27490.35837183589, 103, 1.0
27494.460391788514, 75, 1.0
27503.15828334381, 35, 1.0
27503.203907354506, 148, -1.0
27507.615591281396, 148, -1.0
27507.670005158623, 35, -1.0
27514.504675943535, 75, -1.0
27531.106857484672, 75, 1.0
27534.339432139608, 103, 1.0
27542.558989621106, 75, 1.0
27543.928853131463, 44, -1.0
27547.362064744957, 152, -1.0
27551.20311895232, 75, 1.0
27551.930939577815, 101, 1.0
27553.77094306905, 152, -1.0
27563.96695986034, 154, 1.0
27567.945341422066, 35, -1.0
27574.52299363783, 154, 1.0
27582.019197684138, 152, -1.0
27582.765540172582, 152, 1.0
27582.92112317822, 44, -1.0
27589.339798169927, 75, -1.0
27594.201501979453, 44, -1.0
27594.618163974945, 103, 1.0
27595.4655576534, 103, 1.0
27601.154643110127, 103, 1.0
27604.960701901935, 44, -1.0
27621.50895311391, 154, -1.0
27626.059454125992, 44, -1.0
27629.650146692322, 75, 1.0
27633.7374825504, 152, -1.0
27636.05072041582, 101, -1.0
27642.977917613553, 35, 1.0
27643.539639939678, 152, -1.0
27651.16354061361, 44, -1.0
27664.348877086835, 154, 1.0
27667.401292168568, 103, 1.0
27668.542258362773, 35, -1.0
27668.94745935942, 152, -1.0
27680.62047515251, 35, 1.0
27691.074281210396, 101, 1.0
27696.817770633766, 152, -1.0
27699.90496500831, 152, -1.0
27702.906896606688, 148, -1.0
27705.403664269194, 152, -1.0
27706.737966011286, 154, -1.0
27706.779362185043, 44, -1.0
27711.401534926925, 103, 1.0
27712.26087287905, 152, -1.0
27715.196399101707, 75, 1.0
27715.453265198856, 103, 1.0
27717.31036696564, 44, -1.0
27718.778098564413, 103, 1.0
27719.016387632833, 75, 1.0
27720.149976649307, 35, 1.0
27720.528030566238, 154, -1.0
27730.216283821344, 44, -1.0
27735.464826748124, 101, 1.0
27736.427530913814, 103, 1.0
27738.44284390354, 154, -1.0
27741.653977883616, 44, -1.0
27744.76574865848, 154, -1.0
27747.969845308002, 44, 1.0
27749.27425337765, 154, -1.0
27754.862281535545, 103, 1.0
27756.00284593381, 75, -1.0
27761.04384460686, 44, -1.0
27765.465370920247, 152, -1.0
27769.77727031494, 35, 1.0
27771.524623232854, 154, 1.0
27777.046872124494, 103, 1.0
27782.63690158796, 101, -1.0
27784.593920543673, 35, -1.0
27790.138610340968, 148, -1.0
27796.460351449838, 44, -1.0
27802.971998026696, 103, 1.0
27818.971468881893, 101, -1.0
27820.463100335182, 101, 1.0
27826.012347993314, 154, 1.0
27831.706227230854, 103, 1.0
27832.659979214048, 101, -1.0
27843.184942822536, 101, 1.0
27852.60926475863, 154, 1.0
27855.787319740095, 101, -1.0
27863.074225621232, 44, -1.0
27863.74005445261, 154, -1.0
27864.941088686333, 103, 1.0
27877.55842172899, 103, 1.0
27879.691400431995, 103, 1.0
27883.72295369345, 148, -1.0
27884.45158988734, 152, -1.0
27885.285461341897, 35, -1.0
27894.407034126707, 154, 1.0
27896.50861584183, 101, -1.0
27902.65862414368, 101, -1.0
27908.082850927265, 103, 1.0
27909.379770765387, 44, -1.0
27911.094410829035, 152, -1.0
27912.83253239588, 152, -1.0
27919.692170395505, 44, -1.0
27921.24950587127, 75, -1.0
27923.399320297933, 103, 1.0
27925.49416500218, 103, 1.0
27935.304636952464, 101, 1.0
27935.41093318606, 44, -1.0
27937.56584694841, 101, 1.0
27940.24838360449, 154, -1.0
27943.746952277826, 103, 1.0
27944.4321305797, 154, 1.0
27944.843311344153, 75, 1.0
27947.58852056727, 103, 1.0
27955.467907097478, 44, -1.0
27959.72195913879, 35, -1.0
27960.593167568873, 103, 1.0
27966.137117382455, 44, -1.0
27967.930257094045, 101, 1.0
27978.064074095968, 101, 1.0
27984.806062942786, 101, -1.0
27986.389130732543, 103, 1.0
27988.69472531332, 44, -1.0
27991.470157040643, 148, -1.0
27993.12762030219, 101, 1.0
27995.40511524996, 35, -1.0
27996.789137709635, 75, -1.0
27998.277946591617, 154, 1.0
28001.72082737305, 148, -1.0
28006.516032878422, 101, -1.0
28006.689510589997, 148, -1.0
28011.019684473184, 103, 1.0
28016.399771523073, 75, -1.0
28016.72677891538, 154, 1.0
28018.465518925783, 154, 1.0
28029.328167877873, 103, 1.0
28038.470350601063, 103, 1.0
28043.745521368015, 44, -1.0
28047.073575255352, 75, 1.0
28051.44690953026, 44, -1.0
28057.255971592378, 44, -1.0
28059.084494467854, 148, -1.0
28060.8315883588, 103, 1.0
28060.961681697376, 44, -1.0
28061.18889735317, 75, -1.0
28061.737697915603, 148, -1.0
28063.493033001752, 103, 1.0
28067.234917933307, 152, -1.0
28072.49047474135, 154, -1.0
28072.894742388693, 101, -1.0
28073.453799815576, 75, 1.0
28078.71872770732, 35, -1.0
28078.9188764051, 148, -1.0
28090.330659105217, 103, 1.0
28090.941340532056, 152, 1.0
28091.127911655218, 154, 1.0
28092.34186342832, 154, -1.0
28103.607743225286, 154, -1.0
28105.374703823556, 35, 1.0
28106.576593321086, 103, 1.0
28106.904435831668, 152, 1.0
28110.274420893573, 152, -1.0
28116.712457768877, 152, -1.0
28120.08961588144, 75, 1.0
28122.05459468148, 35, 1.0
28129.433623207893, 154, -1.0
28132.45815058624, 101, -1.0
28133.774125095904, 103, 1.0
28136.7763096029, 75, 1.0
28138.735675001466, 154, 1.0
28150.828311120436, 103, 1.0
28162.016736071582, 75, 1.0
28164.400922398843, 35, -1.0
28166.620822186454, 152, 1.0
28171.240320889545, 152, -1.0
28172.374063551655, 103, 1.0
28175.759449224865, 75, 1.0
28179.394994517363, 103, 1.0
28180.49322732315, 148, -1.0
28184.97734167752, 103, -1.0
28187.009597442913, 44, -1.0
28195.50453878697, 154, -1.0
28202.187579517515, 148, -1.0
28204.12612756404, 75, 1.0
28205.543773814123, 148, -1.0
28208.824104763786, 75, -1.0
28213.054528371365, 154, 1.0
28213.675287372153, 75, -1.0
28214.740457869924, 44, -1.0
28215.195774478623, 103, -1.0
28223.33564210069, 35, -1.0
28233.75250360998, 152, -1.0
28243.627113128998, 75, 1.0
28244.29634235156, 148, -1.0
28246.400605434046, 35, 1.0
28248.54866910776, 103, -1.0
28249.173427272228, 101, -1.0
28250.76535569648, 154, 1.0
28251.782304742537, 44, -1.0
28266.768549599663, 152, -1.0
28267.957042977985, 148, -1.0
28282.543683132204, 154, 1.0
28287.2237871259, 75, -1.0
28288.38358001797, 101, 1.0
28289.153962575285, 152, -1.0
28292.63958948678, 154, 1.0
28295.933938505794, 103, 1.0
28302.614900314926, 103, 1.0
28303.788823317318, 154, 1.0
28304.582809572636, 101, 1.0
28311.287049324794, 152, -1.0
28312.120810655702, 75, 1.0
28314.04863744296, 101, 1.0
28321.475868647998, 75, -1.0
28322.980376368512, 103, 1.0
28332.52992724842, 103, 1.0
28334.256557593522, 103, 1.0
28340.51593283425, 101, -1.0
28343.17025013753, 152, -1.0
28344.06095551607, 44, -1.0
28351.351993027467, 154, 1.0
28353.874831313653, 152, -1.0
28357.839133222722, 148, -1.0
28360.498737930116, 148, -1.0
28361.646921599535, 35, -1.0
28363.09245389143, 103, 1.0
28366.287556154122, 101, 1.0
28367.408048160483, 35, -1.0
28371.698243648025, 152, -1.0
28372.50406550077, 101, -1.0
28378.617071424545, 75, -1.0
28380.183358571325, 101, 1.0
28380.36111698785, 44, -1.0
28380.897003275975, 101, -1.0
28383.4328929057, 44, -1.0
28384.64628943392, 75, 1.0
28388.651723353047, 154, 1.0
28392.601131354346, 152, -1.0
28393.608981191916, 35, 1.0
28398.030714681576, 75, -1.0
28401.5688832904, 154, 1.0
28406.775017942076, 101, -1.0
28407.098213426263, 148, -1.0
28408.639687583014, 101, 1.0
28417.537380326718, 148, -1.0
28420.574444095964, 35, -1.0
28429.51587669047, 35, -1.0
28432.4287726241, 44, -1.0
28441.717036680453, 35, 1.0
28443.874943148257, 44, -1.0
28450.527471081663, 154, 1.0
28452.547529029714, 35, -1.0
28452.934238182, 103, -1.0
28459.105907780937, 101, -1.0
28464.6257458394, 154, 1.0
28477.82044847695, 101, -1.0
28478.68681966418, 35, -1.0
28485.045997074827, 103, 1.0
28485.08755245311, 35, -1.0
28492.00514277337, 35, -1.0
28492.98235318017, 35, -1.0
28502.03682508959, 154, 1.0
28503.189816931976, 44, -1.0
28505.029299170084, 35, -1.0
28505.18570361878, 154, 1.0
28515.618544711804, 152, -1.0
28531.990201016546, 35, -1.0
28535.602296973393, 75, 1.0
28542.402879601046, 44, -1.0
28543.94669352455, 154, 1.0
28545.20288084644, 103, 1.0
28545.907101867662, 103, 1.0
28547.01362475573, 75, 1.0
28550.272481774195, 148, -1.0
28550.88441405887, 101, 1.0
28558.18897986527, 148, -1.0
28558.750550885554, 154, -1.0
28563.06227270467, 35, -1.0
28566.046919541313, 103, 1.0
28566.325106453456, 44, -1.0
28570.76643652462, 44, -1.0
28581.45984975472, 35, -1.0
28592.136489312325, 44, -1.0
28598.349505392267, 44, 1.0
28599.378593185025, 44, -1.0
28600.36284509487, 75, 1.0
28602.801868438095, 154, 1.0
28603.684743307345, 154, 1.0
28604.582166781598, 152, -1.0
28606.982500433573, 101, 1.0
28615.097716660235, 75, -1.0
28617.90191582617, 75, -1.0
28621.26089720928, 75, 1.0
28627.958279548035, 148, -1.0
28630.78610430619, 35, 1.0
28645.91422518762, 75, -1.0
28651.15341196568, 148, -1.0
28662.380890133903, 103, 1.0
28664.15257916663, 75, 1.0
28667.708308753485, 152, -1.0
28671.946399418623, 103, -1.0
28674.965461895015, 154, 1.0
28683.05951484665, 103, 1.0
28684.815663713027, 35, -1.0
28703.65990422651, 154, -1.0
28709.977724569624, 103, 1.0
28723.06010687827, 148, -1.0
28724.072517346813, 152, -1.0
28725.587659646037, 148, -1.0
28726.10190774785, 35, -1.0
28731.78949434552, 154, -1.0
28733.623295455196, 44, -1.0
28734.913623079607, 103, -1.0
28739.579360176598, 154, -1.0
28740.84293800546, 101, 1.0
28742.94638298624, 103, 1.0
28752.48643116965, 75, -1.0
28758.4811767466, 101, -1.0
28763.56755252599, 103, 1.0
28775.618847469053, 101, -1.0
28781.620262229862, 103, 1.0
28782.859868272833, 103, 1.0
28787.474373504454, 154, 1.0
28788.28983774242, 103, 1.0
28791.43122528595, 152, -1.0
28797.880397164394, 75, 1.0
28797.92300430447, 101, -1.0
28800.000242274327, 101, 1.0
28808.020923722754, 35, -1.0
28809.738201306882, 152, 1.0
28810.897146201638, 152, 1.0
28812.365640531185, 152, -1.0
28819.16759375353, 152, -1.0
28819.61291267032, 75, -1.0
28825.69222898247, 44, -1.0
28826.624874652454, 152, -1.0
28838.078734409803, 35, 1.0
28841.543853872834, 75, -1.0
28847.157989536106, 75, -1.0
28850.973430736743, 101, 1.0
28851.665145247985, 75, 1.0
28859.69653143443, 35, -1.0
28866.284608272304, 35, -1.0
28869.097210966385, 75, 1.0
28881.513629247886, 35, -1.0
28884.670034683015, 152, -1.0
28885.691463586707, 35, 1.0
28888.42724775018, 35, -1.0
28901.402367284434, 152, -1.0
28902.880094643202, 101, -1.0
28906.705146310094, 154, 1.0
28909.528952940407, 35, 1.0
28916.904544376455, 152, -1.0
28918.320913787233, 35, -1.0
28920.285281557655, 75, 1.0
28925.091486295234, 101, 1.0
28925.61423620956, 101, 1.0
28927.322041814987, 103, 1.0
28936.548650153276, 75, -1.0
28937.255816130935, 152, -1.0
28938.681562946982, 148, -1.0
28940.11651449275, 75, -1.0
28946.850889871544, 103, 1.0
28946.990020163183, 103, -1.0
28955.046094489324, 152, -1.0
28968.945481995936, 152, -1.0
28980.401281208648, 35, -1.0
28982.32698964503, 35, 1.0
29002.620486209416, 152, -1.0
29007.830779545468, 101, -1.0
29009.190976441903, 35, -1.0
29020.16866557477, 103, 1.0
29023.162585122358, 152, -1.0
29029.965830843066, 75, 1.0
29035.506417563818, 103, 1.0
29049.95852641941, 152, 1.0
29050.961996418326, 35, 1.0
29062.986401504055, 75, 1.0
29067.177022425538, 75, 1.0
29071.623012241744, 101, -1.0
29072.133989231093, 75, -1.0
29087.907235241208, 75, 1.0
29099.665380789338, 101, 1.0
29099.773055655576, 148, -1.0
29107.69784009398, 103, 1.0
29108.138981030075, 101, -1.0
29111.175232111942, 103, 1.0
29114.145760544718, 101, 1.0
29130.073647850615, 75, 1.0
29131.667904078506, 35, 1.0
29135.952964445543, 35, 1.0
29148.582671029762, 101, -1.0
29151.678190361763, 75, 1.0
29153.75776491493, 35, -1.0
29179.789697061547, 148, -1.0
29180.392841971465, 35, 1.0
29183.643353698168, 35, 1.0
29185.3822927223, 101, -1.0
29188.34433013066, 148, -1.0
29192.21879100875, 101, 1.0
29196.43213578728, 35, -1.0
29199.700290069224, 75, 1.0
29201.498860473894, 154, 1.0
29205.02458399595, 148, -1.0
29207.519026338367, 35, 1.0
29207.812522262222, 35, -1.0
29209.59131079172, 148, -1.0
29210.71583245185, 75, 1.0
29213.975743813276, 35, -1.0
29214.43429746742, 35, 1.0
29215.297286752837, 101, -1.0
29225.965853563648, 35, -1.0
29233.62032102196, 35, 1.0
29233.71993902486, 103, -1.0
29236.803884465055, 103, 1.0
29238.245200249665, 103, -1.0
29242.817121412336, 75, -1.0
29243.09850144995, 152, -1.0
29245.086755760778, 75, 1.0
29249.00274662494, 148, -1.0
29251.076563731473, 148, -1.0
29253.498441556432, 154, -1.0
29257.301999887663, 35, -1.0
29258.80252865402, 75, -1.0
29259.055757897793, 75, -1.0
29281.94283385843, 35, -1.0
29287.29241252169, 75, 1.0
29293.13239838637, 152, -1.0
29293.98377148154, 35, 1.0
29302.87328277577, 75, -1.0
29303.591702093792, 75, 1.0
29309.078024449605, 75, 1.0
29326.873386293464, 152, 1.0
29329.65752011219, 154, 1.0
29330.463889821378, 101, -1.0
29345.757374154102, 75, -1.0
29353.351518802207, 35, 1.0
29354.15351232992, 101, 1.0
29356.813444896015, 35, -1.0
29361.307574957213, 44, -1.0
29361.41758999015, 44, -1.0
29363.444658798224, 75, -1.0
29365.991308901088, 101, 1.0
29367.883089435647, 148, 1.0
29370.415054923153, 101, -1.0
29385.14059050733, 35, -1.0
29401.30809018131, 101, 1.0
29402.33713582563, 75, 1.0
29411.79971622596, 154, -1.0
29412.67021392875, 103, -1.0
29419.50388675965, 75, 1.0
29428.2983505472, 44, -1.0
29432.239457655192, 75, -1.0
29441.20709121199, 75, 1.0
29441.916276554144, 35, -1.0
29467.644596430542, 152, -1.0
29467.859896973237, 75, -1.0
29469.289620280317, 148, -1.0
29470.47071283942, 35, -1.0
29473.517797158485, 101, 1.0
29474.335047525045, 75, -1.0
29475.260613010832, 152, -1.0
29480.731285402253, 35, -1.0
29482.213606629117, 101, -1.0
29487.565520401906, 35, -1.0
29500.513824214544, 154, 1.0
29513.139791511236, 152, -1.0
29538.82239825426, 148, -1.0
29542.25286431421, 75, 1.0
29544.511820795044, 101, 1.0
29548.71355586218, 148, -1.0
29565.68751348705, 152, 1.0
29576.166339155017, 35, -1.0
29584.185340723612, 154, -1.0
29587.37910477578, 101, -1.0
29588.05747545263, 101, -1.0
29588.974318343913, 152, 1.0
29592.003060829695, 75, 1.0
29610.02572190451, 44, -1.0
29622.09274132133, 35, -1.0
29629.594937943395, 101, -1.0
29645.03915628834, 152, -1.0
29647.079225754067, 101, 1.0
29647.450292032743, 101, -1.0
29652.63422322064, 35, 1.0
29654.832239106247, 35, 1.0
29657.117446557953, 35, -1.0
29658.57809203339, 101, -1.0
29662.03673996647, 101, 1.0
29662.11136667585, 152, -1.0
29669.15434881172, 75, 1.0
29672.4530050458, 103, 1.0
29674.475665269387, 154, -1.0
29691.472112960433, 148, -1.0
29695.002616268062, 148, -1.0
29702.492490886212, 75, 1.0
29704.148225588917, 154, 1.0
29708.2943513896, 103, -1.0
29709.373145176076, 101, -1.0
29712.2963023451, 35, -1.0
29717.23818027279, 35, -1.0
29719.738413204675, 35, -1.0
29727.11233616423, 152, -1.0
29728.173202057016, 75, 1.0
29729.676162841188, 154, -1.0
29732.36975753972, 152, 1.0
29734.56520009212, 35, 1.0
29736.07165488694, 75, 1.0
29743.754151865734, 35, -1.0
29755.55064321828, 103, -1.0
29756.264754859356, 75, -1.0
29758.430109801135, 75, 1.0
29759.2846060929, 75, 1.0
29761.232244195337, 35, 1.0
29772.056905935904, 35, 1.0
29777.694849657244, 152, -1.0
29792.77928928497, 152, -1.0
29799.96190543194, 103, 1.0
29803.725558589493, 35, -1.0
29804.815571256382, 35, -1.0
29804.831696424462, 35, 1.0
29809.511563757558, 103, -1.0
29843.045406385896, 101, -1.0
29869.258381270887, 75, 1.0
29875.14389685149, 152, -1.0
29880.661296493425, 101, 1.0
29885.218218432212, 148, -1.0
29892.16194385944, 35, -1.0
29894.141486825676, 152, -1.0
29895.871117557745, 152, -1.0
29909.059341094584, 152, 1.0
29927.665219215225, 75, 1.0
29940.91698779738, 35, 1.0
29949.380809458205, 35, 1.0
29949.570076021773, 101, 1.0
29955.100988575643, 101, -1.0
29956.672419232367, 154, -1.0
29961.41356243646, 154, -1.0
29965.582642303933, 152, 1.0
29979.15926261563, 152, -1.0
29982.26396465656, 44, -1.0
29986.98622545715, 75, 1.0
29987.192511850713, 148, -1.0
29993.482613897, 148, -1.0
29993.97245398454, 101, -1.0
30001.323738673967, 35, -1.0
30003.334975573885, 148, -1.0
30005.074176573857, 35, -1.0
30008.09072754135, 35, 1.0
30010.98562265794, 75, 1.0
30011.74836569031, 152, -1.0
30016.101610397858, 35, -1.0
30018.601956533475, 152, -1.0
30019.225858826292, 101, -1.0
30020.91917467174, 35, -1.0
30021.678415339014, 75, 1.0
30036.12191100936, 101, 1.0
30037.546829446183, 152, -1.0
30038.62981730807, 101, -1.0
30041.1110362904, 152, -1.0
30044.278408298127, 75, 1.0
30044.998251436235, 152, 1.0
30052.771088147296, 35, -1.0
30053.056526952394, 44, -1.0
30056.609089033474, 154, 1.0
30057.74900270409, 44, -1.0
30058.79246998828, 148, -1.0
30059.909193716638, 35, -1.0
30061.931804790176, 152, -1.0
30072.588426540482, 35, 1.0
30072.88827366106, 75, 1.0
30086.64071263264, 152, -1.0
30098.736383832453, 44, -1.0
30099.01690308896, 148, -1.0
30104.263867462876, 35, 1.0
30110.928189780378, 44, 1.0
30112.663866887786, 35, -1.0
30113.345304628536, 35, -1.0
30114.122837407507, 75, 1.0
30117.79072983562, 152, -1.0
30122.523446043167, 35, -1.0
30128.12627857104, 152, -1.0
30131.615662673452, 103, 1.0
30133.842826043005, 75, 1.0
30142.00274457336, 35, -1.0
30144.362368874623, 75, -1.0
30149.116354983187, 148, 1.0
30161.204836467783, 35, 1.0
30163.718461234395, 35, -1.0
30165.33168578928, 75, 1.0
30172.010268420545, 44, -1.0
30186.24957278534, 75, 1.0
30202.472548030157, 35, -1.0
30214.073392205017, 154, -1.0
30224.584172173563, 35, 1.0
30226.29938319717, 35, -1.0
30232.206670163574, 101, -1.0
30236.64714360453, 148, 1.0
30239.828509993487, 35, -1.0
30251.898039359272, 35, 1.0
30258.73394658017, 44, -1.0
30261.564397983755, 152, 1.0
30263.788945565582, 75, 1.0
30268.66648654051, 103, 1.0
30276.361375883018, 103, 1.0
30280.756014930543, 75, 1.0
30286.3358511654, 75, 1.0
30289.311183377606, 35, -1.0
30299.376526659435, 152, 1.0
30301.99246214952, 35, -1.0
30307.543038666114, 101, 1.0
30308.84691819646, 152, 1.0
30309.256562467035, 44, 1.0
30314.256308941563, 152, 1.0
30314.404467456763, 35, 1.0
30315.517459363393, 148, -1.0
30318.174032339648, 101, -1.0
30326.067238741245, 35, -1.0
30326.416511075513, 152, 1.0
30331.068058408393, 152, -1.0
30336.553873666147, 101, 1.0
30343.384039102377, 103, -1.0
30344.052814218154, 148, -1.0
30346.125523212864, 152, -1.0
30359.038022987534, 148, -1.0
30361.346507487655, 44, 1.0
30363.27284829405, 154, -1.0
30367.200891264376, 101, 1.0
30376.439070471242, 148, -1.0
30377.114253819967, 35, -1.0
30377.934589044497, 35, -1.0
30389.126972357924, 154, -1.0
30411.237897487084, 148, -1.0
30415.481094835675, 35, -1.0
30415.982294751255, 75, 1.0
30426.78810864246, 103, -1.0
30449.890660922985, 152, 1.0
30452.000018477767, 35, -1.0
30455.847378111066, 75, -1.0
30458.406267071558, 35, 1.0
30467.142193468822, 75, 1.0
30471.5895623315, 35, -1.0
30472.739359252675, 35, -1.0
30473.811990416518, 154, 1.0
30475.84263487201, 35, 1.0
30483.02768859219, 75, 1.0
30489.661455335023, 75, 1.0
30495.05469115841, 35, 1.0
30496.004301560086, 103, -1.0
30498.734697223586, 148, -1.0
30502.190858669794, 75, 1.0
30517.05726495252, 152, -1.0
30522.309779084087, 44, -1.0
30524.33887164089, 75, 1.0
30529.541552811912, 152, 1.0
30539.572013902318, 44, -1.0
30543.8968676356, 101, -1.0
30546.33599105038, 35, 1.0
30548.543668819, 101, 1.0
30555.533119147727, 35, -1.0
30563.130514048582, 154, -1.0
30564.507233689194, 44, -1.0
30565.598961062635, 35, -1.0
30566.929920986724, 35, 1.0
30568.679821913483, 103, -1.0
30573.643846658284, 103, 1.0
30578.905894406205, 101, -1.0
30588.602111091175, 103, 1.0
30589.000970681034, 35, 1.0
30589.041580379664, 148, -1.0
30591.0943793621, 101, -1.0
30593.368343323928, 152, 1.0
30611.54747604813, 75, -1.0
30612.110689862544, 75, -1.0
30614.032033158554, 75, 1.0
30616.426643334464, 75, 1.0
30621.715671744252, 35, -1.0
30626.480216153104, 75, 1.0
30629.21015775794, 35, -1.0
30637.019134382506, 103, 1.0
30663.02597384413, 44, -1.0
30668.568784248688, 75, 1.0
30668.980001999553, 35, -1.0
30669.60671800827, 101, 1.0
30673.610474741552, 75, 1.0
30716.809303582195, 75, 1.0
30717.98613368244, 152, -1.0
30725.26135114103, 154, 1.0
30729.93930967007, 35, 1.0
30731.576528538375, 75, 1.0
30743.589819397464, 44, -1.0
30746.12550489503, 75, 1.0
30747.054034583307, 103, 1.0
30751.734850901405, 101, 1.0
30752.18483922939, 75, 1.0
30779.560537536025, 44, 1.0
30783.128128313474, 103, 1.0
30784.555754753164, 101, 1.0
30784.745179867932, 101, -1.0
30792.81514136853, 101, 1.0
30801.60132974365, 35, -1.0
30801.685884241102, 35, -1.0
30809.110760307383, 101, -1.0
30812.40447400855, 35, -1.0
30814.56594283111, 75, 1.0
30816.28721397915, 35, 1.0
30819.904479185247, 101, 1.0
30821.495668081465, 35, -1.0
30831.201894395792, 152, -1.0
30844.56749190262, 152, 1.0
30846.57890335089, 101, -1.0
30863.76897920563, 35, -1.0
30866.171038995748, 103, -1.0
30870.716213999935, 103, -1.0
30871.641091966154, 101, -1.0
30880.98663870323, 101, 1.0
30881.950331002296, 75, 1.0
30889.23242039509, 75, 1.0
30893.56254769957, 75, 1.0
30900.19600548268, 148, -1.0
30911.950667252942, 101, 1.0
30930.790065987847, 148, 1.0
30936.3554575245, 148, -1.0
30957.87040349062, 44, -1.0
30962.12007214679, 103, 1.0
30970.695454207635, 152, -1.0
30975.021822043873, 44, -1.0
30978.10162754316, 103, 1.0
30982.918571248352, 103, 1.0
30983.99370444858, 44, -1.0
30989.361028046857, 152, -1.0
30995.213525740568, 35, -1.0
30997.49694623221, 101, -1.0
31007.10300844639, 148, -1.0
31007.955951639193, 101, -1.0
31019.74015944363, 75, 1.0
31021.65935157344, 101, -1.0
31029.866723244686, 35, -1.0
31030.427593112287, 75, -1.0
31033.029596545653, 75, 1.0
31044.65773875925, 35, 1.0
31044.70693851685, 101, 1.0
31066.934560751568, 152, 1.0
31071.763453402524, 103, 1.0
31083.134360516542, 75, -1.0
31084.21196432938, 154, -1.0
31085.670817875165, 35, -1.0
31085.855241298363, 75, 1.0
31086.073400417616, 75, -1.0
31086.473977578782, 35, -1.0
31090.193895726086, 75, -1.0
31109.39636849201, 35, -1.0
31121.19797173306, 152, -1.0
31126.905540071908, 35, -1.0
31129.22580468844, 101, -1.0
31159.625714019578, 44, -1.0
31168.846730191646, 75, 1.0
31172.74098448516, 75, -1.0
31178.678019187137, 44, -1.0
31189.16831625, 101, -1.0
31194.10036810233, 35, -1.0
31195.775954498833, 154, 1.0
31203.998558753246, 75, 1.0
31211.481183722513, 148, -1.0
31211.511186348722, 35, 1.0
31217.596658741535, 75, 1.0
31222.355263738824, 35, 1.0
31230.269323242894, 101, -1.0
31232.059857407276, 101, 1.0
31235.018801866627, 152, -1.0
31240.04201207072, 35, 1.0
31241.95311603161, 152, -1.0
31244.579084190835, 103, 1.0
31262.997560610816, 35, -1.0
31263.218709601642, 152, -1.0
31264.284409084892, 75, 1.0
31265.627481918084, 35, -1.0
31265.932062451244, 35, -1.0
31280.33107685063, 148, 1.0
31288.584713192133, 103, -1.0
31295.241132226005, 152, -1.0
31307.13173545234, 152, -1.0
31310.788886748716, 148, 1.0
31312.607957404816, 152, -1.0
31313.689909938726, 103, -1.0
31314.390943367885, 75, 1.0
31315.544322570997, 148, -1.0
31319.278912001373, 101, 1.0
31329.93857148398, 152, -1.0
31333.970018013937, 101, 1.0
31342.862990792088, 75, -1.0
31351.974271903826, 152, -1.0
31356.18532962145, 148, -1.0
31368.194305813653, 154, -1.0
31370.56000421776, 75, 1.0
31373.83921458579, 101, 1.0
31376.83538710355, 75, 1.0
31380.457290514125, 75, 1.0
31395.59170496526, 148, 1.0
31403.701456027855, 75, 1.0
31405.918373093304, 35, -1.0
31408.09044712774, 75, -1.0
31410.930856775216, 152, -1.0
31412.11975079206, 154, 1.0
31427.701656327794, 35, 1.0
31432.566514108483, 152, -1.0
31440.0329922251, 101, -1.0
31440.82955210484, 35, 1.0
31452.38728590981, 103, -1.0
31453.998172595315, 75, 1.0
31460.98383682604, 101, -1.0
31475.28864794354, 154, -1.0
31477.667884036895, 103, -1.0
31481.52933030506, 35, -1.0
31485.36577899546, 75, 1.0
31490.75655535503, 101, 1.0
31494.524785666494, 35, 1.0
31499.943636068914, 101, 1.0
31504.45036698886, 35, 1.0
31506.469749324875, 75, 1.0
31513.26324698461, 152, -1.0
31516.563475246006, 75, -1.0
31524.761531032324, 35, -1.0
31531.100585916927, 152, -1.0
31542.249589641488, 35, -1.0
31542.375736329665, 75, 1.0
31542.59086889459, 75, 1.0
31546.293808545885, 152, -1.0
31553.990990250153, 35, 1.0
31558.27622521513, 148, -1.0
31559.574028097308, 35, -1.0
31559.767785662996, 148, -1.0
31570.979809795284, 35, -1.0
31572.423361395493, 75, -1.0
31573.31334659887, 154, -1.0
31591.21269144157, 44, -1.0
31594.149936451755, 35, 1.0
31597.09294895621, 35, -1.0
31598.38244667724, 154, 1.0
31599.68792882521, 35, 1.0
31608.46284952124, 35, -1.0
31609.037269165994, 44, -1.0
31613.16266852941, 75, 1.0
31630.510880810976, 35, -1.0
31638.713060086244, 148, -1.0
31645.559771411477, 103, 1.0
31649.346054971855, 44, -1.0
31664.153907310163, 75, -1.0
31677.76590445686, 75, 1.0
31693.649472236513, 44, -1.0
31704.745819358162, 148, 1.0
31705.368387354207, 75, 1.0
31707.430349355953, 75, 1.0
31720.501403965394, 101, -1.0
31721.049263215795, 35, -1.0
31721.492648717925, 35, -1.0
31725.41996731417, 101, 1.0
31726.120943146776, 152, -1.0
31726.831788773467, 75, -1.0
31738.536620445397, 148, 1.0
31744.582246186867, 75, 1.0
31759.394085098585, 75, 1.0
31761.637108576637, 35, -1.0
31762.229908343477, 154, 1.0
31763.269332826898, 101, 1.0
31767.482266204872, 103, -1.0
31777.755209888994, 103, 1.0
31780.240251480107, 148, -1.0
31801.701449809905, 148, 1.0
31804.539392441948, 75, 1.0
31805.081087867675, 75, 1.0
31806.762282519892, 103, -1.0
31821.370564092715, 35, -1.0
31829.361161802255, 35, -1.0
31835.345490652926, 103, 1.0
31835.46773095679, 148, -1.0
31838.046120310577, 101, 1.0
31840.298475565887, 75, 1.0
31848.76471182781, 101, 1.0
31849.87986024606, 75, 1.0
31872.33345538754, 75, 1.0
31881.122111609224, 75, 1.0
31884.137007311525, 35, -1.0
31894.842082736115, 75, 1.0
31900.500094371742, 154, 1.0
31902.64327863892, 35, -1.0
31906.18037920374, 148, -1.0
31918.52754760361, 35, -1.0
31918.97022056993, 75, 1.0
31919.998485417633, 101, 1.0
31924.06227102936, 101, -1.0
31924.374772227824, 75, 1.0
31928.837791815098, 101, 1.0
31933.337506942888, 152, 1.0
31933.445414981168, 75, -1.0
31938.5935365681, 148, -1.0
31949.100776064435, 75, -1.0
31960.41806115384, 103, 1.0
31967.347578884925, 152, -1.0
31968.829823598575, 75, 1.0
31973.3666980181, 35, -1.0
31987.409600737315, 152, -1.0
31990.20593441164, 103, 1.0
31992.0872860277, 101, -1.0
31998.672475219224, 35, -1.0
32000.24869356413, 75, -1.0
32014.80092979098, 152, 1.0
32018.379300046086, 44, 1.0
32021.96438085806, 148, -1.0
32025.98943948512, 44, 1.0
32027.334431400363, 35, 1.0
32041.78008718388, 44, -1.0
32067.72593900866, 148, -1.0
32071.45532603556, 35, -1.0
32073.159587007445, 75, 1.0
32078.569028575104, 152, -1.0
32080.421437084475, 154, 1.0
32080.655603539635, 103, -1.0
32081.687854601238, 35, -1.0
32089.28617337699, 35, 1.0
32093.25156026673, 101, 1.0
32099.99910281422, 35, 1.0
32103.15912868528, 148, -1.0
32106.073885991478, 152, -1.0
32121.10897150815, 35, -1.0
32122.486715538063, 101, 1.0
32122.88221918019, 75, 1.0
32124.726556724265, 101, -1.0
32125.087038459016, 44, -1.0
32135.090066780092, 101, 1.0
32137.117722234263, 35, -1.0
32140.166433147493, 44, -1.0
32145.92935626465, 75, -1.0
32147.860449215183, 103, 1.0
32155.215174010922, 44, -1.0
32163.63902136558, 103, 1.0
32169.95150082083, 44, -1.0
32173.343199519906, 152, -1.0
32186.752967968743, 75, 1.0
32189.14599885654, 44, -1.0
32198.296196597097, 101, -1.0
32200.233518813337, 154, -1.0
32201.50459045664, 101, 1.0
32205.04497628411, 75, 1.0
32207.930190957737, 35, -1.0
32208.370455728098, 152, 1.0
32217.110126568037, 152, -1.0
32218.173058770037, 148, -1.0
32221.020031653945, 35, -1.0
32222.750183892764, 35, -1.0
32222.899067428312, 152, 1.0
32226.037284640377, 75, 1.0
32227.38725675931, 154, 1.0
32227.537144344642, 75, 1.0
32227.890602189695, 75, -1.0
32246.316088312407, 75, -1.0
32256.335510165172, 44, -1.0
32257.777923546302, 148, -1.0
32270.352206490967, 35, -1.0
32288.767473005886, 152, -1.0
32291.577648755232, 101, -1.0
32305.436940349933, 35, -1.0
32306.200393983327, 101, -1.0
32316.77042670515, 103, 1.0
32321.690793730428, 152, -1.0
32344.478807200383, 35, -1.0
32347.708454630854, 152, -1.0
32347.969473089463, 35, -1.0
32350.169012861268, 44, -1.0
32360.64183605523, 103, -1.0
32362.711436793485, 35, 1.0
32382.41579573007, 35, 1.0
32389.653370377044, 152, -1.0
32395.50606987562, 152, 1.0
32403.36032541894, 75, 1.0
32404.915677837747, 44, 1.0
32416.038486765123, 75, 1.0
32419.045684367167, 101, 1.0
32421.607154970945, 154, -1.0
32427.51864022992, 154, 1.0
32427.737569408233, 75, 1.0
32428.496671656463, 35, -1.0
32429.416116963253, 75, 1.0
32431.29324837539, 35, 1.0
32448.56886069959, 75, 1.0
32449.245273945042, 103, 1.0
32453.747006190886, 35, 1.0
32472.587467624115, 103, 1.0
32472.953101018662, 103, 1.0
32474.18127512958, 75, -1.0
32492.548461602008, 101, -1.0
32495.104894560252, 101, -1.0
32495.69581182403, 154, -1.0
32498.627736745508, 152, -1.0
32501.024167067386, 44, -1.0
32502.818422743938, 44, -1.0
32506.520611013955, 103, 1.0
32513.00174678827, 44, 1.0
32514.237853043804, 75, 1.0
32514.59317535328, 75, 1.0
32514.624992769, 152, -1.0
32520.567505695963, 148, -1.0
32525.978664824375, 148, -1.0
32526.208146339162, 152, 1.0
32527.757666894093, 148, 1.0
32531.798709262814, 44, 1.0
32532.546282383933, 103, 1.0
32532.610044983056, 35, 1.0
32536.52593794453, 101, 1.0
32538.44977052403, 103, 1.0
32559.429145326205, 101, 1.0
32564.145380902388, 35, -1.0
32569.551630266695, 75, 1.0
32579.011465880318, 101, 1.0
32585.024501317675, 148, 1.0
32586.77845732838, 152, -1.0
32587.696325154444, 152, -1.0
32591.67614411643, 152, 1.0
32592.19674441105, 103, 1.0
32596.506168073847, 152, -1.0
32596.87347107601, 103, -1.0
32609.07903333792, 101, -1.0
32614.31143181398, 103, 1.0
32622.253037705712, 101, 1.0
32623.71767099725, 75, 1.0
32627.07758066425, 35, 1.0
32627.30228944361, 75, 1.0
32635.46907995241, 152, 1.0
32642.55715837487, 103, 1.0
32644.260071523644, 35, -1.0
32651.83458068531, 103, 1.0
32653.821326396952, 75, 1.0
32655.629568764612, 103, 1.0
32663.819539082204, 152, -1.0
32666.51542941972, 101, 1.0
32670.145584698566, 44, -1.0
32674.139707372327, 44, -1.0
32682.799698325758, 75, 1.0
32686.332353898488, 103, -1.0
32693.24974724705, 75, -1.0
32728.105169636634, 101, 1.0
32732.521372708685, 103, 1.0
32737.543722313632, 152, 1.0
32739.345665928497, 101, 1.0
32742.504448854626, 75, 1.0
32763.31881483871, 148, 1.0
32777.37460008602, 101, 1.0
32795.69658164676, 103, 1.0
32801.662426974195, 154, 1.0
32801.92941502395, 75, 1.0
32814.04034007332, 103, 1.0
32816.0251060124, 101, 1.0
32819.56867360148, 152, -1.0
32821.03636949414, 35, -1.0
32829.40204570157, 148, -1.0
32833.253502346364, 152, 1.0
32834.66452991345, 154, 1.0
32834.7988010226, 35, -1.0
32837.03490176549, 103, -1.0
32837.056993412945, 103, -1.0
32841.87601850445, 44, -1.0
32848.93663690155, 152, 1.0
32852.05394230526, 152, -1.0
32860.84128579291, 148, -1.0
32864.78899851319, 35, -1.0
32868.920912348614, 75, 1.0
32873.23912324833, 101, -1.0
32875.93618796122, 152, -1.0
32882.559387223926, 101, 1.0
32887.93638755191, 44, -1.0
32891.76279428223, 152, -1.0
32892.23680050133, 75, -1.0
32905.60257028072, 152, -1.0
32913.37179138501, 154, 1.0
32913.87005478449, 75, 1.0
32915.52513611649, 152, -1.0
32917.03860714079, 148, -1.0
32923.38987750661, 75, 1.0
32924.17776650284, 152, 1.0
32924.76791819808, 44, -1.0
32926.18613973916, 75, 1.0
32926.926407084946, 101, 1.0
32928.34234300286, 75, 1.0
32928.559432886635, 154, 1.0
32940.29890317739, 35, -1.0
32943.156354893465, 44, -1.0
32943.48559734692, 101, 1.0
32947.373862834145, 154, -1.0
32949.97283087882, 152, 1.0
32952.514943373644, 101, -1.0
32959.98036925967, 152, 1.0
32972.883923986825, 35, 1.0
32977.95221057937, 35, -1.0
32982.13069259267, 103, 1.0
32985.10041715141, 152, 1.0
32986.46786674935, 148, -1.0
32987.883981114486, 44, 1.0
32998.3444507476, 154, 1.0
33004.52223353113, 35, 1.0
33012.845572035396, 44, 1.0
33019.17642625052, 35, -1.0
33021.09139473411, 101, 1.0
33024.24925691754, 75, 1.0
33034.85611308144, 101, 1.0
33036.24134521748, 75, 1.0
33036.771538154964, 101, 1.0
33041.03881968749, 154, -1.0
33050.115575634925, 75, 1.0
33056.40394807747, 152, 1.0
33063.53924608746, 101, 1.0
33065.63568072027, 75, -1.0
33066.98554398962, 101, 1.0
33084.79474988903, 75, -1.0
33087.83511132928, 101, 1.0
33089.380355201436, 152, -1.0
33092.35006145177, 44, 1.0
33092.726207410065, 101, 1.0
33100.27249733243, 101, 1.0
33110.31204791663, 101, 1.0
33118.46824532171, 103, 1.0
33121.4597169861, 148, 1.0
33125.94318503591, 152, 1.0
33128.680653856216, 152, -1.0
33146.57169088742, 75, 1.0
33153.96317117924, 152, -1.0
33158.43263010086, 154, -1.0
33162.631991136266, 148, -1.0
33167.30438812974, 44, 1.0
33168.49774372487, 152, -1.0
33171.6190874089, 44, -1.0
33172.920147564764, 35, -1.0
33173.04202058442, 103, -1.0
33184.39416922244, 103, 1.0
33192.23104018673, 103, -1.0
33196.44738279516, 103, -1.0
33218.49942230691, 75, -1.0
33220.630685469805, 75, -1.0
33226.4835192432, 75, 1.0
33227.63521848684, 75, -1.0
33236.21718742551, 103, 1.0
33239.73520609419, 75, 1.0
33242.13194408752, 152, 1.0
33242.159351539456, 35, 1.0
33242.7603907787, 101, 1.0
33245.40189247855, 101, 1.0
33246.011071335684, 35, 1.0
33246.36945593378, 101, 1.0
33250.019657578225, 35, -1.0
33257.599628885495, 152, -1.0
33264.516011012616, 154, -1.0
33274.470506236925, 152, -1.0
33276.922291226474, 152, -1.0
33312.22945313921, 148, 1.0
33315.556039866584, 148, 1.0
33316.13367619502, 75, -1.0
33322.85262657852, 103, 1.0
33328.0924936907, 152, -1.0
33329.42265709861, 101, 1.0
33330.33776049966, 35, -1.0
33340.99936716692, 35, 1.0
33346.899355206224, 75, -1.0
33368.022423141425, 152, 1.0
33371.94988742005, 101, 1.0
33378.428095067975, 35, 1.0
33387.781584334385, 101, 1.0
33392.98136606795, 75, 1.0
33394.6212079721, 154, 1.0
33397.3616622891, 103, -1.0
33401.99069422778, 44, -1.0
33402.04213287088, 75, 1.0
33404.79054561285, 101, 1.0
33411.33419107099, 75, -1.0
33411.759302685394, 75, 1.0
33412.12470197369, 103, 1.0
33414.31864466085, 75, -1.0
33422.93067518284, 103, 1.0
33423.59370676887, 103, 1.0
33423.81532506228, 35, -1.0
33441.963693178215, 101, -1.0
33444.430195245965, 75, -1.0
33444.79187391497, 148, 1.0
33458.87651291441, 101, -1.0
33459.48253751102, 148, 1.0
33466.24829602583, 152, -1.0
33468.109575858696, 101, 1.0
33476.26543131386, 148, -1.0
33481.00898100015, 101, -1.0
33481.03097019844, 35, -1.0
33484.17549348591, 152, 1.0
33484.48624399122, 103, 1.0
33486.032468557896, 101, 1.0
33487.30493688083, 75, 1.0
33490.07042781193, 101, 1.0
33490.78709038312, 75, 1.0
33498.87980041952, 75, -1.0
33505.84332052071, 148, -1.0
33508.384534610705, 154, -1.0
33510.30929987252, 75, 1.0
33518.49065781681, 35, 1.0
33518.88595941375, 75, -1.0
33522.851901595604, 103, -1.0
33523.16101192174, 103, 1.0
33528.36806574598, 35, -1.0
33533.878933055115, 152, 1.0
33536.127781677525, 148, 1.0
33537.73452472372, 75, -1.0
33540.210687335915, 103, 1.0
33550.53767489589, 35, -1.0
33552.978313535605, 103, 1.0
33553.80836683217, 101, 1.0
33559.90019994318, 35, 1.0
33569.226185621585, 101, -1.0
33571.915285025505, 103, 1.0
33572.86314745423, 101, 1.0
33574.27294973421, 75, 1.0
33576.65767942732, 148, -1.0
33578.13219118664, 103, 1.0
33586.19767896868, 103, 1.0
33587.12542937701, 101, 1.0
33588.735584553826, 35, 1.0
33592.80370265795, 35, -1.0
33611.77358888746, 154, 1.0
33616.07837413258, 75, -1.0
33617.14657438609, 152, -1.0
33617.81995429869, 152, -1.0
33624.958026000175, 44, -1.0
33629.63062214019, 35, 1.0
33630.35015701945, 35, -1.0
33632.03860009583, 75, 1.0
33641.61856950366, 103, 1.0
33654.87100756253, 75, 1.0
33657.11884479629, 35, -1.0
33660.55457022453, 103, 1.0
33662.879419643315, 154, -1.0
33665.84591615597, 101, 1.0
33670.1489154741, 44, -1.0
33677.14690616186, 152, 1.0
33678.71002880844, 75, 1.0
33683.589384190884, 152, -1.0
33689.88959344606, 75, 1.0
33691.96579958929, 75, 1.0
33696.31709899877, 75, 1.0
33704.24063817319, 103, 1.0
33708.39115519092, 154, -1.0
33714.4069991497, 35, -1.0
33721.167790209554, 75, -1.0
33725.10007663833, 101, 1.0
33726.16227002391, 148, 1.0
33728.06005714172, 75, 1.0
33740.836906655946, 35, -1.0
33753.720211592474, 103, 1.0
33759.98193440858, 154, -1.0
33776.888461803246, 154, -1.0
33782.10092953961, 152, 1.0
33782.34965571683, 103, 1.0
33784.27003566261, 75, 1.0
33788.242037625765, 35, 1.0
33789.0438264424, 101, -1.0
33797.828592085105, 152, 1.0
33801.935885991894, 75, -1.0
33802.97315505281, 152, -1.0
33817.31669678519, 44, -1.0
33817.99578708285, 35, 1.0
33819.6273183762, 101, 1.0
33822.473929212225, 148, -1.0
33824.630221304, 44, 1.0
33830.860190434425, 75, 1.0
33833.38303830734, 103, 1.0
33837.16407425222, 103, 1.0
33838.963077484106, 101, 1.0
33839.51012986841, 152, -1.0
33844.570277698534, 75, 1.0
33846.5430818988, 75, 1.0
33847.80032341676, 75, -1.0
33852.14908107075, 75, 1.0
33858.43624329202, 35, 1.0
33859.67863101846, 44, -1.0
33860.94281717723, 101, 1.0
33864.42243017883, 35, -1.0
33875.1647159262, 35, -1.0
33881.897246590735, 75, 1.0
33887.296074999744, 154, 1.0
33900.42222380396, 44, -1.0
33904.80678067273, 75, 1.0
33907.71024787719, 44, -1.0
33908.70295102017, 152, 1.0
33931.35389684667, 101, -1.0
33939.85929823023, 35, 1.0
33952.2432780887, 101, 1.0
33970.419891553815, 148, 1.0
33971.427106691495, 101, 1.0
33977.54098425731, 103, -1.0
33978.08853797376, 44, -1.0
33981.532700600175, 75, 1.0
33985.60366525152, 152, 1.0
33985.88558828988, 75, -1.0
33987.29029672376, 75, 1.0
33988.947145261045, 35, 1.0
33991.21438293643, 35, 1.0
33997.338564396785, 35, 1.0
33998.81676219082, 75, -1.0
33999.495849138264, 75, 1.0
34000.43044238192, 44, 1.0
34006.65881763129, 154, -1.0
34017.9418723245, 154, -1.0
34020.32357311384, 148, 1.0
34032.84210996123, 35, -1.0
34034.30291887422, 101, 1.0
34041.71719236068, 35, -1.0
34044.40505294493, 103, 1.0
34044.64129335968, 101, -1.0
34054.42221457654, 35, 1.0
34055.97416167209, 75, 1.0
34070.269978344455, 44, -1.0
34083.9565545543, 103, -1.0
34084.462987740415, 35, -1.0
34085.02368997346, 148, 1.0
34086.22936661488, 148, 1.0
34090.833064008686, 101, 1.0
34098.18152620998, 101, -1.0
34115.59112761324, 101, 1.0
34116.51515944406, 152, -1.0
34119.51256888291, 35, -1.0
34121.69161898399, 101, 1.0
34123.47843966959, 101, -1.0
34125.3383912742, 152, -1.0
34127.915378622405, 75, -1.0
34131.799444787015, 75, 1.0
34134.08791955534, 35, -1.0
34137.88791857903, 35, -1.0
34138.59827697676, 103, 1.0
34140.79994491007, 75, 1.0
34156.9413205263, 152, 1.0
34158.70168871053, 44, -1.0
34160.29244420846, 154, -1.0
34161.81582824143, 35, -1.0
34171.836320667295, 148, -1.0
34175.287259799436, 75, -1.0
34178.47617191048, 101, 1.0
34179.600289610964, 35, 1.0
34180.03140524784, 103, 1.0
34184.1433678709, 75, 1.0
34187.860633614895, 101, 1.0
34199.14707011778, 103, -1.0
34203.13827359913, 101, -1.0
34203.771695069845, 101, 1.0
34204.00087657996, 35, 1.0
34208.05341283289, 101, 1.0
34208.593595750324, 35, 1.0
34213.341217185865, 35, 1.0
34222.98710246599, 101, -1.0
34235.75774141667, 103, 1.0
34237.298037380795, 152, 1.0
34240.8620585699, 152, 1.0
34241.26548194557, 152, -1.0
34243.558793788674, 103, -1.0
34246.73042652435, 44, -1.0
34253.69382270887, 101, 1.0
34253.82871408889, 101, -1.0
34254.745285300174, 75, -1.0
34256.980286363505, 35, 1.0
34258.3860015644, 148, 1.0
34258.496754185646, 152, -1.0
34262.39529571159, 75, -1.0
34282.603366391566, 103, 1.0
34289.94796223979, 152, -1.0
34292.63325350972, 152, -1.0
34292.88961589358, 103, -1.0
34293.76116545086, 44, -1.0
34302.33287178793, 44, -1.0
34305.11417548422, 103, 1.0
34308.058875505136, 154, 1.0
34308.42001494492, 101, -1.0
34322.87449179575, 101, 1.0
34331.83862078201, 152, 1.0
34336.82988350103, 103, -1.0
34342.81711348321, 35, -1.0
34367.849588311634, 154, 1.0
34370.6842375493, 101, -1.0
34372.46721957347, 44, -1.0
34380.19497960475, 103, 1.0
34397.58534977836, 75, 1.0
34400.299787489115, 75, 1.0
34406.03265284386, 103, 1.0
34446.15481547865, 35, -1.0
34453.83064460833, 35, 1.0
34456.045033834824, 101, 1.0
34456.833711954416, 154, -1.0
34459.086463014355, 75, 1.0
34459.26087104301, 152, 1.0
34486.27058999699, 44, -1.0
34490.71688101101, 152, -1.0
34495.45790500546, 152, 1.0
34501.57462337367, 103, 1.0
34518.93443025462, 103, 1.0
34541.94679325985, 103, 1.0
34544.294698117075, 101, 1.0
34544.39553183211, 101, 1.0
34549.3245736314, 103, 1.0
34552.02153146857, 75, 1.0
34554.98260572624, 103, 1.0
34555.751524151405, 101, 1.0
34559.8874395569, 103, 1.0
34571.273360131236, 35, -1.0
34571.96483469678, 101, -1.0
34572.22095700109, 101, 1.0
34575.10748292432, 75, 1.0
34575.18893559411, 44, 1.0
34580.035331149484, 75, 1.0
34584.51263787607, 75, 1.0
34585.36902834785, 101, -1.0
34586.996020741106, 101, 1.0
34589.13738721999, 148, 1.0
34591.419531130596, 75, 1.0
34598.74925559082, 101, 1.0
34606.28061834934, 103, 1.0
34610.75461402004, 103, 1.0
34618.04725082965, 152, -1.0
34620.085446779725, 75, 1.0
34625.65586671111, 103, -1.0
34628.73772250462, 44, -1.0
34634.335312241674, 35, 1.0
34636.08042353959, 154, 1.0
34642.78318897038, 101, 1.0
34655.71773113422, 152, 1.0
34658.412079066446, 148, 1.0
34659.0351811617, 152, 1.0
34660.41796515027, 152, -1.0
34663.0256802047, 152, 1.0
34673.36298589133, 152, 1.0
34674.56746995016, 148, 1.0
34675.27033828466, 152, -1.0
34678.2373141886, 101, 1.0
34679.16156655026, 103, -1.0
34682.885677103346, 101, -1.0
34688.13115005541, 103, 1.0
34695.09281900616, 35, -1.0
34700.63832780075, 154, -1.0
34702.034158168644, 154, 1.0
34706.95387834827, 75, 1.0
34708.458544548295, 154, -1.0
34708.64495697296, 75, 1.0
34710.45781963991, 101, -1.0
34712.07775259944, 75, -1.0
34713.233903489556, 148, -1.0
34714.43410861436, 75, -1.0
34714.945596675374, 44, -1.0
34729.42647160937, 101, 1.0
34743.96100312626, 44, -1.0
34745.77981719356, 103, -1.0
34762.73361819906, 103, 1.0
34769.95153405127, 75, -1.0
34780.69256065799, 152, -1.0
34788.88881787895, 152, 1.0
34790.28288848594, 44, -1.0
34790.69718279064, 75, 1.0
34790.77180366214, 35, -1.0
34807.888593118456, 75, 1.0
34808.099960335596, 154, -1.0
34814.95294889492, 44, -1.0
34816.54255342385, 152, 1.0
34821.709255223905, 75, 1.0
34824.00451256774, 152, -1.0
34829.96095483802, 154, -1.0
34837.57007687995, 101, -1.0
34839.38122291563, 75, 1.0
34841.06079020693, 75, 1.0
34843.25362410779, 103, 1.0
34845.26781782723, 75, 1.0
34850.1149309809, 103, 1.0
34853.709228332875, 152, 1.0
34877.89398438094, 75, -1.0
34877.91161987377, 103, -1.0
34882.702603796824, 103, 1.0
34884.49835541339, 75, 1.0
34885.60559827888, 152, 1.0
34889.65496847904, 101, 1.0
34891.68443264382, 101, 1.0
34893.91463085869, 101, -1.0
34907.63562307589, 75, -1.0
34909.96339478581, 103, 1.0
34912.212006555244, 101, 1.0
34921.97496629009, 35, 1.0
34926.83912695311, 101, 1.0
34932.26277606582, 103, 1.0
34933.63134415101, 75, 1.0
34943.853254315785, 35, 1.0
34947.69145367459, 148, -1.0
34949.39921558253, 154, -1.0
34952.115356334536, 101, -1.0
34952.28249750518, 101, 1.0
34956.95380871085, 75, 1.0
34958.073328431725, 75, -1.0
34961.248360768324, 103, -1.0
34963.88772513909, 101, 1.0
34965.26858379147, 75, -1.0
34973.79800174604, 152, 1.0
34976.74406199904, 103, 1.0
34977.840901235075, 152, 1.0
34978.37985531484, 35, -1.0
34981.67966128791, 101, 1.0
34989.457875621614, 103, 1.0
34994.57532213863, 75, 1.0
34995.23336907996, 101, -1.0
34998.061726040934, 152, -1.0
35001.91331454232, 103, -1.0
35005.14517042091, 44, -1.0
35008.05676143731, 152, -1.0
35022.291796405814, 103, -1.0
35023.85163430548, 75, 1.0
35024.8255768591, 101, 1.0
35035.49160383627, 75, 1.0
35039.189633647715, 152, -1.0
35047.87657371321, 35, -1.0
35050.07973718504, 103, -1.0
35051.43968530855, 103, 1.0
35054.38995052544, 152, 1.0
35060.94066052197, 154, -1.0
35067.44638845836, 152, 1.0
35075.407399314056, 75, 1.0
35079.12312099766, 154, -1.0
35079.9626703972, 101, -1.0
35081.33623727736, 75, 1.0
35085.592005668674, 152, 1.0
35087.01397047758, 35, -1.0
35092.38936849898, 154, 1.0
35092.67376614804, 103, 1.0
35093.044537543814, 103, -1.0
35093.8118113535, 75, 1.0
35102.60133516944, 103, -1.0
35109.857809207155, 75, 1.0
35123.464661037666, 103, 1.0
35129.79646975055, 35, -1.0
35130.719979226495, 152, 1.0
35140.94189104289, 35, 1.0
35147.46898681775, 75, 1.0
35151.02140127248, 75, 1.0
35158.45528841249, 103, -1.0
35161.05952534735, 75, 1.0
35162.45742873501, 35, -1.0
35166.694429785624, 154, -1.0
35167.107647256715, 148, 1.0
35168.92765312116, 75, 1.0
35169.95088826707, 75, -1.0
35170.79908637541, 103, -1.0
35171.59325338236, 101, 1.0
35177.33832946658, 35, -1.0
35185.02741607725, 103, 1.0
35187.16341188061, 75, -1.0
35193.38541908893, 154, 1.0
35194.66867100825, 35, 1.0
35201.69234887113, 75, -1.0
35202.08149126271, 35, -1.0
35204.86720241999, 154, -1.0
35205.01255765384, 148, -1.0
35214.25399946163, 152, 1.0
35215.730162283224, 75, 1.0
35227.84897442331, 101, 1.0
35230.398592540056, 101, -1.0
35233.433762840104, 44, -1.0
35236.80563808331, 103, 1.0
35241.346614977, 35, -1.0
35241.72026606278, 101, 1.0
35244.04920389982, 35, 1.0
35248.6629820982, 75, 1.0
35248.85568896574, 75, -1.0
35265.08955823416, 101, 1.0
35271.07302041813, 35, 1.0
35271.97816258909, 75, 1.0
35272.53512418986, 75, 1.0
35274.55833800773, 154, -1.0
35275.53209313482, 75, 1.0
35277.21584691215, 101, 1.0
35280.85190270587, 154, -1.0
35292.95237139791, 101, 1.0
35295.42061181253, 101, 1.0
35295.598712762876, 103, -1.0
35295.99042063231, 35, 1.0
35305.81648627391, 35, -1.0
35311.63078272647, 154, -1.0
35312.89187871368, 152, -1.0
35318.847626666604, 152, -1.0
35325.76217923846, 101, 1.0
35336.8974884843, 103, -1.0
35337.841251476806, 152, -1.0
35339.50194743279, 103, 1.0
35342.765624707055, 35, -1.0
35344.10388159215, 75, 1.0
35348.05857192206, 152, -1.0
35348.059149397646, 103, 1.0
35350.88270629628, 75, 1.0
35355.38451754649, 103, 1.0
35355.477769463796, 152, 1.0
35360.200405799864, 103, 1.0
35363.55928606617, 103, 1.0
35363.61751904401, 103, 1.0
35369.656946474075, 154, -1.0
35377.74655729916, 75, 1.0
35379.047758154746, 152, -1.0
35380.95778403852, 154, 1.0
35382.286636981175, 103, -1.0
35384.64556055638, 152, 1.0
35386.14282469303, 152, -1.0
35393.84828017392, 152, -1.0
35396.47432862713, 75, 1.0
35396.96864435436, 101, -1.0
35397.82268484737, 101, 1.0
35403.994299735314, 152, -1.0
35412.66162887192, 154, -1.0
35414.207620610905, 75, 1.0
35419.60834663174, 101, 1.0
35423.039804619206, 148, 1.0
35425.444262988865, 101, 1.0
35425.61887518435, 101, 1.0
35432.77706489826, 148, -1.0
35436.26060166471, 148, -1.0
35436.72098752712, 154, 1.0
35443.098868744484, 101, 1.0
35444.4003505538, 103, 1.0
35444.77478605074, 148, -1.0
35452.97934210807, 152, -1.0
35457.056538920006, 75, 1.0
35486.89647884664, 154, -1.0
35489.537956041706, 152, -1.0
35497.414337241855, 35, -1.0
35501.50529746769, 152, -1.0
35502.22482010041, 75, 1.0
35504.728962102396, 101, -1.0
35506.9495831531, 101, 1.0
35520.93536877742, 75, 1.0
35524.06157054895, 103, -1.0
35531.81237954356, 103, 1.0
35540.20051047323, 101, 1.0
35543.78150255044, 152, -1.0
35550.52953794544, 35, -1.0
35553.840868559564, 103, -1.0
35572.00488437417, 101, -1.0
35572.36696098452, 101, 1.0
35575.30322012415, 101, 1.0
35577.89074414132, 103, 1.0
35581.540352534495, 103, 1.0
35591.637508793196, 101, 1.0
35594.739543887066, 35, -1.0
35598.55508301194, 154, -1.0
35599.73077684556, 35, 1.0
35601.053229183686, 103, 1.0
35602.00673749635, 101, 1.0
35604.05469814234, 148, -1.0
35604.244911011614, 75, -1.0
35619.10275705108, 75, 1.0
35629.194246983214, 152, -1.0
35632.91433675078, 101, 1.0
35641.142418745985, 148, -1.0
35644.12027592937, 101, 1.0
35647.80119468427, 75, -1.0
35648.89030683698, 148, -1.0
35651.6136039962, 44, -1.0
35654.71674328081, 101, 1.0
35657.80543487046, 101, -1.0
35657.88932697976, 75, 1.0
35661.83158036065, 152, -1.0
35672.7604957761, 35, -1.0
35676.65826609941, 44, -1.0
35680.11376207449, 75, 1.0
35682.275881705034, 103, -1.0
35685.94534693926, 35, -1.0
35689.05174238324, 101, 1.0
35689.87455291946, 148, 1.0
35692.442850706735, 103, 1.0
35694.02678550068, 35, -1.0
35695.07862391051, 75, 1.0
35700.31479950472, 101, -1.0
35709.1389329383, 75, -1.0
35711.4531367439, 152, -1.0
35713.18824106172, 148, -1.0
35714.665965998596, 75, 1.0
35715.172057271666, 152, -1.0
35719.06350098736, 44, -1.0
35725.9366939833, 35, 1.0
35727.82319708935, 101, 1.0
35731.491468041786, 75, 1.0
35736.79318010119, 103, 1.0
35743.54054852958, 75, -1.0
35743.92965444317, 75, 1.0
35745.49814844487, 152, 1.0
35746.88357488324, 35, 1.0
35749.35873775239, 103, -1.0
35751.102483100265, 44, 1.0
35754.120538414645, 152, -1.0
35756.40833655847, 154, 1.0
35758.07199792341, 154, 1.0
35760.497304705306, 44, -1.0
35771.99380009819, 44, -1.0
35778.83842080203, 101, 1.0
35782.876656965556, 35, -1.0
35786.339466424804, 148, -1.0
35787.51888086189, 103, 1.0
35788.73466945375, 35, 1.0
35792.30154710541, 152, 1.0
35795.05213841545, 103, 1.0
35796.52802092668, 101, 1.0
35800.29402435126, 101, 1.0
35815.32294499445, 152, -1.0
35817.93544994852, 101, 1.0
35821.945351799484, 101, -1.0
35823.11349070893, 152, -1.0
35823.67047663601, 75, -1.0
35825.4511123139, 154, 1.0
35848.33831080742, 75, 1.0
35849.900110308896, 103, 1.0
35854.87354772194, 75, -1.0
35858.98580394528, 103, 1.0
35860.24836078239, 154, -1.0
35863.78150471448, 35, -1.0
35866.396415086674, 103, 1.0
35867.18869136336, 148, -1.0
35867.480151162825, 35, 1.0
35896.6304513064, 35, -1.0
35905.08666538566, 101, 1.0
35907.27449025511, 101, 1.0
35909.13110968821, 75, 1.0
35912.804772168616, 148, -1.0
35916.06430426442, 152, -1.0
35928.80859710128, 148, -1.0
35939.294947743074, 101, 1.0
35941.73770814971, 35, 1.0
35943.82934391494, 152, -1.0
35963.85127247206, 148, -1.0
35964.93012985532, 75, 1.0
35967.60567745418, 75, -1.0
35969.04735608159, 75, 1.0
35979.88722107989, 75, 1.0
35981.189137616006, 103, 1.0
35982.846098282025, 152, -1.0
35988.37958794621, 103, -1.0
35996.2854660264, 35, -1.0
