21600.922020332546, 103, 1.0
21601.055245693155, 75, 1.0
21608.490710303722, 35, 1.0
21612.513220573026, 101, 1.0
21624.43227075944, 154, -1.0
21634.814723919928, 154, 1.0
21638.081400228177, 35, -1.0
21649.167133358354, 154, 1.0
21657.19375219997, 35, -1.0
21666.80060238555, 152, 1.0
21681.55240156874, 35, -1.0
21684.446041341667, 148, -1.0
21691.122368926084, 101, 1.0
21693.693446303594, 35, -1.0
21694.932449340915, 154, 1.0
21699.545184215913, 35, -1.0
21703.8732276754, 75, 1.0
21705.871368053624, 101, 1.0
21708.20438983175, 35, -1.0
21711.86396616017, 75, -1.0
21713.092765159443, 44, -1.0
21716.523491761567, 35, -1.0
21733.267776769502, 35, 1.0
21737.83641566428, 44, -1.0
21738.447303181358, 103, 1.0
21739.764493671726, 148, -1.0
21743.13455164764, 103, -1.0
21754.642384112958, 152, -1.0
21755.05710510444, 154, 1.0
21782.089378432018, 44, -1.0
21788.974272660605, 35, -1.0
21792.05865272721, 35, -1.0
21804.033879660696, 101, 1.0
21824.142556175568, 35, -1.0
21825.607745384947, 44, -1.0
21827.722036597963, 75, 1.0
21829.119628639062, 154, 1.0
21829.18037397382, 148, -1.0
21829.896970176276, 75, -1.0
21848.313248866038, 35, 1.0
21848.866242947508, 101, 1.0
21849.357731100456, 75, -1.0
21852.31117458731, 35, -1.0
21871.152999773523, 152, -1.0
21873.184551683233, 44, -1.0
21878.10821272485, 101, 1.0
21880.61645636243, 103, 1.0
21881.903815779333, 35, 1.0
21883.00219572086, 103, -1.0
21883.917933952034, 101, 1.0
21885.72786481877, 103, 1.0
21889.42036755168, 75, -1.0
21891.401919827018, 35, 1.0
21901.422785357732, 101, 1.0
21907.646939152582, 154, 1.0
21908.111067966955, 154, 1.0
21914.15660831242, 44, -1.0
21914.89466362752, 35, -1.0
21918.97569868104, 101, -1.0
21922.483599320447, 35, -1.0
21923.289356639034, 148, -1.0
21925.681211333478, 103, 1.0
21930.28724670242, 103, 1.0
21933.53892371423, 75, 1.0
21937.379941728886, 44, -1.0
21938.831060552082, 154, 1.0
21939.098652052773, 44, 1.0
21944.889185368746, 35, -1.0
21948.942301047704, 75, 1.0
21954.587495825668, 75, -1.0
21955.82511803724, 35, -1.0
21961.476031401864, 101, -1.0
21962.158354369065, 101, 1.0
21971.892305240828, 75, -1.0
21975.154442727875, 101, 1.0
21987.750568375446, 35, -1.0
21989.57452795475, 103, 1.0
21997.04937734373, 35, -1.0
21997.78273973867, 103, 1.0
22002.037334920613, 35, -1.0
22002.584892045896, 75, -1.0
22006.264541385335, 152, -1.0
22010.301816915817, 75, 1.0
22013.941483213697, 101, 1.0
22016.05547595027, 101, 1.0
22019.53570391512, 75, -1.0
22020.80773890547, 44, -1.0
22027.194774141284, 103, 1.0
22034.555997619475, 75, -1.0
22037.49868891453, 75, 1.0
22038.750273706904, 35, -1.0
22041.274160084977, 152, -1.0
22044.478671050816, 101, 1.0
22049.073155459588, 103, 1.0
22050.589284505313, 35, -1.0
22053.688296057433, 75, 1.0
22059.204954790483, 44, -1.0
22063.595775992377, 152, -1.0
22063.654564503955, 148, -1.0
22074.249687789354, 75, 1.0
22091.556490881347, 35, -1.0
22093.64108684986, 75, -1.0
22093.927702116565, 101, 1.0
22101.356012807268, 101, -1.0
22109.068728182097, 101, 1.0
22116.479705761565, 75, 1.0
22121.024633436653, 103, 1.0
22122.240880386318, 75, -1.0
22125.1521920079, 148, -1.0
22140.88260535366, 35, -1.0
22147.72213640119, 154, 1.0
22152.230428018673, 35, -1.0
22152.70481206114, 148, 1.0
22163.98511487694, 152, -1.0
22166.029439928963, 75, 1.0
22172.535447760125, 103, 1.0
22173.221991094404, 75, 1.0
22181.405745187592, 35, -1.0
22183.853304151966, 148, -1.0
22186.603905921773, 101, -1.0
22187.080086440084, 101, 1.0
22194.582906637028, 101, 1.0
22200.49501510307, 154, 1.0
22202.185994274438, 75, -1.0
22202.629724820374, 35, -1.0
22216.936632222, 148, -1.0
22218.23992974297, 44, -1.0
22223.06654667678, 152, -1.0
22230.19353684473, 44, -1.0
22232.36491677077, 154, 1.0
22236.42295068938, 101, 1.0
22237.1921937186, 148, -1.0
22238.815366522747, 101, 1.0
22240.83865835699, 75, 1.0
22247.087166600417, 35, -1.0
22254.272868691656, 148, -1.0
22261.375471169347, 75, 1.0
22266.039471809403, 152, -1.0
22271.081064525868, 101, 1.0
22281.41040860089, 75, 1.0
22285.098359773903, 35, -1.0
22285.946684026792, 152, -1.0
22293.18560727215, 35, -1.0
22293.246225015508, 103, 1.0
22296.950882291945, 103, 1.0
22298.856396534877, 101, 1.0
22299.335820119402, 154, 1.0
22301.63678951335, 75, 1.0
22314.450450125998, 75, 1.0
22317.41869506643, 148, 1.0
22319.410201114635, 35, -1.0
22328.717577662504, 35, -1.0
22329.148506285954, 103, 1.0
22329.406542773726, 75, -1.0
22335.346548986632, 75, 1.0
22335.569702222154, 101, 1.0
22347.443331887607, 103, 1.0
22349.148209740804, 75, -1.0
22353.40840356751, 103, 1.0
22354.044390030558, 35, -1.0
22355.872577187267, 75, -1.0
22367.086814593844, 35, 1.0
22372.509060642817, 35, -1.0
22380.489739950714, 75, 1.0
22381.78714007054, 154, 1.0
22385.392441234926, 44, -1.0
22390.220594764047, 148, -1.0
22394.637971161334, 101, 1.0
22397.519378321038, 35, -1.0
22398.532190555587, 75, -1.0
22399.92945028317, 148, -1.0
22411.61785615845, 152, 1.0
22411.93062497086, 148, 1.0
22412.60272396487, 154, 1.0
22416.368953822144, 44, 1.0
22417.429009320505, 103, 1.0
22420.092576491683, 101, 1.0
22423.138330871265, 44, -1.0
22425.59853136062, 75, -1.0
22426.196977951633, 152, -1.0
22429.490199659886, 44, -1.0
22430.23533669727, 154, 1.0
22434.238453871367, 75, -1.0
22453.117086044473, 35, -1.0
22453.769818097797, 75, 1.0
22454.639468656966, 148, -1.0
22457.85834484655, 35, -1.0
22460.809833406114, 103, 1.0
22461.95815418976, 148, -1.0
22472.019226948196, 152, -1.0
22483.47776899927, 75, 1.0
22485.321387019798, 148, -1.0
22487.42266639435, 44, -1.0
22491.22306040398, 154, 1.0
22493.10195870375, 75, -1.0
22499.6563081345, 152, -1.0
22500.36094929862, 152, -1.0
22511.689767491196, 152, -1.0
22517.27755232345, 101, 1.0
22532.60959042302, 154, 1.0
22535.90050080456, 75, 1.0
22536.92312740902, 35, -1.0
22540.003427943357, 148, -1.0
22545.219079943134, 35, -1.0
22549.496811912206, 44, -1.0
22556.89159842059, 35, -1.0
22575.745265031837, 75, 1.0
22586.85489978915, 103, 1.0
22587.94302099619, 35, -1.0
22588.713582794226, 152, 1.0
22588.948592467244, 44, -1.0
22590.487401932052, 75, -1.0
22590.921143704374, 75, -1.0
22596.533399367763, 152, -1.0
22600.035474312084, 35, -1.0
22602.64567618274, 154, 1.0
22620.575449906497, 75, 1.0
22620.848341740042, 103, 1.0
22623.762371920708, 154, 1.0
22623.9732315168, 35, -1.0
22624.78754407966, 152, -1.0
22625.629661370553, 154, 1.0
22630.752896694245, 101, 1.0
22631.301807415868, 103, -1.0
22633.440226244835, 35, -1.0
22633.9452860608, 75, -1.0
22635.35418195965, 154, 1.0
22644.441259569747, 35, -1.0
22644.488094143097, 101, -1.0
22652.816123149085, 152, 1.0
22660.30211349433, 75, 1.0
22672.124841613306, 44, -1.0
22673.923870923118, 152, -1.0
22683.229509905468, 44, -1.0
22695.341666140168, 103, -1.0
22699.526207584997, 75, -1.0
22700.358663141636, 75, -1.0
22701.62500600151, 103, 1.0
22706.528666176535, 152, 1.0
22708.476569834304, 75, 1.0
22709.65758635106, 148, -1.0
22714.905896731903, 35, -1.0
22715.875641482053, 44, -1.0
22719.91400553938, 75, 1.0
22731.91755639808, 148, -1.0
22732.823731973516, 35, 1.0
22741.4224269558, 35, 1.0
22742.069227835273, 75, -1.0
22745.1099293064, 152, -1.0
22759.36777329914, 148, 1.0
22763.252778424336, 154, 1.0
22775.79050197411, 148, -1.0
22784.089425085927, 75, 1.0
22784.527437623106, 35, 1.0
22790.32426230172, 152, -1.0
22793.593012839472, 75, 1.0
22798.039322291705, 152, -1.0
22802.797400199503, 35, -1.0
22810.44407311087, 44, -1.0
22811.526892182297, 75, 1.0
22818.047225727565, 103, -1.0
22823.353394676902, 44, -1.0
22834.78617312277, 75, 1.0
22840.9428365363, 35, -1.0
22841.108997866988, 101, 1.0
22842.77188481956, 148, -1.0
22850.54421170941, 35, -1.0
22851.278133830605, 44, -1.0
22854.64008252393, 101, 1.0
22856.559455780665, 152, -1.0
22858.14649232821, 75, 1.0
22865.023386382967, 35, -1.0
22870.208076855677, 75, 1.0
22873.360380012426, 103, 1.0
22874.360210373656, 75, 1.0
22880.90937648102, 152, -1.0
22881.269511396764, 35, -1.0
22884.93030292122, 44, -1.0
22886.717592485038, 154, 1.0
22888.27293247636, 75, -1.0
22893.0214959019, 75, 1.0
22896.820328037407, 75, -1.0
22898.077322492907, 35, -1.0
22899.270520269394, 35, -1.0
22899.33167332827, 35, -1.0
22899.619175882308, 148, -1.0
22904.97876224995, 101, 1.0
22909.19468447678, 75, 1.0
22912.915366146444, 44, -1.0
22919.83141589669, 103, 1.0
22925.41177817729, 152, -1.0
22944.094855484993, 35, -1.0
22947.341923407468, 154, 1.0
22949.578632232206, 148, -1.0
22951.396954726704, 35, 1.0
22952.407722433876, 35, -1.0
22952.829408195128, 44, -1.0
22953.671408131093, 152, -1.0
22956.796040218134, 35, -1.0
22962.50371667041, 75, 1.0
22970.751889135896, 75, 1.0
22971.433033705787, 154, 1.0
22975.68968940134, 103, -1.0
22978.503327201164, 35, 1.0
22984.807704512143, 75, 1.0
22994.004647232003, 35, -1.0
22997.801756385863, 44, 1.0
23000.596041498826, 148, -1.0
23000.827228555074, 35, -1.0
23004.697115913266, 35, -1.0
23009.61869351522, 75, -1.0
23014.540069222265, 75, 1.0
23022.27444902877, 103, 1.0
23023.134028745808, 35, 1.0
23027.654695246896, 152, -1.0
23028.652216691822, 44, -1.0
23031.48127242937, 75, -1.0
23043.779633899983, 35, -1.0
23046.327111821884, 75, -1.0
23063.787337682938, 35, -1.0
23066.635556083616, 35, -1.0
23067.20627228676, 101, -1.0
23067.38044370654, 148, -1.0
23072.15079370443, 148, -1.0
23077.51242877146, 35, -1.0
23097.17770317481, 148, -1.0
23100.40038959626, 35, -1.0
23106.93637519057, 75, -1.0
23115.93845492462, 35, -1.0
23121.762678205192, 152, -1.0
23126.3186746903, 75, -1.0
23131.875093282044, 103, -1.0
23150.80963445627, 35, -1.0
23154.222747575106, 75, 1.0
23159.704602239595, 154, 1.0
23160.907940057543, 75, 1.0
23161.17034113956, 154, 1.0
23161.242699108494, 75, 1.0
23169.903392429474, 35, -1.0
23177.32740381223, 35, -1.0
23177.88494220788, 101, 1.0
23179.803844123853, 152, -1.0
23180.044801678046, 154, -1.0
23180.617752381942, 35, -1.0
23181.8345592544, 35, -1.0
23191.47235612517, 148, -1.0
23192.382381323656, 75, 1.0
23192.819801373847, 152, -1.0
23196.77813130041, 35, -1.0
23198.963869532578, 35, -1.0
23208.742483660615, 35, -1.0
23212.799709569237, 75, 1.0
23218.57566763786, 35, -1.0
23223.36989730475, 35, -1.0
23225.52031323529, 75, 1.0
23247.9961952972, 103, 1.0
23249.48643088796, 154, -1.0
23258.720048844392, 101, 1.0
23264.87488695978, 148, -1.0
23270.923409171402, 101, 1.0
23275.386421235828, 103, 1.0
23283.899295661224, 101, 1.0
23290.960603307874, 101, 1.0
23310.464395151037, 148, -1.0
23312.4939423887, 152, 1.0
23312.594704925876, 101, 1.0
23314.535836733434, 148, -1.0
23314.73986062546, 35, -1.0
23315.359694898252, 148, -1.0
23320.8343678059, 154, 1.0
23321.80365936071, 75, 1.0
23322.713347220797, 75, 1.0
23325.444499983107, 103, 1.0
23328.216012932062, 75, -1.0
23330.332653353606, 35, -1.0
23336.899471193337, 35, -1.0
23339.85969394097, 154, 1.0
23343.762717224647, 35, -1.0
23347.330870654216, 152, 1.0
23351.385402105425, 152, 1.0
23352.37875676207, 75, 1.0
23352.449017715808, 75, 1.0
23358.616063990612, 35, -1.0
23359.377894123805, 35, 1.0
23360.201319465243, 35, -1.0
23372.034108458873, 103, 1.0
23374.234140951758, 35, -1.0
23379.598978371945, 152, -1.0
23392.206433609474, 35, -1.0
23410.95044954567, 152, -1.0
23416.185620578985, 44, -1.0
23418.08683547243, 152, -1.0
23418.586643451923, 152, -1.0
23426.198867099745, 35, -1.0
23428.760543644952, 101, 1.0
23432.63335406932, 44, -1.0
23435.168409058628, 101, 1.0
23437.26600878198, 75, 1.0
23437.929583630827, 101, 1.0
23440.183285919848, 152, -1.0
23441.63503027929, 75, 1.0
23445.325297857147, 75, 1.0
23448.443679130156, 35, -1.0
23454.284069480764, 101, 1.0
23463.82275636805, 152, -1.0
23466.128288554282, 148, -1.0
23470.63303190697, 75, 1.0
23475.209399451956, 35, 1.0
23479.478417484588, 103, 1.0
23480.720601917117, 154, 1.0
23481.88181882314, 103, 1.0
23485.91896198099, 152, -1.0
23491.077826642417, 148, -1.0
23503.304918593905, 101, 1.0
23504.7842195804, 103, 1.0
23505.088724938538, 35, -1.0
23511.588775636526, 101, 1.0
23513.47462042566, 75, 1.0
23514.886618721073, 148, -1.0
23525.014786858104, 35, -1.0
23530.82692700831, 44, -1.0
23544.947079188772, 148, -1.0
23550.34129480133, 35, -1.0
23553.316549815256, 35, 1.0
23559.102162168892, 101, 1.0
23571.17920670037, 44, -1.0
23572.429262392263, 101, 1.0
23572.577782639593, 101, 1.0
23574.51242057675, 35, -1.0
23577.570957649506, 35, -1.0
23583.355277591865, 152, -1.0
23584.674153444423, 101, 1.0
23590.211108465784, 35, -1.0
23592.014515159895, 35, -1.0
23592.957147650934, 154, 1.0
23594.21983254343, 35, -1.0
23596.829072485976, 101, 1.0
23598.005162231133, 154, -1.0
23599.055174913155, 35, -1.0
23599.748669717188, 103, -1.0
23601.225181222842, 154, 1.0
23606.191455933564, 148, -1.0
23620.521814894713, 101, -1.0
23622.345200395095, 152, -1.0
23628.44257573878, 103, -1.0
23637.381496321956, 75, 1.0
23637.48560301562, 75, 1.0
23642.996167957088, 148, -1.0
23646.63378698174, 35, -1.0
23647.363487252536, 152, -1.0
23651.058703437928, 75, 1.0
23658.654763386865, 35, -1.0
23659.75645347701, 35, 1.0
23667.35809545876, 35, -1.0
23676.92546257524, 101, 1.0
23688.572159019786, 103, 1.0
23696.42904737713, 44, -1.0
23696.65825213572, 75, 1.0
23699.37351839824, 35, -1.0
23701.096692071347, 101, 1.0
23702.949042928856, 35, 1.0
23706.620772456503, 148, -1.0
23717.100632905174, 35, 1.0
23724.705907130996, 35, -1.0
23727.854003768753, 101, -1.0
23729.383820189898, 103, -1.0
23729.940820091637, 75, -1.0
23734.499756983663, 35, -1.0
23738.319411571603, 103, 1.0
23738.898401507922, 101, 1.0
23740.384771430785, 152, -1.0
23740.788154932798, 35, -1.0
23748.915760696716, 44, -1.0
23758.89321360249, 75, -1.0
23761.377589076452, 35, -1.0
23762.393682215425, 44, -1.0
23770.704578648045, 154, 1.0
23776.412720161905, 154, -1.0
23785.53162038483, 152, -1.0
23785.914218810536, 154, 1.0
23788.474668607825, 75, 1.0
23789.24679735296, 35, -1.0
23795.665647951744, 75, 1.0
23803.269529632773, 35, -1.0
23807.585606596025, 103, 1.0
23808.56291174567, 103, 1.0
23809.774854398496, 101, 1.0
23810.71272522719, 101, 1.0
23811.287574068287, 35, -1.0
23815.04783287308, 101, 1.0
23817.263788249402, 35, -1.0
23825.104603127893, 101, 1.0
23825.480513791394, 75, 1.0
23833.144319958188, 75, 1.0
23834.309452719688, 35, -1.0
23839.603367496966, 35, -1.0
23843.19853696732, 101, 1.0
23858.32319388932, 35, -1.0
23862.474389284347, 152, -1.0
23871.216756493555, 35, -1.0
23875.922833374636, 103, 1.0
23877.98437262671, 75, 1.0
23878.883010956055, 154, 1.0
23883.817928609224, 35, -1.0
23883.8788251032, 75, 1.0
23897.19412588981, 101, 1.0
23900.415935880854, 148, -1.0
23906.668231035703, 152, -1.0
23909.27250509448, 154, 1.0
23911.856558897533, 75, -1.0
23912.1446929621, 101, 1.0
23913.121052207105, 44, -1.0
23931.729349733407, 44, -1.0
23934.627013004716, 35, -1.0
23935.12622848007, 101, 1.0
23952.90667362717, 101, 1.0
23953.092943435324, 154, -1.0
23966.230140523425, 101, 1.0
23974.88279667304, 75, 1.0
23977.32944820861, 103, 1.0
23978.08750762634, 152, -1.0
23978.41847166448, 101, 1.0
23985.852929664015, 152, -1.0
23998.072225008935, 101, 1.0
24000.28885505188, 148, -1.0
24002.091214059554, 152, -1.0
24005.311953084612, 101, 1.0
24005.79024848461, 35, -1.0
24016.864550623613, 75, 1.0
24022.543911721852, 101, 1.0
24022.93616664684, 44, -1.0
24034.411400478886, 35, -1.0
24034.884482686608, 75, 1.0
24038.39282045605, 101, 1.0
24039.269595974696, 101, 1.0
24040.185125365228, 148, 1.0
24044.9535026765, 152, 1.0
24049.73885536022, 35, -1.0
24057.243205459592, 35, -1.0
24059.087764910553, 44, -1.0
24061.67990714517, 75, -1.0
24061.886875011824, 35, -1.0
24062.977288848964, 44, -1.0
24068.40797631441, 35, -1.0
24073.18683248265, 75, -1.0
24086.44034120095, 35, -1.0
24089.74898892473, 35, 1.0
24092.7601718114, 35, -1.0
24093.52553198321, 75, -1.0
24094.83766506565, 35, -1.0
24094.921938457464, 154, 1.0
24102.12562021449, 148, -1.0
24102.860201610198, 35, -1.0
24125.06501480641, 103, 1.0
24130.03210872239, 103, 1.0
24132.535841437162, 44, -1.0
24132.573778286383, 152, -1.0
24134.417429636258, 152, 1.0
24136.13248509616, 44, -1.0
24137.59020512555, 35, -1.0
24145.69738292345, 103, 1.0
24149.19233661808, 44, -1.0
24153.953758397904, 148, -1.0
24155.79464434407, 103, 1.0
24157.20940696013, 35, -1.0
24159.952810411945, 44, -1.0
24161.297350543482, 75, 1.0
24168.017676064745, 75, -1.0
24170.045349776083, 44, -1.0
24172.002192800323, 103, 1.0
24177.0755863813, 154, -1.0
24178.949751481432, 101, 1.0
24179.07944116057, 152, -1.0
24182.085406331535, 152, -1.0
24185.371398839045, 148, -1.0
24187.433144902247, 75, 1.0
24188.016403455775, 103, -1.0
24188.53393962064, 35, -1.0
24189.807208044243, 152, 1.0
24190.24252085146, 35, 1.0
24191.555862858826, 35, -1.0
24197.417500111016, 35, -1.0
24198.369422846958, 44, 1.0
24202.143483772586, 75, 1.0
24202.98982041247, 103, -1.0
24203.087122371224, 148, 1.0
24205.539967841072, 44, -1.0
24207.885685919813, 44, -1.0
24211.10499937979, 154, 1.0
24215.698727389474, 101, 1.0
24218.610577780324, 75, -1.0
24223.806385100554, 148, -1.0
24226.302117426505, 75, -1.0
24237.604782593095, 154, 1.0
24239.617490045704, 35, 1.0
24244.981562891186, 44, -1.0
24246.293245671888, 154, 1.0
24247.893428769745, 75, 1.0
24251.291873267226, 152, -1.0
24253.319151553686, 103, 1.0
24255.70237779062, 35, 1.0
24255.93322864476, 152, -1.0
24262.722957351867, 44, -1.0
24271.34411467335, 35, -1.0
24272.756334480557, 148, -1.0
24273.339454524677, 101, 1.0
24274.894305209833, 148, -1.0
24276.79366430302, 101, 1.0
24287.880642898686, 35, -1.0
24299.30273919765, 101, 1.0
24305.192668364027, 152, 1.0
24311.624501606413, 35, -1.0
24316.569772705054, 148, -1.0
24316.893839279066, 154, 1.0
24318.902519694533, 75, -1.0
24335.04495533598, 101, -1.0
24335.068718973427, 103, 1.0
24335.08608361256, 154, -1.0
24340.30983248095, 154, 1.0
24345.476329450634, 101, 1.0
24354.23677902906, 44, -1.0
24354.968378183057, 75, 1.0
24378.26501155555, 75, 1.0
24380.05839021594, 148, -1.0
24383.20929679028, 75, -1.0
24386.58200283352, 44, -1.0
24395.16310885382, 152, -1.0
24395.224055525137, 154, -1.0
24399.940486815274, 35, -1.0
24401.177618625363, 101, 1.0
24404.564295861885, 35, -1.0
24408.200109941565, 44, -1.0
24412.07615834777, 44, -1.0
24420.158677187854, 75, 1.0
24421.067334854015, 154, 1.0
24423.34552537457, 35, -1.0
24423.911189936196, 35, -1.0
24426.642170822663, 35, -1.0
24428.700169086835, 35, -1.0
24440.0836552133, 75, 1.0
24446.820654124844, 35, -1.0
24453.883163193015, 35, -1.0
24462.622794984505, 101, 1.0
24465.69451602083, 35, -1.0
24472.298018694033, 75, 1.0
24474.80316921162, 101, 1.0
24478.086350339643, 35, -1.0
24485.05473654832, 44, -1.0
24486.94997760517, 152, 1.0
24487.63856786066, 75, 1.0
24490.477216111398, 44, -1.0
24491.401561659284, 148, -1.0
24492.051695189708, 44, -1.0
24494.173525459697, 148, -1.0
24498.344763158297, 35, -1.0
24499.80935419786, 35, -1.0
24501.818525446513, 154, 1.0
24502.503492856562, 103, 1.0
24521.70749808317, 44, -1.0
24526.0641849466, 101, 1.0
24527.462851347493, 75, 1.0
24535.05292916067, 35, -1.0
24537.01495949421, 152, -1.0
24537.79321930674, 75, 1.0
24541.765038085054, 35, -1.0
24545.237853869123, 101, 1.0
24554.733967090324, 154, 1.0
24565.953990326605, 35, -1.0
24568.08936812631, 75, 1.0
24570.50090704567, 101, 1.0
24572.284881883043, 101, 1.0
24580.57720413119, 148, -1.0
24585.533685484163, 35, -1.0
24598.61826200991, 103, 1.0
24607.893492265437, 35, -1.0
24609.036863897, 75, -1.0
24612.360704173076, 103, 1.0
24616.423880578557, 101, 1.0
24624.48305511628, 35, -1.0
24630.575087779078, 154, 1.0
24634.27970406408, 103, 1.0
24643.67757621634, 44, -1.0
24645.95564972626, 75, 1.0
24647.347410146784, 152, -1.0
24648.043630302585, 35, -1.0
24650.971009491364, 148, -1.0
24664.088169547078, 103, 1.0
24672.43514571061, 148, -1.0
24683.77449923963, 154, 1.0
24687.371917809996, 75, -1.0
24697.542219614374, 75, -1.0
24698.134498039788, 75, 1.0
24699.318389362776, 103, 1.0
24700.00538804978, 44, 1.0
24702.05402940023, 148, -1.0
24708.04299304302, 101, 1.0
24709.428913754204, 75, -1.0
24713.556860704797, 75, 1.0
24716.890858588707, 35, -1.0
24718.970347576786, 35, -1.0
24723.300891774124, 35, -1.0
24730.449396772347, 44, -1.0
24732.80434626193, 101, 1.0
24734.04993085084, 35, -1.0
24743.802650856756, 35, -1.0
24746.303569962256, 152, -1.0
24751.497054651598, 44, -1.0
24753.56803151883, 44, -1.0
24777.48054324311, 75, 1.0
24778.024652952517, 152, -1.0
24785.40203280632, 152, 1.0
24787.736783092205, 75, -1.0
24789.89106400941, 103, 1.0
24792.25341208356, 35, -1.0
24823.362134545303, 152, -1.0
24826.064807805367, 103, 1.0
24827.779192901515, 35, -1.0
24828.096229143783, 75, 1.0
24828.274350502263, 103, 1.0
24837.829145637927, 103, 1.0
24840.82908062457, 154, 1.0
24851.959510150158, 75, -1.0
24854.85053494234, 101, 1.0
24855.006038480235, 101, -1.0
24858.855110805467, 103, 1.0
24863.156110669835, 35, -1.0
24875.732529449477, 35, 1.0
24890.8744916678, 35, 1.0
24901.148939245573, 75, 1.0
24902.642778549147, 75, 1.0
24902.991170352958, 152, -1.0
24903.51080977882, 148, -1.0
24913.44987307902, 35, -1.0
24921.637666300103, 103, 1.0
24923.025384326287, 152, -1.0
24923.212354736643, 75, 1.0
24930.288342734202, 35, -1.0
24931.36043750401, 103, 1.0
24934.015610199913, 75, 1.0
24942.29823557801, 35, -1.0
24946.89800907694, 44, 1.0
24949.63169041235, 35, -1.0
24950.60184127677, 75, -1.0
24951.188996976005, 103, 1.0
24954.11471174607, 152, 1.0
24956.529943549373, 35, -1.0
24957.289514295386, 101, -1.0
24966.11459335127, 35, -1.0
24974.125309825013, 152, 1.0
24975.922929276065, 148, -1.0
24975.97683039127, 152, -1.0
24980.341376655626, 35, -1.0
24980.786106542582, 35, 1.0
24990.695920272883, 148, -1.0
24998.9864165583, 35, 1.0
24999.376843046844, 148, -1.0
25002.068578950282, 75, -1.0
25005.536714765138, 44, -1.0
25006.43666565887, 101, 1.0
25008.876631595194, 35, -1.0
25021.501943542837, 152, -1.0
25027.699510988998, 103, 1.0
25028.97339990667, 75, 1.0
25031.727006080524, 152, -1.0
25032.969781064785, 75, 1.0
25033.98472617942, 103, 1.0
25034.03143052991, 35, 1.0
25053.67401358197, 148, -1.0
25055.987628952626, 35, -1.0
25071.84873440551, 101, 1.0
25074.519540926995, 75, -1.0
25076.01646534039, 148, -1.0
25082.156854062494, 152, 1.0
25083.13283527622, 35, -1.0
25100.8409227365, 35, -1.0
25103.129501386666, 35, -1.0
25110.209867074147, 75, 1.0
25113.245696919912, 101, 1.0
25116.58267130645, 101, 1.0
25133.237904560458, 75, -1.0
25137.25289150662, 148, -1.0
25143.77775410469, 35, -1.0
25154.62560941908, 35, 1.0
25155.1340631742, 101, 1.0
25155.761049814057, 35, 1.0
25165.90595587605, 103, 1.0
25183.424618284633, 75, 1.0
25187.16940899804, 148, -1.0
25204.53363914478, 154, -1.0
25209.804295095862, 154, -1.0
25211.433368028796, 152, 1.0
25214.22554618341, 152, 1.0
25216.078995501794, 75, 1.0
25219.550821056924, 101, -1.0
25220.237716366326, 35, -1.0
25224.6157499237, 101, 1.0
25236.040388799753, 101, 1.0
25236.703420063342, 101, 1.0
25245.381918072315, 75, 1.0
25247.384561402378, 75, -1.0
25253.795687670303, 154, 1.0
25257.850490782264, 44, -1.0
25266.443687028364, 101, 1.0
25268.969879655513, 44, -1.0
25272.986151422396, 75, -1.0
25277.639138481805, 154, 1.0
25291.690778613363, 101, 1.0
25292.07767898564, 101, 1.0
25294.521625219866, 154, 1.0
25294.696855780334, 154, 1.0
25296.120657653973, 152, -1.0
25299.001011158423, 75, 1.0
25299.00647186362, 152, 1.0
25302.73368254811, 101, 1.0
25307.73572689114, 101, 1.0
25309.903102902674, 101, 1.0
25312.10888964044, 35, -1.0
25312.90382539661, 75, 1.0
25316.525196337472, 101, 1.0
25317.34764587009, 44, -1.0
25323.717546677628, 101, 1.0
25323.98874148114, 101, 1.0
25329.35062531756, 35, -1.0
25331.85940678325, 148, -1.0
25335.45898727277, 44, -1.0
25348.40242070856, 103, -1.0
25352.128829637648, 101, 1.0
25355.839447851115, 152, -1.0
25362.466390593545, 152, 1.0
25363.504756929306, 101, -1.0
25364.42879823145, 103, 1.0
25367.395195533038, 148, -1.0
25373.87842691986, 75, -1.0
25385.376366794284, 148, 1.0
25388.544364355705, 44, -1.0
25389.63849800156, 103, 1.0
25405.942093847487, 154, -1.0
25410.81163336682, 75, 1.0
25423.217897045124, 101, 1.0
25427.817742216845, 103, 1.0
25433.02117919331, 75, 1.0
25450.422366528466, 101, 1.0
25451.059402853298, 152, -1.0
25453.135338047632, 103, 1.0
25456.155979943393, 103, 1.0
25461.278836354344, 35, -1.0
25467.367871348375, 152, -1.0
25475.77307694575, 75, 1.0
25477.800153109885, 75, 1.0
25477.866199474032, 75, 1.0
25480.82337454586, 75, -1.0
25485.659749554656, 103, 1.0
25490.635211419365, 152, 1.0
25494.41696517839, 152, -1.0
25498.71769728418, 75, -1.0
25526.573265535157, 35, -1.0
25536.748373699476, 75, 1.0
25539.96058286768, 101, 1.0
25540.222035031766, 152, -1.0
25542.34683659309, 152, -1.0
25550.79580261367, 35, -1.0
25552.79018157804, 152, -1.0
25556.145477406102, 75, 1.0
25556.433153538892, 152, -1.0
25557.38968025696, 101, 1.0
25565.446016327318, 101, 1.0
25571.347661720447, 75, 1.0
25573.670411970128, 101, 1.0
25578.175555361016, 75, 1.0
25579.357376577245, 101, 1.0
25580.723124675493, 75, 1.0
25581.845307384123, 148, 1.0
25582.396818006637, 75, 1.0
25590.103644241794, 101, 1.0
25591.75037642726, 152, 1.0
25599.86983909025, 44, -1.0
25602.2153467934, 44, -1.0
25606.441674633257, 75, -1.0
25610.337468066315, 35, -1.0
25616.142559215277, 154, 1.0
25619.150054251582, 103, 1.0
25628.458264607696, 152, -1.0
25640.458965004113, 152, -1.0
25641.454957557587, 35, -1.0
25643.042261312115, 75, 1.0
25644.5329346793, 152, -1.0
25645.636296312678, 101, 1.0
25658.765715225793, 101, -1.0
25663.93895865661, 35, 1.0
25669.823967166765, 75, 1.0
25672.55694873947, 154, -1.0
25676.32531175511, 75, -1.0
25682.661705627444, 101, 1.0
25694.581589324473, 75, -1.0
25698.97452258772, 148, -1.0
25719.404171748753, 148, -1.0
25723.259258240287, 103, 1.0
25726.829186992254, 103, 1.0
25731.059521026044, 75, 1.0
25732.299456317673, 154, -1.0
25748.12301493471, 75, 1.0
25748.737198687355, 152, -1.0
25762.43146066484, 154, 1.0
25771.499815025156, 101, 1.0
25775.419746799624, 44, -1.0
25781.3462953515, 103, 1.0
25782.59684072199, 44, -1.0
25788.089610090017, 148, -1.0
25790.692305360353, 101, -1.0
25791.34559215767, 103, 1.0
25805.56507535905, 44, -1.0
25808.78376916541, 75, 1.0
25816.663454883248, 101, -1.0
25825.670291116803, 75, -1.0
25825.77738424264, 75, 1.0
25827.508542660024, 75, 1.0
25831.35594244474, 152, -1.0
25833.129040112064, 44, -1.0
25841.211325277836, 152, -1.0
25861.23445967346, 103, 1.0
25861.55318946975, 75, -1.0
25865.289199498933, 152, 1.0
25866.209363198694, 75, -1.0
25867.228951863934, 75, 1.0
25869.249161244144, 103, 1.0
25869.781403794903, 75, 1.0
25872.499662928887, 103, 1.0
25873.01596989834, 35, -1.0
25874.43213306731, 152, 1.0
25878.254727098098, 75, 1.0
25879.0401459042, 44, -1.0
25886.04329409236, 35, -1.0
25887.538900540207, 35, 1.0
25890.570969240784, 154, 1.0
25908.439300808503, 154, -1.0
25909.743792960882, 101, 1.0
25915.270378753077, 35, 1.0
25929.885127243608, 103, 1.0
25934.839688347547, 103, 1.0
25935.2481589343, 75, -1.0
25941.180169459236, 103, 1.0
25942.200873701553, 75, -1.0
25951.974334912484, 75, -1.0
25962.81289913299, 75, -1.0
25965.321133000623, 152, -1.0
25965.626517384815, 103, 1.0
25967.57095221649, 103, 1.0
25974.358699173525, 44, -1.0
25981.977255047022, 152, -1.0
25986.189877393346, 152, -1.0
25993.302820569726, 75, 1.0
26001.196844127233, 75, 1.0
26006.821540835997, 103, 1.0
26006.994955965183, 152, -1.0
26011.78460139418, 44, -1.0
26016.22772635147, 35, -1.0
26024.078783160767, 75, 1.0
26028.146988997407, 103, 1.0
26041.163224761873, 44, -1.0
26052.676448708145, 103, 1.0
26055.18675690039, 44, -1.0
26056.509983315183, 103, 1.0
26065.775113252515, 148, -1.0
26072.80218931394, 152, -1.0
26072.978531519337, 44, -1.0
26082.174562309785, 101, 1.0
26082.707580356117, 75, 1.0
26088.383248997594, 148, -1.0
26088.409296356265, 103, 1.0
26093.73341834285, 44, -1.0
26095.28616474232, 44, -1.0
26109.62040451477, 103, 1.0
26112.263582997854, 35, -1.0
26112.753460684708, 75, 1.0
26128.140715291065, 75, 1.0
26128.768840369165, 154, -1.0
26129.854212803064, 152, 1.0
26138.699049214672, 154, 1.0
26139.43773198272, 152, -1.0
26147.97145016798, 103, 1.0
26155.45657975548, 101, 1.0
26168.82266467503, 101, 1.0
26169.991722769435, 35, -1.0
26171.18472694447, 101, 1.0
26174.513921384354, 101, 1.0
26174.654826238402, 148, -1.0
26175.359691806174, 75, -1.0
26176.896367956775, 154, -1.0
26186.606947068693, 103, 1.0
26198.048365500184, 154, 1.0
26207.98962036829, 103, 1.0
26208.56792837905, 75, -1.0
26209.75229867763, 101, -1.0
26211.93057779998, 35, 1.0
26219.627877612944, 152, -1.0
26228.16122082052, 35, 1.0
26228.846314783485, 101, 1.0
26230.642530446785, 35, 1.0
26237.336721113727, 75, 1.0
26241.162510480906, 44, -1.0
26241.285177179176, 35, 1.0
26241.356959183835, 75, 1.0
26242.123733531782, 44, -1.0
26247.536239745874, 154, 1.0
26250.694178550835, 154, 1.0
26250.987456143586, 103, 1.0
26251.104360501035, 35, 1.0
26252.952969059043, 75, 1.0
26252.95851086172, 154, 1.0
26261.007528927756, 103, 1.0
26266.14208439299, 75, 1.0
26271.014715175083, 154, 1.0
26279.149127626217, 75, 1.0
26281.68271682616, 35, -1.0
26284.10148017865, 44, -1.0
26285.50778469252, 75, -1.0
26286.184276349988, 75, 1.0
26292.00235704139, 148, -1.0
26296.651754539944, 103, 1.0
26304.895102623625, 103, 1.0
26306.118419080623, 154, 1.0
26307.220612076562, 44, -1.0
26307.827578459695, 101, 1.0
26309.52863862401, 152, -1.0
26321.108189336403, 75, 1.0
26326.757153198923, 101, -1.0
26329.50617465391, 152, -1.0
26335.72347791603, 103, 1.0
26346.594557719174, 44, -1.0
26347.365408477257, 152, -1.0
26348.385776870015, 101, -1.0
26357.692590916835, 44, -1.0
26359.323275359216, 35, -1.0
26361.409876593283, 101, 1.0
26361.49932121551, 154, 1.0
26362.068347659933, 103, 1.0
26365.506848188918, 101, 1.0
26366.649081697655, 152, 1.0
26367.369034427342, 35, 1.0
26370.060831547173, 101, 1.0
26372.053945950913, 101, -1.0
26375.22573341619, 35, -1.0
26375.813388531467, 101, 1.0
26386.615977998794, 75, -1.0
26389.00018550566, 75, 1.0
26397.721390264054, 44, -1.0
26401.813102673124, 152, -1.0
26403.493079818367, 44, -1.0
26404.272146858166, 152, 1.0
26405.971161105474, 75, 1.0
26406.26551270005, 152, -1.0
26410.418825493678, 101, 1.0
26410.49861367529, 101, 1.0
26411.009865294993, 101, 1.0
26426.64944991144, 75, 1.0
26428.812473238682, 101, 1.0
26434.318659004664, 75, 1.0
26435.771338202223, 154, 1.0
26441.329010311787, 103, 1.0
26443.690387436865, 35, 1.0
26446.412021096476, 101, -1.0
26448.533671686233, 152, -1.0
26454.4815567256, 44, -1.0
26454.619021615912, 35, -1.0
26461.991375939422, 75, 1.0
26470.717634581368, 154, -1.0
26475.996299304166, 101, 1.0
26476.41175501762, 152, 1.0
26477.946643912717, 44, -1.0
26479.827015059218, 35, -1.0
26484.839643996984, 75, -1.0
26508.62801834361, 101, 1.0
26508.958436163597, 103, 1.0
26509.259136457244, 35, 1.0
26511.951792178592, 101, 1.0
26525.252779422706, 75, -1.0
26525.295480093897, 154, 1.0
26529.476394848803, 44, -1.0
26529.934145765335, 75, 1.0
26531.74638568199, 44, -1.0
26534.226964715304, 44, -1.0
26551.209026846835, 148, -1.0
26551.794076215127, 75, 1.0
26556.06910025247, 154, -1.0
26561.09679999171, 103, 1.0
26564.12718417108, 101, -1.0
26564.372199395773, 152, 1.0
26586.243568470705, 101, -1.0
26588.03513440073, 154, -1.0
26589.164273414535, 75, -1.0
26595.454274176733, 101, -1.0
26599.640596971087, 152, -1.0
26602.02157718865, 44, -1.0
26611.253315798247, 44, -1.0
26614.356811985952, 101, 1.0
26626.3457782983, 103, -1.0
26628.585911430335, 44, -1.0
26633.123109157023, 103, 1.0
26633.21159073417, 152, -1.0
26635.303636776924, 44, -1.0
26641.316349582405, 152, -1.0
26642.517013938337, 101, 1.0
26642.807951393643, 101, -1.0
26658.747506424374, 152, -1.0
26661.142769812777, 44, -1.0
26672.02935191803, 44, -1.0
26680.380619058917, 75, -1.0
26689.339788283592, 35, -1.0
26691.17710532409, 154, -1.0
26694.879774102348, 152, 1.0
26698.7884564437, 44, -1.0
26705.300035174394, 154, -1.0
26706.083243762816, 75, -1.0
26706.227669720538, 44, -1.0
26709.608929676306, 103, 1.0
26710.974804460653, 44, -1.0
26718.483929908147, 44, -1.0
26723.421348628654, 35, 1.0
26725.671348909716, 152, -1.0
26732.06396863111, 75, -1.0
26741.211697245162, 152, -1.0
26743.19190164359, 154, 1.0
26744.096842069368, 103, 1.0
26745.019496429373, 101, -1.0
26749.614907438965, 35, -1.0
26753.303029365114, 35, 1.0
26753.779149884507, 154, 1.0
26754.71508018119, 148, -1.0
26755.516715775808, 44, -1.0
26767.138469385718, 103, 1.0
26780.17287497306, 101, 1.0
26781.273290242145, 75, 1.0
26782.753858590393, 154, -1.0
26797.44087398031, 152, 1.0
26803.331377357197, 154, 1.0
26804.425275949197, 103, 1.0
26804.869311103732, 44, -1.0
26805.631607941876, 44, -1.0
26807.557411539445, 101, -1.0
26807.58485989401, 152, 1.0
26809.913355763467, 44, 1.0
26811.964847772913, 75, 1.0
26825.513383946483, 101, -1.0
26825.635914835373, 154, 1.0
26830.32646971377, 152, -1.0
26830.830141829178, 75, -1.0
26833.988199181254, 152, 1.0
26841.886271774158, 154, 1.0
26856.721901764537, 154, -1.0
26857.0568864653, 75, -1.0
26886.03387742229, 154, -1.0
26887.184339029325, 103, 1.0
26889.543032965772, 75, 1.0
26891.432409926496, 75, 1.0
26892.136836260866, 103, 1.0
26892.33199905856, 152, 1.0
26893.976612649734, 44, -1.0
26895.891552251625, 75, 1.0
26900.56557821218, 154, 1.0
26903.956613998285, 44, -1.0
26905.19482480147, 44, -1.0
26906.945960427845, 35, -1.0
26909.128615718724, 44, -1.0
26909.791778205774, 75, 1.0
26913.59930287818, 75, 1.0
26919.707963983627, 152, -1.0
26920.782019605507, 103, 1.0
26926.278155428732, 101, 1.0
26926.371790689034, 101, 1.0
26926.87479116298, 152, -1.0
26928.44688871451, 103, 1.0
26929.0129852745, 75, 1.0
26931.18358844731, 35, 1.0
26941.924687976054, 148, -1.0
26946.806000797387, 152, 1.0
26950.552292372522, 75, 1.0
26963.391850014472, 101, 1.0
26964.160241931226, 75, 1.0
26969.778318859513, 44, -1.0
26972.014790854868, 103, 1.0
26982.719896721053, 44, -1.0
26985.87385705827, 44, -1.0
26989.215544355746, 103, -1.0
26995.734079769154, 44, -1.0
27001.667168627562, 152, -1.0
27003.405348993427, 75, 1.0
27006.82859451041, 44, -1.0
27018.20455118514, 35, -1.0
27019.282480784244, 101, 1.0
27033.96824217, 35, -1.0
27042.139629450572, 103, 1.0
27053.61527385417, 44, -1.0
27054.62591845326, 35, 1.0
27061.988902773268, 75, 1.0
27068.92198466654, 148, -1.0
27075.517345376717, 101, 1.0
27076.817674089383, 101, 1.0
27077.558053817746, 101, 1.0
27078.804222521616, 75, 1.0
27080.214075463187, 148, -1.0
27080.281135296544, 35, -1.0
27084.07332160608, 75, 1.0
27089.653067971143, 103, 1.0
27092.675209112305, 44, -1.0
27097.755982493578, 101, 1.0
27098.681476737554, 154, 1.0
27101.85070068147, 152, -1.0
27106.370291442137, 154, 1.0
27108.77689095688, 44, -1.0
27124.406311714567, 44, -1.0
27129.8269660684, 44, -1.0
27133.34987361969, 103, 1.0
27135.49645574596, 148, -1.0
27135.853228869193, 44, -1.0
27136.7323938979, 75, 1.0
27142.34968133176, 101, -1.0
27142.608310679334, 148, -1.0
27142.96539411367, 101, 1.0
27146.053964903313, 103, 1.0
27154.228188484383, 152, -1.0
27163.36197054041, 148, -1.0
27163.88165873005, 75, 1.0
27164.1936303458, 75, -1.0
27165.11964961848, 103, 1.0
27174.123807262138, 44, -1.0
27177.11997019819, 103, 1.0
27180.8069842142, 75, -1.0
27182.96107112403, 148, -1.0
27183.0514221939, 152, -1.0
27183.816956214705, 103, 1.0
27191.405861099072, 152, -1.0
27192.006465405124, 35, 1.0
27194.67089121882, 75, 1.0
27207.361931187086, 35, 1.0
27208.529548521074, 35, 1.0
27208.936705594257, 103, 1.0
27213.949765246463, 154, 1.0
27215.037467492188, 75, 1.0
27225.061191051358, 101, 1.0
27235.813743585997, 75, 1.0
27239.94902694784, 101, 1.0
27242.770677060875, 152, -1.0
27247.33224725361, 101, 1.0
27250.235803951775, 75, 1.0
27252.734363404234, 35, -1.0
27253.256157524265, 44, -1.0
27253.945457518406, 35, -1.0
27256.44412870418, 101, -1.0
27265.149845824057, 148, -1.0
27278.27623087994, 35, 1.0
27278.76875855006, 75, -1.0
27289.98559514263, 101, -1.0
27294.752912131695, 35, -1.0
27294.97706895402, 103, 1.0
27305.072214953037, 154, -1.0
27313.831455489075, 44, -1.0
27313.994934600094, 75, -1.0
27319.37020950175, 75, 1.0
27319.89777330358, 75, 1.0
27320.952024075763, 44, -1.0
27327.3754079224, 44, -1.0
27330.634798543364, 101, 1.0
27330.983978648343, 101, -1.0
27337.42999493477, 75, 1.0
27343.419530177092, 101, 1.0
27344.23654097583, 75, 1.0
27344.44105871887, 75, -1.0
27349.078871314956, 152, -1.0
27353.77462216638, 101, 1.0
27355.569956166, 101, 1.0
27360.915439695844, 44, -1.0
27362.047985437748, 75, -1.0
27371.412682725928, 152, -1.0
27374.271570873796, 75, -1.0
27376.121044073338, 75, 1.0
27377.481687491527, 75, 1.0
27378.35334812924, 101, 1.0
27387.28506051732, 35, -1.0
27391.600305475, 154, -1.0
27394.020369498227, 152, -1.0
27395.075254614683, 75, 1.0
27396.44577737555, 44, -1.0
27396.52293554692, 44, -1.0
27397.27753918484, 154, -1.0
27403.84747820602, 35, 1.0
27408.963377790602, 103, 1.0
27409.262133364056, 75, 1.0
27420.970843338753, 35, -1.0
27435.70096208404, 103, -1.0
27437.009181472124, 148, -1.0
27439.67624105623, 148, -1.0
27446.784682286703, 103, 1.0
27454.805913339897, 152, -1.0
27460.38646765756, 101, 1.0
27466.111041888184, 152, -1.0
27471.505470531505, 103, 1.0
27475.675776658463, 35, 1.0
27477.72472466733, 103, 1.0
27480.21310730952, 152, -1.0
27493.685016931835, 103, 1.0
27494.65684922919, 75, 1.0
27501.012424716613, 101, 1.0
27503.660907419802, 35, -1.0
27509.988258884805, 154, -1.0
27512.032758747053, 152, -1.0
27514.534509251836, 101, -1.0
27515.29303809126, 148, -1.0
27521.97225980715, 75, 1.0
27530.101625390027, 44, -1.0
27532.149854177365, 103, 1.0
27541.673124400924, 44, -1.0
27545.63049975378, 35, -1.0
27555.44804012051, 103, 1.0
27557.196352668212, 154, 1.0
27558.67536322565, 35, -1.0
27560.629320156033, 44, -1.0
27561.05356972921, 152, -1.0
27566.658913549774, 101, 1.0
27568.873991422195, 35, -1.0
27570.956144233816, 152, -1.0
27576.112522289648, 75, 1.0
27576.9938029084, 44, -1.0
27581.199908067458, 154, 1.0
27581.902224242687, 75, 1.0
27583.13055292042, 75, -1.0
27587.977538767354, 75, -1.0
27590.921105521335, 44, -1.0
27592.698753108543, 35, 1.0
27592.71396889908, 101, 1.0
27593.607162251523, 44, -1.0
27594.852233297705, 148, -1.0
27602.188745008523, 101, 1.0
27604.089448255163, 101, 1.0
27605.38482291776, 35, -1.0
27610.4353068573, 35, -1.0
27612.181055982437, 103, -1.0
27634.12776754485, 35, 1.0
27636.132876422387, 75, 1.0
27639.117681859025, 101, 1.0
27640.89824050733, 44, -1.0
27652.137756109678, 35, -1.0
27665.85279375382, 154, -1.0
27666.3085490158, 75, 1.0
27671.714208987083, 152, 1.0
27672.33754253412, 101, 1.0
27677.475748154906, 101, -1.0
27677.59025300863, 75, 1.0
27680.596705654225, 103, 1.0
27682.85420114191, 152, 1.0
27685.358765622917, 103, 1.0
27689.78299976681, 103, 1.0
27690.379867881726, 75, 1.0
27693.278957326223, 75, 1.0
27700.471336231683, 154, 1.0
27729.276716577067, 44, -1.0
27730.159455366123, 75, -1.0
27731.542512826883, 103, 1.0
27732.896590117965, 101, -1.0
27735.506650922158, 101, -1.0
27748.208700396975, 75, 1.0
27750.433436320513, 152, 1.0
27757.07731628315, 103, 1.0
27761.950889217864, 101, 1.0
27762.24279528154, 75, -1.0
27773.03311021868, 35, -1.0
27782.32811173769, 75, -1.0
27791.82920668666, 103, -1.0
27792.77298564016, 35, -1.0
27793.229187353176, 152, -1.0
27795.350716828536, 154, 1.0
27796.895993311704, 103, 1.0
27798.862578474338, 35, -1.0
27799.21924178584, 75, 1.0
27805.65107338261, 152, -1.0
27808.815966295486, 154, 1.0
27816.437878644636, 44, -1.0
27816.938088327188, 35, 1.0
27820.993653501362, 148, 1.0
27826.90972680312, 103, 1.0
27827.371007898495, 44, -1.0
27830.07396093598, 101, 1.0
27831.48472817882, 101, 1.0
27839.19883843046, 103, 1.0
27842.381631439996, 152, -1.0
27848.79372080181, 35, -1.0
27871.0465722149, 103, 1.0
27872.574068831585, 101, 1.0
27874.390048954163, 75, 1.0
27882.760175547668, 35, 1.0
27885.428509881862, 103, 1.0
27891.94874793142, 152, 1.0
27893.50457119875, 35, -1.0
27899.387120797026, 75, 1.0
27911.390302994078, 75, 1.0
27915.449649329417, 101, 1.0
27915.82026182394, 75, 1.0
27927.01343212385, 35, -1.0
27927.300212073722, 148, -1.0
27940.445553411006, 148, -1.0
27943.641454679913, 75, 1.0
27944.09379258006, 154, 1.0
27954.815788095595, 152, -1.0
27965.633871294445, 44, -1.0
27971.848031008594, 148, -1.0
27972.97912569854, 152, -1.0
27977.221910191478, 75, 1.0
27989.81101405438, 148, 1.0
27995.365927074286, 44, -1.0
27996.595993215975, 148, -1.0
27999.01118591748, 101, 1.0
28002.309635577607, 103, 1.0
28006.999597353708, 101, 1.0
28009.02567516489, 152, -1.0
28012.245742531253, 101, -1.0
28016.884646659983, 154, -1.0
28023.053773168627, 152, -1.0
28038.92705159202, 75, 1.0
28045.318751406754, 44, -1.0
28048.885965606565, 154, -1.0
28049.70542424389, 152, -1.0
28052.239796364305, 101, 1.0
28061.736608205727, 75, -1.0
28066.395244701656, 35, -1.0
28072.798656827814, 75, -1.0
28075.975981547326, 75, -1.0
28076.142457020796, 75, 1.0
28079.056985768915, 35, 1.0
28079.541164920294, 101, 1.0
28083.884903087957, 154, 1.0
28084.042634976282, 101, 1.0
28090.229836155417, 152, 1.0
28090.791422394515, 35, -1.0
28101.435127206794, 148, -1.0
28103.877745246868, 75, 1.0
28105.017683965874, 75, -1.0
28125.739936747214, 152, -1.0
28127.289368653495, 75, 1.0
28139.31135791795, 103, 1.0
28145.204175843126, 103, 1.0
28147.343943283668, 148, -1.0
28155.059698253575, 152, -1.0
28158.322851279827, 101, 1.0
28167.16989418179, 75, 1.0
28168.62812042917, 35, -1.0
28170.976411444735, 152, -1.0
28173.58209640256, 103, 1.0
28196.356717636554, 75, 1.0
28208.024853705178, 75, -1.0
28216.057714526316, 75, 1.0
28219.859879883916, 75, 1.0
28223.604131821583, 148, -1.0
28238.964667381144, 148, -1.0
28241.47977885808, 75, 1.0
28243.35230590806, 75, 1.0
28249.413558853877, 44, -1.0
28251.628034564546, 103, 1.0
28252.70629333896, 152, -1.0
28260.470349704305, 152, -1.0
28277.368977163933, 152, 1.0
28287.901866640903, 103, -1.0
28291.03785959402, 75, 1.0
28301.330650359534, 35, 1.0
28308.509639664782, 75, -1.0
28308.795153037776, 101, 1.0
28309.673906238564, 75, -1.0
28310.203578932626, 35, 1.0
28316.30622954044, 152, 1.0
28320.455529818915, 75, 1.0
28322.23339851497, 103, 1.0
28325.08878992259, 101, 1.0
28342.54183344712, 154, 1.0
28351.49614442579, 101, 1.0
28352.768009043746, 101, 1.0
28353.290323175144, 101, 1.0
28355.92967043709, 103, -1.0
28360.600497779942, 101, -1.0
28365.42836390958, 75, -1.0
28365.658777987064, 103, -1.0
28366.697329865805, 101, 1.0
28369.28266264218, 148, -1.0
28369.401061522523, 101, 1.0
28375.129470375123, 75, 1.0
28375.199468849285, 75, 1.0
28379.133306629472, 103, -1.0
28391.73715256934, 103, 1.0
28393.685980905448, 103, 1.0
28402.605026230733, 35, 1.0
28414.167869339988, 103, 1.0
28414.69087390738, 75, 1.0
28417.218714254173, 103, 1.0
28419.07782971279, 44, -1.0
28430.603855366106, 154, 1.0
28432.943374599294, 103, 1.0
28439.92388003225, 35, -1.0
28450.824246223237, 75, 1.0
28453.918439290963, 148, -1.0
28462.42371395146, 103, 1.0
28471.84167562688, 101, 1.0
28489.52638819545, 152, 1.0
28502.32783101032, 154, 1.0
28503.03498134569, 75, -1.0
28503.689020692123, 148, -1.0
28518.8699917959, 152, -1.0
28523.053283375622, 75, -1.0
28538.48718194128, 148, -1.0
28539.35728874893, 75, 1.0
28539.56274355647, 35, -1.0
28568.405724607634, 103, 1.0
28583.305432036264, 152, 1.0
28584.85286839958, 154, 1.0
28584.994941586545, 75, 1.0
28597.492584233263, 154, -1.0
28599.46536645478, 101, 1.0
28602.487501429336, 75, -1.0
28603.556241983857, 103, -1.0
28609.462109553064, 103, 1.0
28615.468436069295, 103, 1.0
28619.397755033446, 103, 1.0
28624.143090886377, 152, -1.0
28626.18226012849, 103, 1.0
28629.156310493334, 44, -1.0
28630.27337151045, 75, 1.0
28630.739590091813, 75, 1.0
28634.872091797988, 75, 1.0
28639.84460082496, 154, 1.0
28644.970886931696, 154, -1.0
28648.238874745573, 101, 1.0
28655.248388846347, 103, 1.0
28656.171629940953, 44, -1.0
28665.134374202746, 35, -1.0
28667.236379654176, 35, -1.0
28674.095758140535, 35, 1.0
28675.94949350188, 103, 1.0
28679.055595512906, 35, -1.0
28685.052307372418, 101, 1.0
28693.444044839092, 44, -1.0
28697.651221288506, 44, -1.0
28700.64144062952, 103, 1.0
28707.32841725033, 152, -1.0
28707.54238202586, 101, 1.0
28713.027607987366, 75, 1.0
28715.201768931973, 148, -1.0
28717.531597455665, 152, -1.0
28720.55522009702, 35, -1.0
28723.81004057853, 75, 1.0
28727.559826873865, 101, 1.0
28731.636977451355, 103, -1.0
28739.478653951315, 35, -1.0
28745.67701337118, 103, 1.0
28751.96133936653, 103, -1.0
28761.609759777413, 75, 1.0
28762.159518651806, 154, 1.0
28765.014309775335, 101, 1.0
28777.258917380776, 103, 1.0
28785.348784578004, 101, 1.0
28790.148555318672, 75, 1.0
28797.35866090508, 152, -1.0
28798.35089314069, 75, -1.0
28802.27549313161, 154, -1.0
28803.3471456643, 35, -1.0
28804.775294502608, 148, -1.0
28816.07402914978, 152, -1.0
28820.342953917163, 101, 1.0
28820.90389292849, 152, 1.0
28826.377592400204, 103, 1.0
28828.417453166614, 154, -1.0
28829.959781409634, 103, 1.0
28832.198494931243, 101, 1.0
28837.16070436785, 154, -1.0
28837.812982195603, 148, -1.0
28844.578637118575, 44, 1.0
28847.886864081607, 101, -1.0
28850.77284104803, 148, -1.0
28858.524555067386, 152, -1.0
28862.195685019007, 101, 1.0
28869.85957809233, 152, -1.0
28878.934350428863, 75, -1.0
28885.627679948262, 35, 1.0
28887.87158212185, 35, -1.0
28888.11965137351, 148, -1.0
28906.43401405211, 101, -1.0
28918.570022534735, 101, 1.0
28926.723449853944, 154, 1.0
28928.936962649586, 35, -1.0
28933.954480818105, 101, 1.0
28947.693814136674, 75, -1.0
28947.843429594905, 44, -1.0
28951.246447073485, 148, -1.0
28955.988001723672, 75, 1.0
28961.585393604735, 148, -1.0
28962.925128913903, 75, 1.0
28965.943759931644, 101, -1.0
28972.13561913112, 154, 1.0
28980.668816935955, 75, 1.0
28983.606332604322, 101, 1.0
28991.0919204252, 35, -1.0
28993.622401443914, 35, -1.0
29008.771566162515, 75, 1.0
29019.20764224218, 101, 1.0
29020.666365082354, 101, -1.0
29022.513137844475, 35, 1.0
29030.04348188953, 152, -1.0
29031.944730707226, 154, 1.0
29039.17358256896, 35, 1.0
29040.85618952326, 101, 1.0
29054.37608486185, 148, -1.0
29056.709600340346, 103, 1.0
29057.32472725453, 103, -1.0
29060.784806469426, 101, -1.0
29067.70900554248, 148, -1.0
29069.621485207044, 148, -1.0
29070.29988977925, 75, -1.0
29079.427913414063, 103, 1.0
29087.05103216754, 101, -1.0
29089.26202829322, 152, 1.0
29113.47624332876, 75, -1.0
29113.878295493312, 154, -1.0
29117.063400986473, 44, 1.0
29120.204882418013, 44, 1.0
29127.595123753, 75, 1.0
29134.058669541104, 152, 1.0
29135.464885808706, 101, 1.0
29137.59988016514, 148, -1.0
29148.921996529345, 35, -1.0
29156.86331394055, 152, -1.0
29162.026457705433, 101, -1.0
29163.084077716103, 148, -1.0
29165.053222660375, 44, -1.0
29165.146184596735, 35, -1.0
29178.564653169124, 103, 1.0
29208.172080886794, 154, 1.0
29213.49176701434, 152, -1.0
29221.325142326867, 75, -1.0
29221.939046828953, 75, -1.0
29222.495202035865, 35, -1.0
29223.719334100733, 44, -1.0
29232.184561576873, 148, -1.0
29232.56131211037, 35, -1.0
29234.93480048242, 35, 1.0
29235.41487552351, 35, 1.0
29243.516190713362, 103, 1.0
29251.369330803762, 152, -1.0
29255.973385252135, 75, 1.0
29260.013077502263, 152, -1.0
29269.341079122583, 152, -1.0
29274.250173241973, 152, -1.0
29276.630603210055, 101, -1.0
29288.704174735194, 35, -1.0
29289.98776244869, 75, 1.0
29292.783359057892, 103, 1.0
29293.404107034137, 35, -1.0
29295.269882321794, 35, -1.0
29310.236574159382, 101, -1.0
29311.68166871267, 101, -1.0
29315.499804241328, 35, -1.0
29323.566004108623, 35, 1.0
29323.734284888742, 152, 1.0
29337.256659344275, 75, 1.0
29342.114297363114, 103, 1.0
29351.007488339717, 75, 1.0
29352.387208430788, 75, 1.0
29359.1811146077, 35, -1.0
29361.840923030973, 103, 1.0
29367.95717143501, 35, 1.0
29376.17747540912, 103, 1.0
29378.199333569428, 152, -1.0
29378.85416931188, 75, 1.0
29379.28242426475, 35, 1.0
29382.20083384014, 35, 1.0
29382.969170561635, 103, 1.0
29389.45019985033, 103, 1.0
29389.76998197947, 154, 1.0
29391.448331892134, 152, -1.0
29393.37376290833, 152, -1.0
29396.682449939253, 101, 1.0
29398.884570549184, 154, 1.0
29408.10509881642, 152, -1.0
29408.355311778134, 101, -1.0
29412.453622209076, 148, -1.0
29418.49893691027, 75, -1.0
29432.380739055057, 75, 1.0
29443.154935574854, 152, 1.0
29446.400527468657, 148, -1.0
29448.566261079723, 35, -1.0
29456.0629450374, 148, -1.0
29459.71157335533, 152, 1.0
29463.44739157759, 103, -1.0
29464.598444617804, 75, -1.0
29476.946752571283, 148, -1.0
29486.864619375636, 44, -1.0
29489.260518147737, 75, 1.0
29502.43425865903, 101, 1.0
29506.030834202564, 75, 1.0
29512.961868346505, 101, 1.0
29515.9222449248, 44, -1.0
29516.99018683625, 103, 1.0
29520.638562541913, 75, 1.0
29522.23258280263, 148, -1.0
29524.860031596356, 148, -1.0
29550.624549428463, 35, 1.0
29550.657032345676, 154, -1.0
29552.48156534769, 154, 1.0
29554.021699798435, 148, -1.0
29564.45183264437, 75, -1.0
29570.076666941204, 154, 1.0
29579.974318939312, 103, 1.0
29589.878648509486, 75, -1.0
29593.29140549085, 75, 1.0
29601.163092915413, 152, -1.0
29609.09454090618, 75, 1.0
29615.38522632872, 35, -1.0
29615.861516008194, 148, -1.0
29622.858287271694, 103, -1.0
29624.740512409124, 35, -1.0
29641.527956509977, 75, 1.0
29649.989925135586, 152, -1.0
29650.239805982794, 148, 1.0
29650.415082419677, 103, -1.0
29660.56732068774, 75, 1.0
29660.91764205491, 154, 1.0
29662.8772964244, 101, 1.0
29666.76570291805, 148, -1.0
29668.816007078352, 35, -1.0
29669.692832604214, 152, 1.0
29676.06492623126, 148, 1.0
29679.722153058767, 35, 1.0
29680.383362086148, 148, -1.0
29683.274248489593, 103, 1.0
29688.593707943503, 152, 1.0
29692.96331855935, 101, 1.0
29694.321528526514, 154, -1.0
29694.618402953216, 152, 1.0
29695.345973958334, 75, 1.0
29707.293850816175, 101, -1.0
29712.959892160954, 35, -1.0
29713.18140698264, 101, 1.0
29713.83307205561, 75, 1.0
29721.505144929528, 148, -1.0
29726.528642128847, 101, 1.0
29729.542961386112, 101, 1.0
29732.809766586804, 75, -1.0
29740.262287817048, 35, -1.0
29741.885865449392, 75, 1.0
29750.858795777393, 75, 1.0
29752.36743475462, 148, -1.0
29757.82598187196, 35, -1.0
29764.650179273005, 154, -1.0
29767.63944868565, 35, -1.0
29768.41801024085, 35, -1.0
29769.010175765947, 103, 1.0
29778.560135930948, 154, -1.0
29792.04351940622, 44, -1.0
29792.259732245653, 148, -1.0
29793.451077010348, 103, 1.0
29802.9959816541, 154, 1.0
29806.546604876377, 35, -1.0
29810.229147143564, 152, -1.0
29815.68449019892, 75, 1.0
29816.378002325382, 148, -1.0
29824.907926217395, 35, -1.0
29827.871578700357, 154, 1.0
29834.302980611257, 152, -1.0
29836.457099800846, 148, 1.0
29839.56276024457, 101, 1.0
29845.348986059467, 148, -1.0
29848.788001759054, 152, -1.0
29855.17571525804, 35, 1.0
29866.397447457537, 35, 1.0
29867.551586325542, 148, -1.0
29867.790194432866, 75, 1.0
29868.17976997003, 44, -1.0
29869.724312440234, 148, -1.0
29874.745098783016, 75, -1.0
29875.791140647456, 152, 1.0
29876.16485267786, 75, 1.0
29880.411547413318, 75, 1.0
29887.232096004456, 101, 1.0
29898.834865796012, 75, 1.0
29900.074699245455, 44, -1.0
29906.782605496734, 154, 1.0
29918.66267751782, 101, 1.0
29929.388946305684, 75, 1.0
29931.2306121276, 101, 1.0
29931.327695684504, 75, -1.0
29931.579810066065, 103, 1.0
29938.10221721247, 35, -1.0
29945.859227315814, 148, -1.0
29952.496277571627, 75, 1.0
29954.64148841716, 75, 1.0
29955.988066430145, 75, 1.0
29957.885323585673, 75, 1.0
29963.33759371828, 101, -1.0
29964.007885983006, 35, -1.0
29966.992992040075, 75, 1.0
29970.655348833232, 148, -1.0
29973.096837086472, 154, -1.0
29973.76447339315, 148, 1.0
29997.036733018733, 75, 1.0
29997.657646306572, 75, 1.0
29998.554315317804, 75, -1.0
30013.920532660326, 75, -1.0
30023.069809424112, 152, -1.0
30026.928414106336, 103, 1.0
30026.96962089526, 75, -1.0
30038.298938589385, 101, 1.0
30040.454258690563, 35, -1.0
30041.188285164048, 35, -1.0
30043.28806612493, 148, -1.0
30045.208909674257, 35, -1.0
30049.04204162015, 148, -1.0
30055.387738158726, 148, -1.0
30063.214676470714, 103, 1.0
30067.292433319257, 148, -1.0
30068.191535195743, 75, -1.0
30071.739481173772, 44, -1.0
30072.88949085674, 75, -1.0
30073.973455787207, 35, -1.0
30075.37606049297, 148, -1.0
30078.536214404267, 75, 1.0
30088.12476062582, 148, 1.0
30091.073348473197, 35, -1.0
30095.122407130882, 148, 1.0
30098.6655376643, 75, 1.0
30102.03112722025, 75, 1.0
30102.212651433478, 152, -1.0
30105.11221944615, 75, 1.0
30137.438195440984, 154, 1.0
30140.997733379365, 44, 1.0
30149.561954873185, 101, -1.0
30182.18987681024, 35, -1.0
30184.392138641808, 152, -1.0
30188.273124824067, 75, -1.0
30197.35061629045, 35, 1.0
30205.240693623124, 44, 1.0
30207.5263977073, 148, -1.0
30208.271268903074, 148, -1.0
30208.4458091558, 101, 1.0
30209.65004073416, 148, 1.0
30213.057382071103, 35, -1.0
30219.42335553163, 152, -1.0
30220.547019485814, 75, 1.0
30221.43060163143, 75, 1.0
30231.39918558867, 152, -1.0
30259.622718952316, 35, 1.0
30263.916203174816, 152, -1.0
30264.538838441895, 35, 1.0
30275.187950950916, 75, 1.0
30281.58851531063, 101, -1.0
30283.410809691075, 103, 1.0
30287.106444048874, 75, 1.0
30289.787479719864, 148, -1.0
30290.686771369245, 101, 1.0
30296.33449999313, 35, -1.0
30310.86473017961, 103, -1.0
30328.804998235304, 75, 1.0
30337.612171742534, 101, -1.0
30342.08469692521, 154, 1.0
30345.698053686905, 75, -1.0
30345.73504876863, 148, -1.0
30349.772319623124, 75, 1.0
30356.111234248598, 152, -1.0
30370.86709431894, 148, -1.0
30372.806929968483, 75, 1.0
30380.821596359438, 35, -1.0
30387.679500376897, 75, 1.0
30388.026255959554, 75, 1.0
30393.078930471052, 44, 1.0
30393.992635694238, 44, -1.0
30394.473479277105, 101, 1.0
30396.02672124628, 101, -1.0
30402.791679495684, 101, -1.0
30403.784581944205, 148, -1.0
30407.680327816335, 103, 1.0
30416.454091165357, 35, 1.0
30419.665392831383, 103, 1.0
30422.910242807535, 75, 1.0
30423.92826672784, 103, 1.0
30429.10265691765, 154, 1.0
30435.323434164067, 44, 1.0
30443.50236065806, 148, -1.0
30456.909017442933, 75, 1.0
30460.321165035813, 101, -1.0
30469.724689730167, 75, 1.0
30471.761121053423, 75, 1.0
30476.349222425022, 103, 1.0
30476.41102522747, 101, 1.0
30480.750269418982, 148, -1.0
30482.732735959158, 152, -1.0
30491.658470983988, 75, -1.0
30492.37574949669, 101, 1.0
30514.08315449795, 101, -1.0
30520.08537285309, 75, 1.0
30520.903589920003, 154, 1.0
30521.829798042858, 154, -1.0
30532.117919921922, 101, -1.0
30535.809281932397, 152, 1.0
30537.541484572423, 35, -1.0
30547.44814365198, 148, -1.0
30561.218634123506, 148, -1.0
30569.21083472361, 35, 1.0
30570.137944734903, 152, 1.0
30572.133209064403, 75, 1.0
30574.604630773985, 35, -1.0
30584.912244242794, 35, -1.0
30589.64388821922, 35, -1.0
30590.349228744475, 44, -1.0
30598.974165909174, 35, -1.0
30601.04410640715, 75, 1.0
30606.973729596666, 148, -1.0
30615.10830955753, 35, -1.0
30618.118665801027, 35, -1.0
30634.70249563729, 35, -1.0
30635.218720661673, 152, 1.0
30645.262974825106, 75, 1.0
30655.07856156263, 101, -1.0
30659.969122509534, 44, -1.0
30675.698526473996, 75, 1.0
30680.669268052454, 35, -1.0
30709.895712566155, 101, 1.0
30717.17870349342, 35, -1.0
30719.13390328738, 148, -1.0
30730.153684140132, 101, -1.0
30730.377904862868, 75, 1.0
30731.50328331231, 148, -1.0
30734.560762048877, 75, 1.0
30736.635848161615, 75, 1.0
30744.149885093066, 101, -1.0
30746.31741047705, 44, -1.0
30747.711845767437, 35, -1.0
30751.00334183589, 35, -1.0
30751.417070229138, 75, -1.0
30758.502863220565, 35, 1.0
30758.960676347844, 75, -1.0
30762.189951688655, 75, -1.0
30764.420729310525, 75, 1.0
30773.052875453803, 35, -1.0
30776.363683841104, 152, -1.0
30793.188034409006, 103, -1.0
30798.898200500418, 75, -1.0
30802.03077298848, 75, 1.0
30825.272508043185, 148, -1.0
30825.773727895597, 75, 1.0
30826.306238967183, 152, -1.0
30838.99383048521, 152, 1.0
30850.46968969081, 148, -1.0
30851.017309894105, 101, 1.0
30851.643315440884, 148, -1.0
30860.556822300714, 103, 1.0
30863.926209138623, 35, -1.0
30870.520856935906, 103, 1.0
30873.97733391119, 101, 1.0
30885.20639659371, 44, 1.0
30885.260336552812, 75, 1.0
30885.910721239557, 152, -1.0
30892.345057384246, 75, 1.0
30894.643744559875, 35, -1.0
30895.0588192222, 152, 1.0
30902.040725674735, 75, 1.0
30906.85283706509, 152, -1.0
30910.94239153289, 148, -1.0
30912.736620803258, 103, -1.0
30918.650277437107, 152, 1.0
30919.049736046993, 154, -1.0
30925.044281938615, 103, 1.0
30930.485175280162, 154, -1.0
30930.800246056948, 75, -1.0
30938.25734606544, 103, 1.0
30949.46525409555, 152, 1.0
30961.716402520127, 35, -1.0
30970.146260536192, 35, -1.0
30970.80181609505, 75, -1.0
30972.58910694386, 44, -1.0
30972.932430875404, 152, -1.0
30976.529102289456, 101, 1.0
30984.625273865764, 148, -1.0
30985.244688612216, 101, 1.0
30989.93705200193, 152, -1.0
30991.143362823947, 101, -1.0
30991.220856819284, 148, -1.0
30995.306554945728, 152, -1.0
31000.13996932098, 35, 1.0
31001.080177399046, 152, 1.0
31002.27204104993, 44, -1.0
31005.798407982995, 101, -1.0
31010.36518034654, 44, -1.0
31011.466596171722, 101, -1.0
31014.686368333758, 101, 1.0
31017.678218472003, 75, -1.0
31030.076662944488, 75, 1.0
31038.82809495818, 75, 1.0
31039.59178428747, 35, -1.0
31039.93958925356, 103, 1.0
31040.545056371284, 148, -1.0
31054.5093118119, 75, 1.0
31056.35881132272, 75, -1.0
31057.15333692789, 152, -1.0
31057.84185593501, 35, 1.0
31061.278240592208, 154, 1.0
31069.81888502856, 35, -1.0
31076.057575564366, 154, 1.0
31082.660393695027, 148, -1.0
31086.246585521607, 75, 1.0
31092.606268577358, 101, 1.0
31093.95806758505, 75, 1.0
31094.83387496385, 75, -1.0
31095.064014305906, 35, 1.0
31112.12876162834, 101, 1.0
31114.501411161524, 152, 1.0
31129.167628784904, 154, -1.0
31137.581362236513, 75, 1.0
31138.37003736455, 75, -1.0
31138.761859273385, 35, -1.0
31156.488060436102, 152, -1.0
31158.038134647726, 148, -1.0
31164.071565830705, 103, 1.0
31167.86928266149, 148, -1.0
31171.319757261725, 35, -1.0
31175.80184348035, 148, -1.0
31177.5384532176, 101, 1.0
31191.47099129473, 101, -1.0
31193.383298825825, 101, 1.0
31208.191632036673, 103, 1.0
31215.45175355306, 152, -1.0
31220.193986718772, 101, 1.0
31229.880011419922, 101, 1.0
31247.259038577893, 35, -1.0
31247.90315532457, 154, 1.0
31249.16380800944, 75, 1.0
31249.26358926158, 35, -1.0
31251.925824730235, 101, -1.0
31253.881719812558, 152, 1.0
31262.158768170124, 152, -1.0
31276.61887295832, 101, -1.0
31280.611481957236, 148, 1.0
31282.3458062467, 35, 1.0
31291.403889968282, 75, -1.0
31297.366702916566, 103, 1.0
31300.508907278105, 75, 1.0
31302.631648598905, 35, -1.0
31303.611636819274, 148, -1.0
31307.72676954506, 152, -1.0
31315.76016830992, 35, 1.0
31319.790488187115, 152, 1.0
31321.077669748895, 75, -1.0
31327.06547717275, 75, 1.0
31327.300317251018, 75, 1.0
31339.92979412131, 152, -1.0
31340.882530998686, 35, 1.0
31342.329484205835, 154, 1.0
31345.39657878674, 101, 1.0
31350.15203052214, 75, -1.0
31353.171612618113, 152, 1.0
31357.226319466732, 152, 1.0
31359.326376689456, 101, -1.0
31359.793703503736, 101, -1.0
31362.597820645206, 101, 1.0
31362.792312216538, 101, -1.0
31369.037645452354, 35, 1.0
31370.626801939852, 75, 1.0
31373.70724755493, 101, 1.0
31373.75593807784, 35, -1.0
31379.95467911343, 154, 1.0
31379.956493779937, 101, 1.0
31392.754213599477, 154, 1.0
31395.354544661983, 101, 1.0
31402.313716099856, 103, 1.0
31402.631793759207, 148, -1.0
31425.14822199215, 35, -1.0
31435.756193177498, 152, -1.0
31437.07974152737, 148, -1.0
31438.443733476597, 103, 1.0
31440.388177713157, 152, -1.0
31453.59869604272, 101, 1.0
31468.478261990098, 148, -1.0
31471.62686918538, 75, 1.0
31472.999974300823, 35, -1.0
31476.80065689193, 75, 1.0
31484.45319850345, 35, -1.0
31495.22869586687, 152, -1.0
31496.61214953189, 154, -1.0
31512.446356984114, 75, -1.0
31514.868242458466, 103, 1.0
31524.90835029373, 44, -1.0
31525.15739915879, 101, -1.0
31526.319487222067, 152, -1.0
31530.611174666345, 35, -1.0
31548.242253307013, 103, 1.0
31548.279944729424, 75, 1.0
31555.32560264411, 152, 1.0
31559.036588759576, 148, -1.0
31563.634772875695, 35, -1.0
31570.95187447174, 148, -1.0
31579.54494963718, 101, 1.0
31594.484382563645, 101, -1.0
31607.613568291814, 148, -1.0
31610.149947564005, 101, 1.0
31616.74226681777, 154, 1.0
31619.30651029125, 75, -1.0
31623.489366702204, 101, -1.0
31629.750420394772, 75, -1.0
31645.94078452267, 148, -1.0
31655.74932446348, 75, 1.0
31656.544780254277, 35, -1.0
31657.41099655614, 35, -1.0
31657.557918786162, 152, 1.0
31662.12247857858, 101, -1.0
31663.593092886764, 103, 1.0
31683.83010305868, 101, -1.0
31683.982472694504, 148, -1.0
31694.625005757982, 75, 1.0
31699.252639119244, 75, -1.0
31703.405924617506, 35, 1.0
31708.533354543495, 152, -1.0
31710.281780467143, 35, -1.0
31711.486598339572, 148, -1.0
31725.29931562905, 35, -1.0
31727.114018282875, 103, -1.0
31729.05700188849, 35, 1.0
31738.714152835204, 148, -1.0
31749.306883235862, 44, -1.0
31754.448959420908, 148, -1.0
31755.046286709254, 44, -1.0
31771.02306739476, 154, -1.0
31771.651576789194, 101, -1.0
31781.060144357467, 101, 1.0
31781.721842635656, 75, 1.0
31790.23557101107, 75, -1.0
31800.75285783533, 148, -1.0
31803.377001801673, 75, 1.0
31804.59646864953, 103, 1.0
31808.190957527135, 35, -1.0
31811.14259971492, 148, -1.0
31816.6831622504, 75, 1.0
31819.803070621085, 101, -1.0
31827.069874677058, 154, -1.0
31836.22190946278, 75, 1.0
31843.299947419597, 103, 1.0
31844.153530685006, 101, -1.0
31844.261665007158, 152, -1.0
31862.5895198029, 154, -1.0
31867.065326050182, 148, -1.0
31892.199662362178, 101, -1.0
31893.76705422881, 152, -1.0
31899.933145701765, 35, -1.0
31908.353569598217, 101, 1.0
31911.09739570959, 75, 1.0
31920.11669809527, 148, -1.0
31922.276701658633, 44, -1.0
31923.078405955534, 103, -1.0
31925.96989100562, 103, 1.0
31933.34290505039, 152, 1.0
31942.52992535912, 75, 1.0
31942.707011879207, 154, 1.0
31948.442643869177, 103, 1.0
31949.530929113065, 152, -1.0
31954.625557619773, 152, -1.0
31966.542542565265, 152, -1.0
31969.56955377769, 75, 1.0
31970.80187747288, 75, -1.0
31971.71619217932, 75, -1.0
31975.71050272806, 152, -1.0
31981.961159386166, 75, 1.0
31987.695565235776, 75, 1.0
32018.94678715703, 154, 1.0
32042.300356022937, 152, -1.0
32042.75333693351, 75, 1.0
32045.99895106827, 75, 1.0
32046.142454251203, 148, -1.0
32047.35753602562, 35, -1.0
32061.651351119042, 148, -1.0
32065.661602488828, 35, -1.0
32072.03144725085, 101, -1.0
32073.275146029315, 101, 1.0
32077.723255510624, 148, -1.0
32077.826263195002, 103, 1.0
32079.175670158405, 75, 1.0
32084.175540908902, 35, -1.0
32086.714193792683, 75, 1.0
32089.93093947362, 75, -1.0
32096.747537558054, 75, 1.0
32100.122478135134, 35, 1.0
32106.69787990381, 44, -1.0
32118.81737944232, 44, -1.0
32122.625084413095, 148, -1.0
32125.436598840482, 103, 1.0
32129.644120159286, 103, 1.0
32137.391607798152, 75, 1.0
32140.59932796583, 35, -1.0
32144.111336699727, 35, -1.0
32148.77769791543, 35, -1.0
32153.47154083063, 154, 1.0
32155.690817879797, 35, -1.0
32156.65478595505, 152, -1.0
32161.50409243885, 35, 1.0
32170.270480576306, 154, 1.0
32174.440458737477, 35, 1.0
32180.74992439872, 35, -1.0
32182.731556694813, 154, -1.0
32187.362327392388, 44, 1.0
32189.598400082683, 101, 1.0
32199.3663550768, 35, 1.0
32200.033582644777, 75, -1.0
32203.403774133432, 75, -1.0
32213.554907725407, 103, 1.0
32235.69659499869, 35, -1.0
32239.328214142035, 35, -1.0
32240.738224559358, 148, 1.0
32241.135272221836, 35, -1.0
32249.9492976804, 103, 1.0
32250.32283844094, 35, -1.0
32253.05274073489, 148, -1.0
32257.953110297705, 35, -1.0
32259.828586236203, 35, -1.0
32263.01879757706, 101, 1.0
32265.18214920789, 152, -1.0
32297.3535157565, 154, 1.0
32301.002067605838, 101, -1.0
32308.839377791042, 75, 1.0
32311.709927627977, 75, 1.0
32314.054210900373, 75, 1.0
32316.392643129067, 154, 1.0
32319.53514987915, 154, 1.0
32327.790894887443, 148, 1.0
32329.91025998138, 103, 1.0
32331.772264610812, 75, -1.0
32336.42919029804, 148, -1.0
32337.22332722418, 35, -1.0
32340.992066511015, 148, -1.0
32355.870771182606, 35, -1.0
32357.58553650967, 35, -1.0
32362.210026736753, 148, -1.0
32381.33537389287, 148, -1.0
32382.902331557023, 35, -1.0
32387.604888964957, 148, -1.0
32393.034583688364, 75, 1.0
32401.231773857788, 154, -1.0
32402.92493820786, 44, -1.0
32426.088981696732, 101, 1.0
32426.953305413754, 148, -1.0
32427.778003401323, 101, 1.0
32427.8835434621, 101, 1.0
32452.351758501787, 75, 1.0
32457.943669229277, 44, -1.0
32458.560463978367, 101, 1.0
32462.703292490478, 101, 1.0
32466.490684867375, 103, -1.0
32469.85931068297, 101, -1.0
32470.227206194555, 75, 1.0
32475.560577181725, 101, -1.0
32480.507909674874, 35, -1.0
32484.040272934493, 101, -1.0
32495.252039132036, 152, -1.0
32496.552978861004, 35, 1.0
32505.812182445392, 75, 1.0
32509.22806762091, 103, 1.0
32518.941461482842, 148, -1.0
32522.81592830438, 152, -1.0
32524.996900886475, 35, -1.0
32526.870046622003, 44, -1.0
32528.26208648944, 103, 1.0
32528.9058676192, 75, 1.0
32532.00923203284, 103, -1.0
32533.963744026365, 103, 1.0
32540.659866060283, 148, -1.0
32554.429607584712, 35, -1.0
32562.63669362977, 152, -1.0
32562.882564945547, 152, -1.0
32563.063038772612, 75, 1.0
32564.179500567436, 35, 1.0
32565.604909798963, 154, -1.0
32566.61520350437, 148, -1.0
32569.633289101446, 101, 1.0
32571.59782665103, 75, 1.0
32573.52911923522, 44, -1.0
32578.479062455048, 154, -1.0
32587.950106972963, 101, 1.0
32592.907629524758, 44, -1.0
32595.091292138863, 152, 1.0
32607.354751466995, 148, -1.0
32608.863471194083, 101, -1.0
32610.57339495321, 152, 1.0
32624.509643266618, 101, -1.0
32630.755217444133, 44, -1.0
32632.254184803747, 101, -1.0
32643.03121330666, 101, 1.0
32650.326591668694, 75, 1.0
32664.915960222712, 154, -1.0
32670.95142281295, 35, -1.0
32676.61034631788, 101, -1.0
32678.501801908795, 35, -1.0
32681.376242297636, 101, 1.0
32683.576703596358, 154, -1.0
32691.954681269315, 154, -1.0
32694.653915081326, 101, 1.0
32696.197222262075, 148, -1.0
32703.884211170738, 44, -1.0
32704.252220613187, 152, -1.0
32719.806704369228, 148, -1.0
32721.78652332558, 101, 1.0
32724.513628929875, 75, 1.0
32730.791450530436, 44, -1.0
32742.797416505822, 75, 1.0
32746.493555256333, 148, -1.0
32752.36567586762, 35, -1.0
32754.122032077878, 75, -1.0
32760.720866902684, 44, -1.0
32771.78519911435, 154, 1.0
32775.62161703643, 101, -1.0
32783.27255368675, 101, 1.0
32791.216762447766, 75, 1.0
32793.39361400717, 101, 1.0
32796.18523096868, 154, -1.0
32797.61451777168, 152, -1.0
32800.72476997169, 152, -1.0
32801.3322402555, 75, 1.0
32802.92506690476, 101, -1.0
32808.70531668432, 152, 1.0
32814.232576668845, 44, -1.0
32828.745145891546, 101, 1.0
32832.003583934835, 148, -1.0
32834.70862824418, 103, -1.0
32834.847538212816, 75, 1.0
32840.14834283697, 101, 1.0
32840.41680262404, 44, -1.0
32842.40892247556, 75, 1.0
32844.41928424123, 152, 1.0
32847.85223832345, 75, 1.0
32848.33860021304, 35, 1.0
32848.36050599331, 154, 1.0
32848.91178166842, 152, -1.0
32854.35315486111, 44, -1.0
32854.62262368147, 75, 1.0
32856.66169188242, 101, 1.0
32862.52404126695, 101, 1.0
32869.030623888226, 101, 1.0
32870.13161206901, 44, 1.0
32880.18177764151, 75, 1.0
32882.99116265316, 101, 1.0
32887.905502848495, 103, 1.0
32896.99903806679, 75, 1.0
32898.806499765844, 101, -1.0
32907.67639690602, 148, -1.0
32919.03054834337, 148, -1.0
32925.566423681936, 75, 1.0
32932.30437544537, 75, 1.0
32941.34072682754, 101, -1.0
32942.12049863079, 44, -1.0
32944.70026977319, 101, -1.0
32948.555359682076, 75, 1.0
32955.09839064056, 152, -1.0
32959.5564650645, 44, -1.0
32968.2134229399, 44, -1.0
32971.80215701667, 44, -1.0
32977.26404813591, 44, -1.0
32978.276651775486, 101, 1.0
32985.6643972686, 75, 1.0
32987.89674018653, 148, -1.0
32991.388993302004, 75, 1.0
32993.60504647193, 75, -1.0
32994.690411394164, 101, -1.0
32995.95813581503, 75, 1.0
32996.67544182431, 152, -1.0
33014.339573051606, 75, 1.0
33014.78596011532, 152, -1.0
33022.97036264416, 152, 1.0
33028.41592485583, 75, 1.0
33033.748244989205, 154, -1.0
33041.780126917816, 101, -1.0
33042.6543580706, 101, -1.0
33051.03537074391, 152, -1.0
33051.12985653787, 152, -1.0
33051.835131857115, 101, 1.0
33052.853007480495, 101, 1.0
33055.582791636836, 35, -1.0
33057.313271761144, 35, -1.0
33063.12261807129, 152, -1.0
33072.240611527595, 103, 1.0
33073.58591228767, 44, -1.0
33073.93488854631, 75, 1.0
33079.751485967754, 75, 1.0
33085.859853554546, 103, 1.0
33085.964015387006, 148, -1.0
33096.20820234302, 75, 1.0
33099.02775815665, 103, -1.0
33108.20046950159, 152, -1.0
33114.72818715609, 152, -1.0
33118.07632478057, 44, -1.0
33118.61532586567, 103, 1.0
33133.306534017385, 75, 1.0
33137.17411266204, 35, -1.0
33145.37224026044, 44, -1.0
33156.68907134363, 154, 1.0
33159.3461889051, 44, -1.0
33159.835651716625, 75, 1.0
33165.08504419575, 101, 1.0
33166.45712397097, 44, 1.0
33196.81525022064, 154, -1.0
33198.75076060014, 75, 1.0
33204.65577293238, 44, -1.0
33209.592547319786, 44, -1.0
33209.910499690675, 101, -1.0
33218.189166255404, 152, -1.0
33219.488075348425, 101, 1.0
33223.645547140986, 152, -1.0
33227.96160688682, 101, 1.0
33229.8553861991, 152, -1.0
33237.26502611303, 75, 1.0
33245.41270848412, 152, 1.0
33247.54911316224, 152, -1.0
33249.60466554238, 103, -1.0
33252.25854199037, 103, 1.0
33254.08224259053, 152, -1.0
33254.64948120932, 152, 1.0
33257.04782588183, 75, 1.0
33258.14786124932, 44, -1.0
33261.79387098731, 148, -1.0
33263.61898595966, 75, 1.0
33264.22147180346, 75, 1.0
33265.41155444435, 152, -1.0
33266.56334559131, 35, -1.0
33276.32080584427, 152, -1.0
33281.147064925724, 75, 1.0
33281.97165567022, 35, -1.0
33285.724728875546, 75, 1.0
33293.67478560336, 75, 1.0
33294.81605906681, 101, 1.0
33297.37479724013, 152, -1.0
33297.48993343112, 103, 1.0
33304.70442952084, 44, -1.0
33314.59372998272, 103, 1.0
33314.606893031065, 44, -1.0
33317.0903940557, 44, -1.0
33323.53239043704, 75, 1.0
33324.0886401033, 35, -1.0
33331.363462272304, 154, 1.0
33332.227690109634, 148, -1.0
33335.23763223082, 44, -1.0
33335.36643498728, 35, -1.0
33337.578995842014, 101, -1.0
33339.74360478951, 152, -1.0
33355.03624982259, 152, -1.0
33356.63334852139, 75, 1.0
33357.981677470816, 44, -1.0
33368.13873836736, 44, -1.0
33370.993582862255, 103, -1.0
33389.44389370722, 75, 1.0
33389.580723225255, 148, -1.0
33389.65450765888, 101, 1.0
33390.93188721367, 44, -1.0
33398.197191580555, 101, 1.0
33405.12605247069, 148, 1.0
33412.994914232324, 75, 1.0
33413.18406159592, 101, 1.0
33416.42950378555, 101, -1.0
33435.211862571916, 75, 1.0
33435.98925461761, 44, -1.0
33444.80185858481, 101, 1.0
33445.66596392509, 103, -1.0
33446.14108060648, 154, -1.0
33453.3170616314, 101, 1.0
33454.901451584796, 101, -1.0
33460.49372436177, 103, -1.0
33463.38004952368, 103, 1.0
33474.32060142168, 35, 1.0
33475.90928863453, 75, 1.0
33484.08367241705, 75, 1.0
33486.941466322474, 103, 1.0
33490.851311180515, 103, -1.0
33495.13035341987, 103, 1.0
33497.850223449335, 75, 1.0
33501.71040317394, 101, 1.0
33503.532162841504, 101, 1.0
33503.94526659073, 101, -1.0
33504.187977398215, 35, -1.0
33505.9799304084, 154, 1.0
33508.020917106216, 103, 1.0
33512.39689121464, 44, -1.0
33515.81913708724, 154, 1.0
33518.87987774934, 148, -1.0
33519.68422493023, 75, 1.0
33526.10544999553, 44, -1.0
33528.13181973232, 44, -1.0
33530.37553141877, 103, 1.0
33537.65378973994, 44, -1.0
33539.92963659819, 101, 1.0
33544.42895095455, 101, -1.0
33546.518106627496, 35, 1.0
33551.29734854796, 75, 1.0
33552.77120283218, 103, 1.0
33566.05475572368, 35, -1.0
33570.17570390666, 152, -1.0
33570.372315703, 75, 1.0
33570.60123766542, 101, 1.0
33579.678391760644, 75, 1.0
33580.73848701257, 152, -1.0
33586.3420729103, 75, 1.0
33587.96885855398, 148, -1.0
33594.76812344977, 148, -1.0
33600.9617623541, 75, 1.0
33602.04451901462, 101, -1.0
33606.76101504388, 44, -1.0
33611.10842974621, 75, 1.0
33613.33786177792, 44, -1.0
33617.70469095092, 75, 1.0
33620.37773247436, 44, -1.0
33622.46352844436, 75, 1.0
33633.43033830374, 35, -1.0
33636.23801871239, 101, 1.0
33638.55441672184, 35, 1.0
33642.052559667645, 152, -1.0
33645.31902531432, 75, 1.0
33657.54796321675, 152, -1.0
33663.30558619693, 148, 1.0
33682.097043202506, 101, 1.0
33690.94691807047, 75, 1.0
33693.184856268344, 152, 1.0
33693.73714729221, 152, -1.0
33696.90400694266, 103, 1.0
33697.225981737836, 101, 1.0
33707.68194400886, 103, -1.0
33708.90707292211, 101, 1.0
33711.100395519825, 101, 1.0
33712.444146553964, 101, 1.0
33722.637086343726, 101, -1.0
33722.81007691301, 44, -1.0
33723.297022752115, 44, -1.0
33723.42836005779, 75, 1.0
33727.09124129906, 75, 1.0
33728.12961010349, 75, 1.0
33730.76334918493, 101, 1.0
33732.23841050901, 152, -1.0
33734.70210533397, 44, -1.0
33744.51637751123, 75, 1.0
33746.042865909985, 103, -1.0
33749.01036975432, 75, 1.0
33749.18503136124, 35, -1.0
33754.654137766505, 101, -1.0
33759.688659423366, 75, 1.0
33766.594771744465, 148, -1.0
33776.6338913806, 44, -1.0
33786.71105161889, 44, -1.0
33787.99786176086, 103, 1.0
33789.50549243419, 154, -1.0
33792.62180174053, 152, -1.0
33796.4961549753, 154, 1.0
33805.31705746695, 35, -1.0
33808.978422685395, 101, 1.0
33813.50780459032, 101, 1.0
33813.55668424797, 44, -1.0
33814.46971225893, 75, 1.0
33823.5119657478, 35, 1.0
33827.93832312955, 101, 1.0
33832.6403397971, 101, -1.0
33833.42469713125, 154, -1.0
33846.665005162125, 75, 1.0
33853.12307827863, 44, -1.0
33854.15973429148, 35, -1.0
33859.28412484816, 101, 1.0
33860.32665139451, 75, 1.0
33861.644369648464, 75, 1.0
33864.750391871035, 101, 1.0
33865.01359761351, 154, 1.0
33866.39036673746, 75, 1.0
33876.77300105008, 152, 1.0
33880.82738663373, 152, -1.0
33881.12227223904, 103, -1.0
33889.462139574716, 154, 1.0
33900.36176542034, 75, 1.0
33900.38130037038, 75, 1.0
33903.65690073907, 148, -1.0
33908.214993425005, 35, 1.0
33915.84984399576, 154, 1.0
33918.02884958751, 101, 1.0
33921.11594753668, 101, -1.0
33925.420103417004, 152, 1.0
33948.66055222198, 101, -1.0
33950.40607538336, 103, -1.0
33955.061241026604, 154, -1.0
33956.284428521016, 152, -1.0
33975.70061559642, 35, -1.0
33996.98410451199, 152, -1.0
33999.44068409797, 148, -1.0
34003.650813047796, 148, -1.0
34007.333686574726, 75, -1.0
34008.24116998874, 75, 1.0
34013.44852537667, 103, 1.0
34018.212582917375, 75, 1.0
34020.22023685241, 75, 1.0
34036.94554289496, 35, -1.0
34037.22286009224, 101, -1.0
34038.590090731224, 101, 1.0
34039.378082963536, 154, 1.0
34041.20191575732, 101, -1.0
34042.42652260928, 103, 1.0
34044.414536410186, 101, 1.0
34057.50877694935, 35, -1.0
34058.484926249635, 44, -1.0
34058.676684667145, 103, 1.0
34087.09442766515, 75, -1.0
34098.29206165611, 154, 1.0
34098.538726401974, 75, 1.0
34110.83842236286, 148, -1.0
34114.38144465492, 35, -1.0
34115.602198204026, 75, 1.0
34122.42053735719, 103, 1.0
34126.95128111385, 103, 1.0
34135.07127381305, 75, 1.0
34155.67140923521, 75, 1.0
34159.15589850218, 101, 1.0
34159.77765172968, 101, -1.0
34165.51415430808, 103, 1.0
34170.35718428549, 75, 1.0
34187.200275280746, 148, 1.0
34192.83991770157, 148, -1.0
34198.53830368938, 154, -1.0
34199.21867779912, 103, 1.0
34199.30382694057, 35, -1.0
34200.23969695854, 103, -1.0
34205.25492634174, 103, -1.0
34208.072328234935, 35, 1.0
34210.05812755802, 101, 1.0
34212.76464979788, 148, -1.0
34230.31565006122, 44, -1.0
34233.202064478915, 44, -1.0
34243.056241711085, 35, -1.0
34247.07729210596, 101, 1.0
34247.89491000623, 75, 1.0
34253.129890844946, 148, -1.0
34257.58436492888, 154, -1.0
34262.174967726736, 75, 1.0
34272.082089801064, 152, 1.0
34296.63067636189, 101, 1.0
34306.86761998083, 75, 1.0
34310.725094227826, 152, -1.0
34326.9796056228, 44, -1.0
34338.93976697734, 152, -1.0
34342.168272489216, 75, 1.0
34343.33094014373, 101, 1.0
34350.90949696447, 75, 1.0
34351.99698750484, 101, 1.0
34354.56443131616, 44, -1.0
34361.69418519252, 44, -1.0
34369.34196675511, 152, -1.0
34370.250436366725, 75, -1.0
34370.923892728126, 75, 1.0
34374.55725178473, 152, -1.0
34377.34333589448, 152, -1.0
34378.42569081699, 35, 1.0
34382.67597728332, 148, -1.0
34383.00821812212, 75, 1.0
34385.4296270246, 35, -1.0
34395.14521164295, 75, 1.0
34396.49160945292, 101, 1.0
34399.60519479976, 103, -1.0
34402.306007954045, 101, 1.0
34403.12244238722, 101, -1.0
34408.95314883825, 75, 1.0
34431.249752996824, 103, -1.0
34432.459808976244, 75, 1.0
34435.328364501314, 44, -1.0
34437.335049000794, 44, 1.0
34443.775858276604, 75, 1.0
34444.68797698971, 154, -1.0
34453.174600470265, 75, 1.0
34453.26332295062, 101, 1.0
34460.71956079986, 101, 1.0
34464.002581476685, 101, 1.0
34464.92826887287, 101, 1.0
34468.0755733195, 75, 1.0
34472.485723375044, 101, -1.0
34494.620953659905, 35, -1.0
34498.43602597215, 152, -1.0
34503.1320604145, 35, 1.0
34506.00153368277, 148, -1.0
34511.99646004023, 154, -1.0
34516.66993571155, 75, 1.0
34522.62540043595, 152, 1.0
34526.918073801164, 101, 1.0
34541.88278464501, 101, 1.0
34542.81279033359, 75, 1.0
34544.42657601371, 44, 1.0
34547.71937848275, 75, 1.0
34552.43986894538, 75, 1.0
34566.94923704746, 35, -1.0
34578.3475518332, 101, 1.0
34584.56625815579, 152, -1.0
34591.26759255059, 101, 1.0
34591.64785881735, 152, -1.0
34593.05816693244, 75, -1.0
34594.29361279653, 148, -1.0
34597.53132173952, 75, 1.0
34604.29044980574, 152, -1.0
34609.60824017672, 154, 1.0
34610.86018568496, 103, 1.0
34611.28809908169, 103, -1.0
34614.90582118831, 103, -1.0
34618.70715809624, 103, 1.0
34624.02835313628, 154, 1.0
34625.69700170822, 103, -1.0
34626.43745922792, 101, 1.0
34629.38746915027, 75, 1.0
34635.34851091966, 35, -1.0
34644.2940080062, 75, 1.0
34652.01066709856, 35, 1.0
34654.54038320937, 101, 1.0
34658.78093714129, 152, -1.0
34665.243959261, 75, 1.0
34666.28275318241, 101, 1.0
34666.70951224778, 101, 1.0
34671.75740323149, 44, -1.0
34673.17587011192, 75, 1.0
34680.43592569767, 101, -1.0
34680.55895019657, 152, -1.0
34682.23922790039, 103, -1.0
34686.030678956115, 75, 1.0
34705.72506461741, 101, 1.0
34707.19891759366, 101, 1.0
34712.30528209934, 103, -1.0
34721.61163117222, 103, -1.0
34735.142614651486, 152, -1.0
34749.04317154255, 101, 1.0
34751.55832916951, 75, 1.0
34756.199389185495, 101, 1.0
34759.96536489769, 148, -1.0
34761.608022869346, 75, 1.0
34761.94732560028, 44, -1.0
34763.50260576588, 35, -1.0
34768.7069894334, 103, -1.0
34784.1152531044, 101, 1.0
34787.44277475519, 101, -1.0
34787.73209485824, 44, 1.0
34789.55660908635, 148, -1.0
34792.0126511356, 101, 1.0
34795.70588340987, 103, 1.0
34796.22429375481, 154, -1.0
34798.41778217465, 101, 1.0
34801.51915051095, 75, -1.0
34805.42703799647, 75, 1.0
34809.22073809945, 152, -1.0
34812.648594662955, 101, 1.0
34814.84155547873, 75, 1.0
34817.64453398103, 35, 1.0
34818.659289066534, 75, -1.0
34821.48602857205, 152, -1.0
34823.71598673431, 152, 1.0
34839.78278281686, 35, -1.0
34841.14581996213, 101, 1.0
34848.4474876306, 152, -1.0
34855.503911590444, 101, -1.0
34860.403816042504, 44, -1.0
34873.46778383756, 152, -1.0
34875.30508668875, 103, 1.0
34881.494933347865, 103, -1.0
34882.81422687514, 148, -1.0
34895.994880433245, 152, -1.0
34908.36047698505, 101, 1.0
34920.43276863513, 101, -1.0
34933.63911395981, 75, 1.0
34935.238275421834, 75, -1.0
34938.10527140823, 101, 1.0
34947.42377408621, 35, -1.0
34961.54316772033, 35, -1.0
34970.16477738152, 101, 1.0
34981.090671492384, 35, 1.0
34983.436045114424, 101, 1.0
34988.44995370363, 101, 1.0
34989.84053396959, 101, 1.0
34993.62613899554, 152, 1.0
34999.99788487387, 152, -1.0
35001.02721297942, 152, -1.0
35003.49470049391, 101, -1.0
35004.95282232638, 35, -1.0
35015.38810081671, 101, -1.0
35019.68662043962, 154, -1.0
35023.13597001635, 154, -1.0
35027.80141803346, 75, -1.0
35030.76492263666, 152, -1.0
35039.280653450085, 44, -1.0
35046.33899356318, 101, 1.0
35050.53564144085, 35, -1.0
35065.47193643579, 101, -1.0
35068.32838104994, 148, -1.0
35069.989960347, 44, -1.0
35072.199352504766, 152, -1.0
35083.311050101125, 101, 1.0
35084.38235155287, 75, 1.0
35086.078276499, 152, -1.0
35095.82842832414, 44, -1.0
35096.39712259338, 101, 1.0
35108.6018831504, 101, 1.0
35117.50233145649, 101, 1.0
35124.81019441496, 148, -1.0
35133.52815560193, 152, 1.0
35138.021373708514, 101, -1.0
35138.49532157371, 101, 1.0
35138.51670070368, 101, 1.0
35140.35652773761, 75, 1.0
35142.65133615855, 103, 1.0
35151.37926525435, 35, -1.0
35153.86349478406, 35, -1.0
35160.15733659851, 152, -1.0
35162.006238853886, 101, -1.0
35165.70346220187, 35, -1.0
35167.83180341899, 75, 1.0
35170.8659254358, 75, 1.0
35185.73602532561, 75, 1.0
35190.0144451005, 103, 1.0
35199.1369432174, 44, -1.0
35206.3552436893, 101, 1.0
35212.69947672821, 148, 1.0
35213.335463802025, 44, -1.0
35215.59303383706, 35, -1.0
35216.81035649461, 154, -1.0
35224.075760713735, 44, -1.0
35228.23786782652, 101, -1.0
35237.43589718921, 44, 1.0
35238.574896466904, 148, -1.0
35240.24277039623, 103, 1.0
35249.26333851038, 152, -1.0
35250.57258358102, 154, -1.0
35251.09957692487, 154, -1.0
35252.56306278664, 101, -1.0
35256.91462771968, 75, -1.0
35258.52897703843, 101, 1.0
35259.580064962145, 152, -1.0
35275.85548647466, 44, -1.0
35278.84185316983, 101, 1.0
35280.457063190086, 154, -1.0
35290.91198634824, 75, 1.0
35291.95698612934, 75, 1.0
35300.13319289852, 44, -1.0
35300.96002710021, 44, -1.0
35303.255499391955, 152, -1.0
35304.473451898775, 103, 1.0
35309.01096885541, 44, -1.0
35311.155831331744, 152, -1.0
35312.124979800115, 101, -1.0
35321.13205182423, 44, 1.0
35323.09919334537, 101, 1.0
35328.67691900516, 152, -1.0
35329.24770153297, 75, 1.0
35330.87817656661, 35, -1.0
35345.03177553162, 44, -1.0
35348.27771057917, 154, 1.0
35349.77963579046, 101, 1.0
35354.54810341261, 103, -1.0
35357.76495764814, 148, -1.0
35359.73773738856, 148, 1.0
35374.04528604181, 148, -1.0
35375.33250416829, 75, 1.0
35375.81026938932, 103, -1.0
35379.33255909596, 152, -1.0
35381.76282095562, 35, -1.0
35382.81535278955, 101, 1.0
35383.45222883531, 44, -1.0
35388.13961724839, 152, -1.0
35390.32023089362, 152, -1.0
35393.04000760907, 152, -1.0
35402.15741911487, 75, 1.0
35402.931450361626, 101, 1.0
35407.281046059456, 148, -1.0
35416.19479157746, 101, 1.0
35419.67087146637, 101, 1.0
35420.095993717245, 101, 1.0
35420.248758557296, 154, 1.0
35422.741125106695, 75, 1.0
35425.54822307102, 101, 1.0
35432.967220785984, 101, 1.0
35434.28037232798, 148, -1.0
35434.60301400356, 152, -1.0
35435.48571186456, 152, -1.0
35438.38509553857, 101, -1.0
35439.209420262945, 35, -1.0
35443.83166504851, 103, 1.0
35450.93445935781, 75, 1.0
35453.77800041433, 75, 1.0
35465.12929121654, 75, 1.0
35465.89764826362, 35, 1.0
35466.038986081105, 101, 1.0
35481.891798073455, 148, -1.0
35481.89579585682, 44, -1.0
35484.18440874874, 44, -1.0
35484.981258011685, 154, -1.0
35485.52950328829, 101, 1.0
35489.37757409894, 103, -1.0
35492.14989143325, 103, 1.0
35492.30032034954, 35, -1.0
35493.224380904925, 44, -1.0
35496.70241682658, 101, 1.0
35501.137257379734, 101, 1.0
35515.629831943545, 154, 1.0
35518.291413377694, 35, 1.0
35529.82672692474, 101, -1.0
35539.066900380196, 75, 1.0
35540.77180596594, 44, -1.0
35544.684599430824, 101, 1.0
35545.29901229766, 103, 1.0
35550.233245289695, 103, -1.0
35553.93712258431, 44, -1.0
35556.159367751316, 44, -1.0
35571.15524522318, 101, 1.0
35571.357365772725, 35, 1.0
35572.231837254134, 152, -1.0
35575.472020588015, 101, 1.0
35585.80689471161, 152, -1.0
35588.690887319346, 75, 1.0
35591.91077388879, 101, -1.0
35592.159953041286, 101, 1.0
35593.845881812966, 103, 1.0
35596.196053165266, 148, -1.0
35597.29161086886, 101, 1.0
35602.68754962998, 101, 1.0
35604.628535945056, 44, -1.0
35610.24981519298, 148, -1.0
35615.447761536554, 75, 1.0
35622.49095150074, 101, 1.0
35637.160849262495, 44, -1.0
35638.615131233535, 101, 1.0
35641.65181612276, 103, 1.0
35646.17151722382, 75, 1.0
35653.039462241155, 101, -1.0
35653.276787244526, 44, -1.0
35656.58285927102, 75, -1.0
35668.46631645219, 75, 1.0
35669.15456162966, 148, -1.0
35678.38284827245, 101, -1.0
35681.59899080799, 154, 1.0
35702.83900670598, 44, -1.0
35712.05942914933, 44, -1.0
35723.55100770347, 148, -1.0
35724.639466722816, 44, -1.0
35730.35119811556, 101, -1.0
35735.62754443292, 44, -1.0
35742.458588410926, 75, 1.0
35743.49441595383, 35, -1.0
35756.68458267683, 101, -1.0
35758.64207704823, 35, 1.0
35762.59392448393, 103, 1.0
35766.002971395974, 35, -1.0
35778.05029469438, 35, -1.0
35782.1860023813, 101, 1.0
35785.00010632044, 75, 1.0
35785.1980313401, 101, 1.0
35788.623553436366, 101, 1.0
35790.12432122689, 152, -1.0
35791.051194850465, 103, 1.0
35795.27611134374, 44, 1.0
35795.676183160766, 154, 1.0
35797.33674207993, 101, -1.0
35799.87268907661, 75, 1.0
35800.574849886434, 101, -1.0
35802.45161345902, 75, -1.0
35803.852178085865, 75, 1.0
35804.43255986247, 75, 1.0
35807.01287652644, 101, 1.0
35812.15713760869, 148, 1.0
35813.73439339387, 103, 1.0
35813.841319076106, 152, -1.0
35820.510665425754, 35, 1.0
35827.29491398478, 75, 1.0
35831.62939621502, 75, 1.0
35843.7597032815, 35, -1.0
35858.45295790111, 148, 1.0
35858.59966046756, 152, -1.0
35862.477695201764, 44, -1.0
35871.572062867264, 44, -1.0
35878.207629347424, 35, 1.0
35882.78955542739, 152, -1.0
35883.41087272034, 152, 1.0
35884.97048684313, 101, 1.0
35886.11539715274, 101, 1.0
35886.3077625732, 75, 1.0
35892.58955898159, 75, 1.0
35897.32957389722, 44, -1.0
35900.09655624761, 152, -1.0
35906.230933176186, 101, 1.0
35907.69242621434, 101, 1.0
35909.17584717363, 101, 1.0
35911.35946858335, 154, 1.0
35912.044229193816, 103, -1.0
35917.38736824674, 101, 1.0
35919.1229408969, 152, -1.0
35920.156991549724, 35, 1.0
35925.571518865014, 35, -1.0
35926.13675885449, 35, -1.0
35944.195603667074, 75, 1.0
35958.09663119226, 35, -1.0
35958.9711982726, 154, -1.0
35965.51042208541, 152, -1.0
35968.54355977915, 154, -1.0
35969.642694893984, 101, -1.0
35984.934158360724, 103, 1.0
