21616.37397091947, 154, -1.0
21621.310795590587, 152, 1.0
21632.742531558262, 35, -1.0
21641.153096391125, 101, 1.0
21641.65936414626, 35, -1.0
21655.66810536281, 35, 1.0
21658.356240956833, 35, 1.0
21665.00347529586, 152, 1.0
21665.058687413017, 148, -1.0
21665.639894612767, 152, 1.0
21667.898297504424, 152, 1.0
21669.740673846398, 35, -1.0
21674.20382751254, 148, -1.0
21684.61447097593, 75, 1.0
21686.93256116878, 35, 1.0
21690.411311268188, 101, 1.0
21693.26785208306, 148, -1.0
21701.291461393965, 75, 1.0
21707.128433516446, 101, 1.0
21710.173569070223, 75, 1.0
21711.293167009746, 152, -1.0
21713.12778877576, 101, -1.0
21715.63309018449, 75, 1.0
21717.58938664526, 152, -1.0
21727.588598379294, 152, -1.0
21734.384474074257, 152, 1.0
21745.096130202972, 75, 1.0
21755.12508643914, 101, 1.0
21756.523230979783, 101, -1.0
21760.97694631324, 101, 1.0
21762.293179767425, 154, 1.0
21777.19649763388, 152, -1.0
21785.214338494912, 44, 1.0
21785.367331382353, 101, -1.0
21787.13206868688, 35, -1.0
21789.715811722468, 75, -1.0
21795.452487953797, 152, -1.0
21808.425534981965, 101, -1.0
21812.897061261847, 152, -1.0
21816.038130629928, 152, -1.0
21821.391022405107, 101, 1.0
21823.557708830383, 152, -1.0
21830.684540985418, 152, -1.0
21830.720173682304, 152, -1.0
21836.4746976169, 35, -1.0
21839.019494896584, 35, -1.0
21839.747507875687, 152, 1.0
21853.110040764383, 101, -1.0
21853.745654692495, 44, 1.0
21862.51736616213, 35, 1.0
21878.020595682945, 35, -1.0
21903.704579406785, 101, -1.0
21908.04499520823, 101, 1.0
21915.827118722762, 35, -1.0
21917.826892374866, 75, 1.0
21918.13391051513, 75, 1.0
21920.06911946708, 148, 1.0
21930.743295627646, 101, -1.0
21930.794814401925, 148, -1.0
21940.838881443913, 35, -1.0
21946.316109443705, 148, -1.0
21946.960061771435, 101, 1.0
21952.94434774183, 35, -1.0
21973.385346389416, 152, -1.0
21984.48745157759, 148, -1.0
21990.47399956883, 35, -1.0
21992.57366755979, 35, 1.0
21994.115513184952, 148, -1.0
22003.600994717635, 75, 1.0
22006.76933223649, 154, -1.0
22013.817964999136, 148, -1.0
22015.097581398197, 75, -1.0
22019.79709171876, 44, 1.0
22020.496262925437, 148, 1.0
22025.896311489374, 35, -1.0
22028.40460977591, 75, -1.0
22049.530209719152, 75, 1.0
22051.709100509324, 152, -1.0
22059.513947923464, 152, -1.0
22073.79365938238, 101, 1.0
22075.006476342467, 148, 1.0
22084.578056417886, 101, -1.0
22085.802684860402, 75, 1.0
22093.324584098955, 75, 1.0
22098.538084814372, 148, -1.0
22107.994851617426, 44, -1.0
22108.130486518923, 148, -1.0
22109.192206262203, 154, 1.0
22113.742563763495, 35, -1.0
22114.15917255444, 154, 1.0
22118.17380020479, 154, 1.0
22118.44024854598, 35, 1.0
22122.419330165983, 101, 1.0
22131.268479043087, 75, -1.0
22132.608689128614, 101, 1.0
22152.889333412968, 154, -1.0
22162.38257976994, 35, -1.0
22162.50753247615, 75, 1.0
22164.295266388683, 152, -1.0
22172.674039886027, 75, 1.0
22182.301860889904, 148, -1.0
22187.733171397045, 152, -1.0
22188.971794674406, 154, -1.0
22197.548879026308, 35, -1.0
22199.56703476989, 154, 1.0
22201.039137137563, 154, 1.0
22221.256914293223, 152, -1.0
22228.43136921147, 75, 1.0
22228.826131449503, 148, 1.0
22230.74015405111, 148, -1.0
22235.65523376769, 148, -1.0
22242.2219994564, 152, -1.0
22249.58357261714, 44, -1.0
22251.099544921464, 35, 1.0
22252.221204110676, 35, 1.0
22264.277904829873, 148, -1.0
22268.897607796338, 152, -1.0
22277.760548311104, 148, -1.0
22286.498812488087, 35, -1.0
22288.733074679207, 152, 1.0
22289.568441748055, 35, 1.0
22289.791685926095, 148, -1.0
22303.54822809021, 152, 1.0
22304.164190595937, 35, 1.0
22307.255015507097, 35, -1.0
22308.241304260402, 148, -1.0
22325.92418113419, 152, -1.0
22327.462538821816, 101, 1.0
22328.193336335557, 35, -1.0
22332.231809706424, 148, 1.0
22333.468923420012, 75, 1.0
22333.879419215435, 44, 1.0
22336.867503389138, 35, -1.0
22342.029288251742, 35, 1.0
22343.179628254056, 35, 1.0
22353.895761183136, 148, -1.0
22358.211882209493, 154, -1.0
22359.07628482322, 75, 1.0
22365.200424255574, 35, 1.0
22370.423246369137, 148, -1.0
22374.199431001838, 154, -1.0
22389.267782743213, 152, -1.0
22405.322253017355, 148, -1.0
22408.39496729001, 103, -1.0
22416.8317549681, 75, 1.0
22424.337940368616, 148, -1.0
22427.494943698053, 75, 1.0
22453.554706760377, 103, -1.0
22460.65526041125, 101, -1.0
22465.93866687342, 154, -1.0
22466.771242059647, 101, -1.0
22473.10821027571, 44, -1.0
22497.475602493785, 148, -1.0
22509.43923923567, 101, -1.0
22515.21857891046, 35, 1.0
22518.678501455688, 35, -1.0
22521.905522420693, 75, 1.0
22523.534693973696, 101, -1.0
22527.947463976736, 35, -1.0
22527.986219670987, 101, -1.0
22531.02795993419, 148, -1.0
22537.401548947226, 75, 1.0
22541.155735360273, 148, -1.0
22550.575865579212, 101, 1.0
22558.079650187683, 75, 1.0
22562.209101351535, 152, -1.0
22567.244330221853, 154, -1.0
22570.37007817936, 75, -1.0
22571.938415968514, 101, -1.0
22575.759390342497, 75, 1.0
22578.006648390696, 75, 1.0
22581.76224487314, 101, -1.0
22593.132238748207, 75, 1.0
22600.31896533375, 75, 1.0
22602.356579489482, 44, -1.0
22605.510465526284, 44, -1.0
22612.273817309862, 152, 1.0
22614.762942811336, 154, -1.0
22618.534004736204, 44, -1.0
22646.82982057955, 154, 1.0
22647.035278214367, 75, 1.0
22647.979129120453, 148, -1.0
22648.103359087796, 75, 1.0
22651.36148541191, 101, 1.0
22659.754625201444, 75, -1.0
22659.914227854417, 152, 1.0
22665.468937231937, 152, -1.0
22667.968640045176, 148, -1.0
22678.06508118009, 101, 1.0
22685.225901484766, 35, -1.0
22685.36628940041, 75, -1.0
22689.405803971094, 35, -1.0
22699.337256386912, 101, -1.0
22708.29818724417, 35, -1.0
22710.481489416004, 35, -1.0
22714.03723282679, 148, -1.0
22721.978880909006, 75, 1.0
22723.002608453713, 154, 1.0
22725.25863368582, 152, 1.0
22739.64894563108, 35, 1.0
22747.768400920188, 101, 1.0
22752.782855541343, 75, 1.0
22768.853678209474, 148, -1.0
22774.163337756476, 101, -1.0
22784.811557891448, 152, -1.0
22786.793084143486, 44, 1.0
22787.329684921995, 152, -1.0
22789.993630394536, 152, -1.0
22794.997352515325, 103, -1.0
22795.082178118726, 148, 1.0
22797.26150339724, 152, 1.0
22797.28164838511, 148, -1.0
22798.98503259719, 75, 1.0
22806.360509512673, 35, -1.0
22816.018245260875, 154, -1.0
22816.19538640818, 35, 1.0
22821.501477365688, 148, -1.0
22831.23419808675, 154, 1.0
22835.486627724815, 103, -1.0
22846.50440310919, 75, 1.0
22847.567554870835, 148, -1.0
22849.404199207387, 35, -1.0
22850.0588050418, 103, -1.0
22853.0309490846, 44, -1.0
22862.274148174896, 152, -1.0
22872.22401675586, 154, -1.0
22874.300883483393, 75, 1.0
22887.53431334484, 148, -1.0
22895.607201023387, 75, 1.0
22899.443766573782, 148, -1.0
22901.594416766708, 152, -1.0
22903.50245594974, 75, 1.0
22917.70098993347, 148, -1.0
22925.172193936272, 101, -1.0
22925.625597251525, 75, 1.0
22935.85593643566, 75, 1.0
22945.38951287322, 75, 1.0
22946.48852103884, 35, 1.0
22947.121906698005, 154, -1.0
22957.99428457254, 152, -1.0
22963.566393888454, 152, 1.0
22969.076547969355, 154, -1.0
22977.916405203217, 75, -1.0
22984.430553304242, 75, -1.0
22987.041191130396, 101, -1.0
22993.75789822342, 75, -1.0
22996.438664045385, 75, -1.0
22998.980058143377, 101, -1.0
23004.313106327954, 44, 1.0
23017.187114166594, 152, -1.0
23017.503772188706, 75, 1.0
23022.293053699235, 75, 1.0
23023.183756151986, 101, 1.0
23027.913807338984, 101, -1.0
23030.582875689037, 148, -1.0
23035.467767520837, 152, -1.0
23050.745915324547, 35, 1.0
23052.298064002905, 101, -1.0
23074.903070396922, 75, -1.0
23075.083630261615, 152, 1.0
23076.448479336515, 75, 1.0
23078.820668599725, 148, -1.0
23081.215263955757, 101, -1.0
23082.261329861583, 154, 1.0
23086.407901710092, 152, -1.0
23092.293117730573, 148, -1.0
23112.739508157858, 35, 1.0
23114.426328695183, 75, 1.0
23115.211991204735, 35, -1.0
23115.80289015931, 152, 1.0
23128.472775054197, 35, -1.0
23129.656151589435, 75, 1.0
23132.704914755483, 101, 1.0
23141.06458320038, 35, -1.0
23142.349931512912, 35, -1.0
23144.87100515155, 75, 1.0
23146.769429727374, 101, -1.0
23152.316562614895, 154, 1.0
23163.116983612315, 152, 1.0
23164.522541360708, 35, 1.0
23169.46728025693, 75, 1.0
23174.275360530308, 152, -1.0
23177.586915927524, 152, -1.0
23184.047117682225, 44, -1.0
23185.490404787863, 148, -1.0
23189.347504259975, 152, -1.0
23192.10024715496, 101, -1.0
23193.93289281158, 148, -1.0
23198.99047255238, 35, 1.0
23217.299230101733, 75, 1.0
23217.358728368315, 154, 1.0
23224.466280243567, 101, -1.0
23226.09379962714, 101, 1.0
23234.132847988425, 101, 1.0
23238.3046651434, 154, -1.0
23242.691043792078, 35, -1.0
23244.787549723624, 75, 1.0
23245.67295846661, 101, -1.0
23245.689239592655, 148, -1.0
23246.948957525194, 101, 1.0
23251.122164522836, 152, -1.0
23253.620696576047, 75, -1.0
23254.112051675605, 101, 1.0
23258.31594617066, 44, -1.0
23264.243251321426, 152, -1.0
23291.374303585177, 148, -1.0
23300.986904390997, 103, -1.0
23301.136160114558, 75, 1.0
23310.68929370854, 75, -1.0
23321.983326402787, 75, 1.0
23323.048278353333, 101, -1.0
23327.29483160585, 152, -1.0
23341.691043711762, 148, -1.0
23343.125955139873, 75, 1.0
23356.729621333332, 148, -1.0
23362.94484917829, 101, 1.0
23366.80316537595, 75, 1.0
23368.411156834263, 152, 1.0
23368.758450273417, 154, 1.0
23368.851840761567, 75, -1.0
23379.719543019302, 101, 1.0
23399.57545832158, 35, -1.0
23403.14993628663, 35, -1.0
23408.131428612855, 35, 1.0
23412.241640624467, 152, -1.0
23413.278788989344, 75, -1.0
23419.38288069082, 35, -1.0
23422.376506587785, 35, 1.0
23422.525887630203, 75, 1.0
23430.5669759327, 152, -1.0
23437.251598884646, 148, -1.0
23438.819280461765, 148, -1.0
23447.597094406712, 148, -1.0
23456.877007196425, 35, 1.0
23466.8062712205, 101, 1.0
23468.913310640604, 101, 1.0
23475.478800621502, 101, -1.0
23483.893805756434, 154, -1.0
23489.1409306989, 35, -1.0
23489.173644885814, 152, -1.0
23490.446502843326, 35, 1.0
23510.586246341983, 75, 1.0
23512.26590910637, 101, -1.0
23513.316728208458, 148, -1.0
23532.60170345689, 154, -1.0
23536.685564498013, 75, 1.0
23540.53022428338, 103, -1.0
23543.2495277169, 148, -1.0
23544.488044995338, 154, -1.0
23556.834086328796, 35, 1.0
23557.675868325216, 35, 1.0
23558.92073915295, 75, 1.0
23561.27532170659, 148, -1.0
23563.946651439317, 101, -1.0
23564.10636842499, 152, -1.0
23564.92439875119, 154, 1.0
23565.041240845574, 101, 1.0
23567.3409240139, 101, -1.0
23570.53916336203, 44, -1.0
23572.471708076642, 75, -1.0
23575.161628513226, 101, 1.0
23589.857710563865, 35, -1.0
23590.130959894457, 75, -1.0
23601.59395755428, 35, -1.0
23603.141855372327, 152, -1.0
23606.978949474866, 152, -1.0
23613.210838691743, 148, -1.0
23631.687442569633, 101, 1.0
23634.857390593963, 35, 1.0
23634.976328184268, 35, -1.0
23635.17916159906, 75, 1.0
23643.04661218871, 148, -1.0
23645.817736669516, 75, 1.0
23647.348525305802, 152, -1.0
23650.51746113076, 152, -1.0
23656.054780778548, 35, 1.0
23659.64506539564, 75, 1.0
23659.894239184785, 75, 1.0
23678.85944953676, 35, 1.0
23685.773746549505, 154, 1.0
23696.035437273855, 75, 1.0
23699.7381866207, 75, 1.0
23705.683894556183, 75, 1.0
23717.504086359422, 101, 1.0
23719.279267610604, 75, 1.0
23732.513687079376, 35, 1.0
23745.67299979812, 152, -1.0
23750.705490903303, 35, 1.0
23760.218789435086, 101, 1.0
23761.819216803226, 148, -1.0
23762.698158719428, 152, 1.0
23768.614259419974, 152, 1.0
23769.261173118684, 101, -1.0
23772.830663175682, 148, -1.0
23781.83440524574, 101, -1.0
23797.60331795732, 152, -1.0
23811.023623533616, 101, 1.0
23818.206479910077, 75, 1.0
23822.679012637487, 148, -1.0
23823.112694180738, 75, 1.0
23834.845713534836, 75, 1.0
23838.228993314195, 75, -1.0
23839.915143817747, 35, -1.0
23842.44601926688, 35, -1.0
23845.83318735271, 152, 1.0
23848.891876783295, 75, 1.0
23851.798353445727, 101, -1.0
23862.748552274752, 75, -1.0
23865.02407059001, 35, -1.0
23866.461402102865, 75, 1.0
23870.540059607796, 152, -1.0
23887.44164865773, 35, -1.0
23889.730554238373, 101, -1.0
23896.372785707325, 152, -1.0
23899.31444625921, 152, -1.0
23904.11616358592, 101, 1.0
23905.2802946552, 101, -1.0
23912.68493944486, 35, -1.0
23931.480102407106, 152, -1.0
23935.688201412977, 101, -1.0
23949.78986563059, 152, -1.0
23954.94009871103, 75, -1.0
23956.830978434944, 101, -1.0
23959.022759931246, 154, -1.0
23960.393948124445, 148, 1.0
23963.03272766494, 35, 1.0
23965.523484878115, 101, -1.0
23968.60122150181, 35, 1.0
23980.185234664674, 75, 1.0
23981.033981996712, 75, 1.0
23981.411054323973, 154, -1.0
23996.687128694928, 35, 1.0
24000.8854593077, 75, -1.0
24001.037596552473, 152, -1.0
24003.516777749788, 148, -1.0
24004.523225239966, 148, -1.0
24006.738610179495, 152, -1.0
24031.432929645423, 35, -1.0
24031.77936443658, 148, -1.0
24035.337626539756, 35, -1.0
24036.024948459006, 35, -1.0
24043.411105482766, 154, 1.0
24051.400826600297, 101, -1.0
24054.187431711256, 35, -1.0
24064.111408778845, 154, 1.0
24064.858042121916, 75, 1.0
24072.93794871494, 35, 1.0
24074.66844417285, 101, 1.0
24076.93544603162, 44, 1.0
24082.163076714816, 35, -1.0
24093.297245904207, 152, 1.0
24095.35769514208, 75, 1.0
24101.029170975078, 152, -1.0
24104.540040510463, 35, 1.0
24109.461010475177, 35, -1.0
24109.47004688033, 44, -1.0
24110.225844306515, 75, -1.0
24111.14133471163, 75, -1.0
24123.426874760495, 35, -1.0
24129.34843599992, 35, -1.0
24131.599636693856, 75, 1.0
24135.700329143157, 152, 1.0
24147.173914658597, 101, 1.0
24159.435301963884, 152, 1.0
24166.62994398884, 35, -1.0
24167.868463097126, 75, 1.0
24169.82985968093, 75, 1.0
24183.706049957236, 148, -1.0
24189.78131785764, 101, -1.0
24192.266499458776, 148, -1.0
24195.243104458437, 75, -1.0
24199.103512854956, 75, -1.0
24203.54375922257, 148, -1.0
24207.796502476984, 75, 1.0
24210.686959424715, 154, -1.0
24218.34725198976, 152, -1.0
24218.924319583533, 148, 1.0
24228.921797229996, 75, 1.0
24230.35918279964, 154, -1.0
24238.77344169817, 154, 1.0
24242.490213898436, 154, -1.0
24245.759590118272, 75, -1.0
24264.61486525263, 75, -1.0
24270.46847556972, 148, -1.0
24277.433174072023, 35, -1.0
24280.911749227, 148, -1.0
24282.166338789026, 75, 1.0
24289.70243145867, 35, -1.0
24290.994795812905, 35, 1.0
24298.558160447206, 148, -1.0
24304.229316081615, 152, -1.0
24306.023902363842, 75, -1.0
24309.602250799137, 101, -1.0
24309.736985173375, 35, 1.0
24315.851414043456, 101, -1.0
24316.35699846189, 75, -1.0
24318.84560280272, 148, -1.0
24331.530737256657, 152, -1.0
24333.10088777932, 148, -1.0
24348.404973251, 35, -1.0
24350.77279917791, 44, 1.0
24362.082726762415, 35, -1.0
24365.393013017583, 152, -1.0
24369.43309894893, 154, -1.0
24374.851001560597, 35, 1.0
24376.271791054074, 154, 1.0
24377.446843559268, 75, -1.0
24388.668485760747, 44, 1.0
24389.153089639065, 148, -1.0
24393.848891010144, 75, 1.0
24394.664362802894, 35, 1.0
24406.720602298796, 35, 1.0
24408.544930197135, 103, -1.0
24412.723753443177, 35, -1.0
24412.85724433833, 35, -1.0
24424.643669739162, 75, 1.0
24457.503052230997, 103, -1.0
24460.266056909877, 101, 1.0
24462.661455236757, 35, 1.0
24467.892665854863, 35, -1.0
24468.334507804313, 148, -1.0
24477.87376304083, 75, -1.0
24480.89702039963, 35, -1.0
24488.463032533586, 75, 1.0
24497.322347740694, 148, -1.0
24499.902673502052, 101, 1.0
24500.8702812601, 148, -1.0
24502.09255774936, 44, -1.0
24507.799862794025, 101, 1.0
24515.297819126576, 148, -1.0
24519.158263525667, 101, 1.0
24528.780115439647, 148, -1.0
24533.624708268446, 101, 1.0
24536.11287330742, 101, -1.0
24536.980711743778, 75, 1.0
24545.666176617084, 152, -1.0
24549.7386850941, 75, 1.0
24551.5300078084, 152, -1.0
24553.129184721238, 35, 1.0
24562.321502773426, 101, -1.0
24562.6707934183, 152, -1.0
24566.7263035911, 148, -1.0
24571.32021531594, 35, -1.0
24586.749765321878, 35, -1.0
24592.768655269312, 152, -1.0
24595.258532071635, 35, -1.0
24595.57228279226, 152, -1.0
24599.13996520559, 35, -1.0
24600.729161420317, 152, -1.0
24612.234084627213, 152, -1.0
24613.971043144214, 35, 1.0
24618.13808549631, 75, -1.0
24634.40072789218, 101, -1.0
24634.931953506202, 75, 1.0
24637.734089939822, 35, -1.0
24644.162650154052, 35, -1.0
24649.19501805635, 75, -1.0
24654.27740985026, 75, 1.0
24659.701477378756, 148, -1.0
24665.055336324764, 75, 1.0
24667.043662749005, 75, 1.0
24672.774074335477, 154, 1.0
24682.248563311114, 75, 1.0
24689.180472707638, 44, -1.0
24693.341105810214, 154, 1.0
24705.01103695888, 35, -1.0
24710.814563512115, 154, -1.0
24711.48354533183, 35, 1.0
24716.870744223477, 35, 1.0
24735.2261905738, 75, -1.0
24744.98287681346, 101, -1.0
24751.76814263156, 152, 1.0
24754.008133038154, 101, -1.0
24761.396348290513, 148, -1.0
24768.56401430325, 148, -1.0
24769.925671148805, 35, -1.0
24775.06771483039, 35, 1.0
24776.236355044526, 152, 1.0
24784.076524261476, 75, 1.0
24786.128408128723, 152, 1.0
24792.381017143558, 148, -1.0
24796.230953103524, 101, 1.0
24802.12665883535, 148, -1.0
24805.77651097522, 148, -1.0
24806.52396713331, 35, -1.0
24807.21593697074, 35, 1.0
24812.88406547038, 148, -1.0
24821.779199216602, 35, 1.0
24824.85238837414, 35, -1.0
24825.148666114368, 35, 1.0
24834.396409331555, 75, -1.0
24837.48461919316, 35, -1.0
24843.391661821788, 148, -1.0
24844.28798555474, 148, -1.0
24863.122411812314, 35, -1.0
24863.929699285993, 154, -1.0
24866.93829545951, 152, -1.0
24867.948274686336, 101, -1.0
24878.386860683782, 35, 1.0
24889.69159436442, 75, -1.0
24901.330841285882, 101, 1.0
24908.340555798728, 148, -1.0
24910.246923812618, 152, -1.0
24914.20378714126, 152, 1.0
24914.334256759255, 75, -1.0
24916.9876083289, 35, 1.0
24920.82816190595, 35, -1.0
24942.927048265705, 35, 1.0
24946.49203731213, 103, -1.0
24958.03124059875, 148, -1.0
24963.53674333048, 152, 1.0
24969.52929095795, 35, -1.0
24972.38543933964, 35, -1.0
24976.992539148578, 148, -1.0
24981.228086550884, 101, -1.0
24987.30854103752, 152, -1.0
24989.079963747616, 35, -1.0
24989.74101622268, 35, -1.0
24990.11579495732, 152, -1.0
24992.410054123342, 75, -1.0
24992.480240907662, 35, -1.0
24995.796430439743, 75, 1.0
25005.63659545274, 152, 1.0
25015.68843053943, 35, -1.0
25018.900618700376, 148, -1.0
25019.152277510435, 154, 1.0
25025.73886523025, 152, 1.0
25033.94890216665, 75, -1.0
25035.0001422513, 101, 1.0
25036.905418187554, 44, -1.0
25040.419669822768, 148, -1.0
25044.429598855986, 101, -1.0
25051.26926925696, 152, -1.0
25053.432265405427, 75, 1.0
25055.860213455886, 148, -1.0
25056.268681692447, 35, 1.0
25063.715321007203, 35, -1.0
25066.110640830928, 152, -1.0
25070.892747127662, 75, -1.0
25074.404301961426, 75, 1.0
25075.75953823127, 101, -1.0
25086.11564600472, 75, 1.0
25088.62448632191, 75, -1.0
25108.28884868644, 152, 1.0
25112.727506500367, 152, 1.0
25112.757645874724, 75, 1.0
25113.52996560381, 152, -1.0
25119.368986716207, 35, -1.0
25126.364088824113, 154, 1.0
25127.632751643763, 35, 1.0
25133.289442714, 35, 1.0
25144.590506484732, 75, 1.0
25145.916979874008, 35, 1.0
25146.122009487804, 154, 1.0
25155.495873675587, 75, -1.0
25156.322470686417, 35, 1.0
25159.300187456152, 75, -1.0
25161.52460881547, 75, -1.0
25164.299556153903, 154, 1.0
25181.072120892364, 101, 1.0
25182.29998847865, 148, -1.0
25183.19495116507, 75, -1.0
25187.73535063595, 75, -1.0
25191.198774348166, 35, 1.0
25193.625741237713, 75, 1.0
25193.802870921914, 103, -1.0
25194.14220722141, 35, -1.0
25198.0063870769, 154, 1.0
25207.164003805414, 44, -1.0
25213.04828104974, 75, 1.0
25218.101409435516, 152, -1.0
25220.679204009557, 152, 1.0
25225.839670826575, 148, -1.0
25227.626865259994, 44, -1.0
25231.543618543103, 101, 1.0
25234.35828972933, 44, -1.0
25236.177609264774, 148, -1.0
25242.86388095649, 101, 1.0
25246.024306589534, 75, -1.0
25247.278418140057, 152, -1.0
25253.855195560256, 152, -1.0
25256.575367806247, 75, 1.0
25258.00805649594, 152, 1.0
25260.954650582593, 75, 1.0
25267.616417486246, 103, 1.0
25313.543654567948, 152, 1.0
25315.384176449377, 103, 1.0
25317.133298574125, 152, -1.0
25324.30418438308, 75, 1.0
25325.045085758346, 75, 1.0
25326.768414055943, 152, 1.0
25331.103606019587, 101, 1.0
25333.137874721826, 44, -1.0
25338.39765148016, 35, -1.0
25339.74837861282, 75, 1.0
25340.400514265246, 152, 1.0
25343.683645211837, 101, -1.0
25346.37886176857, 101, 1.0
25346.743793663165, 154, 1.0
25358.411401635614, 44, -1.0
25367.0442452228, 154, -1.0
25379.647023082023, 101, 1.0
25386.548014475055, 152, 1.0
25406.72761829823, 148, -1.0
25414.134175453662, 101, 1.0
25421.209988538132, 75, 1.0
25422.375555064864, 35, 1.0
25422.91991806643, 101, 1.0
25425.804024973448, 75, 1.0
25436.010165965406, 101, -1.0
25440.886494369555, 101, -1.0
25446.308969993665, 75, 1.0
25463.907446274716, 35, -1.0
25468.588590884265, 35, 1.0
25474.07111158827, 75, 1.0
25474.251901991534, 35, -1.0
25476.924010031416, 75, 1.0
25480.9891110651, 103, 1.0
25491.82176979807, 44, -1.0
25494.410918932204, 44, -1.0
25509.724640700828, 103, 1.0
25515.860545921514, 75, 1.0
25523.581482233738, 75, -1.0
25524.444461320676, 75, 1.0
25524.607518046032, 44, -1.0
25525.341768047027, 154, 1.0
25533.511892814975, 152, -1.0
25538.056398580033, 75, -1.0
25542.881872620408, 35, -1.0
25557.63918829108, 101, 1.0
25559.82817578729, 152, 1.0
25561.34552627181, 152, 1.0
25572.006506567766, 152, -1.0
25573.174837360788, 103, 1.0
25575.43647910652, 75, 1.0
25579.54382666849, 75, 1.0
25582.372706597787, 75, 1.0
25588.824694389434, 35, -1.0
25596.054374730815, 44, 1.0
25599.725885275868, 35, -1.0
25602.271931027088, 44, 1.0
25618.963218907422, 101, -1.0
25631.43527823145, 154, 1.0
25636.227305087665, 101, 1.0
25637.114436106396, 101, -1.0
25644.48608704379, 35, -1.0
25647.41340041514, 44, -1.0
25656.01756182522, 154, 1.0
25667.637136382597, 101, -1.0
25669.55567645935, 152, -1.0
25670.74323908846, 101, -1.0
25671.096909958378, 44, 1.0
25672.584618678502, 152, -1.0
25675.097173680468, 101, 1.0
25697.630088165155, 44, -1.0
25697.803361945967, 154, 1.0
25714.17787381233, 101, 1.0
25721.486549898378, 35, 1.0
25725.387893440922, 75, 1.0
25734.29570341805, 152, -1.0
25745.43627797127, 35, 1.0
25745.76588781018, 35, 1.0
25748.419481676814, 152, 1.0
25752.776531970227, 44, -1.0
25758.43708644217, 154, -1.0
25758.69538064468, 148, 1.0
25769.730783937062, 154, 1.0
25770.141714442554, 154, 1.0
25778.5248126473, 44, -1.0
25780.519949907124, 152, 1.0
25789.123785432665, 75, 1.0
25800.947429834745, 103, 1.0
25812.43863436926, 154, 1.0
25817.11740267863, 75, 1.0
25830.46359106543, 44, -1.0
25833.710695825554, 154, 1.0
25851.091865252245, 152, -1.0
25851.213135341633, 101, 1.0
25856.831175456224, 35, 1.0
25871.238709596513, 103, 1.0
25874.007682047893, 75, 1.0
25875.851829883508, 152, -1.0
25878.101255955124, 152, 1.0
25883.77466962127, 103, 1.0
25889.35604606741, 75, 1.0
25893.378933058535, 101, 1.0
25897.743592973562, 152, -1.0
25901.427232597533, 75, -1.0
25902.126674825307, 101, 1.0
25903.386895562682, 75, 1.0
25912.533651281366, 75, 1.0
25913.512196826123, 75, 1.0
25916.027390767336, 75, 1.0
25925.736363784537, 152, -1.0
25927.18491720085, 44, -1.0
25927.903212154375, 44, -1.0
25932.527699969574, 154, 1.0
25932.762514371418, 44, -1.0
25946.602742331524, 44, -1.0
25952.96167129166, 152, -1.0
25959.112253749612, 75, 1.0
25960.61120661932, 44, -1.0
25962.922724071723, 101, 1.0
25979.514934384657, 101, -1.0
25982.16440289612, 154, 1.0
25983.482022049255, 154, -1.0
25986.075686547083, 44, -1.0
25989.966451124645, 101, 1.0
25998.965722899247, 44, -1.0
26006.076194773057, 75, 1.0
26015.116679821775, 152, -1.0
26019.99830318486, 75, -1.0
26032.11158842048, 75, 1.0
26035.78586693931, 35, -1.0
26045.310508573933, 101, -1.0
26052.51080143776, 154, 1.0
26052.84475142884, 75, 1.0
26056.123426004135, 35, 1.0
26056.340790635753, 75, -1.0
26058.860121240166, 154, 1.0
26062.009838338337, 44, -1.0
26063.250987546002, 75, 1.0
26068.665542583258, 154, 1.0
26070.313398165414, 75, 1.0
26073.42361838316, 35, -1.0
26074.924527199728, 101, 1.0
26075.6645025122, 44, -1.0
26088.732308723414, 154, 1.0
26089.250235646345, 103, -1.0
26098.490031730475, 44, -1.0
26100.44169818225, 101, 1.0
26106.24577398515, 154, 1.0
26108.43523116956, 44, -1.0
26110.96013605416, 75, 1.0
26112.411692101155, 35, -1.0
26120.18125460194, 44, -1.0
26121.51620724831, 35, 1.0
26126.1616221967, 44, -1.0
26134.141577797658, 75, 1.0
26136.734668142486, 75, 1.0
26143.86450922675, 101, -1.0
26148.793860182435, 152, -1.0
26150.005327235525, 44, -1.0
26150.033497472676, 44, -1.0
26153.42569298932, 35, 1.0
26163.285838580952, 75, 1.0
26185.190958303236, 75, 1.0
26189.05854065925, 148, 1.0
26191.326300110362, 101, -1.0
26202.942544656293, 44, -1.0
26206.679227650195, 44, 1.0
26210.697647812347, 152, -1.0
26214.88375891771, 44, -1.0
26217.789606319817, 101, 1.0
26218.72336120437, 35, 1.0
26218.99043255864, 101, -1.0
26219.00585848628, 152, -1.0
26225.447238826804, 101, -1.0
26227.23648996473, 44, -1.0
26228.67938055468, 35, -1.0
26231.06337226877, 152, 1.0
26240.385122115236, 35, 1.0
26241.312783667545, 35, 1.0
26250.91684163672, 44, -1.0
26261.333113063843, 154, 1.0
26273.841619911742, 101, -1.0
26277.168578083867, 152, -1.0
26286.18592166441, 75, 1.0
26286.211075521653, 154, -1.0
26288.39696027393, 75, -1.0
26293.084364585433, 75, 1.0
26301.038030887838, 75, 1.0
26302.156813270878, 35, -1.0
26304.678523379454, 101, -1.0
26307.77673432802, 101, 1.0
26310.500212308543, 44, -1.0
26320.39444303195, 75, 1.0
26323.80563424642, 152, -1.0
26333.472766029212, 35, 1.0
26335.05668634323, 103, 1.0
26336.280366294042, 35, -1.0
26339.759258629812, 35, 1.0
26340.421467941505, 75, 1.0
26341.13688324255, 152, 1.0
26345.70763106184, 152, -1.0
26350.384289531685, 75, 1.0
26351.036339225262, 152, -1.0
26354.29241876917, 101, -1.0
26355.688129641, 35, -1.0
26360.14847884496, 35, -1.0
26361.424305479617, 44, -1.0
26366.299025172295, 75, 1.0
26372.300386644685, 44, -1.0
26389.357119730863, 44, -1.0
26392.21807603363, 44, -1.0
26402.88737563426, 44, -1.0
26408.277000848262, 152, 1.0
26412.144840758352, 35, 1.0
26417.72737624389, 152, 1.0
26421.218500470182, 44, 1.0
26427.247237588002, 152, -1.0
26428.68885166509, 35, 1.0
26430.73083238575, 101, -1.0
26435.666032011686, 154, 1.0
26451.32219498176, 103, -1.0
26457.173862347427, 44, -1.0
26462.174835594204, 75, 1.0
26465.15276661906, 75, 1.0
26481.997054040054, 44, 1.0
26482.0740673783, 152, -1.0
26489.527839191804, 152, -1.0
26496.009688419712, 152, -1.0
26503.07780498149, 154, 1.0
26508.25718711565, 103, 1.0
26510.349871397113, 44, 1.0
26510.493663343554, 152, 1.0
26516.31260910013, 75, 1.0
26528.65365989504, 75, 1.0
26532.638880711398, 103, 1.0
26532.887677863127, 101, -1.0
26543.68686160326, 75, 1.0
26544.62569514911, 44, -1.0
26556.61627204518, 101, -1.0
26557.47580538309, 35, -1.0
26560.59010581689, 75, 1.0
26561.64488501469, 101, 1.0
26565.77950468381, 101, 1.0
26566.252836004012, 101, 1.0
26596.589328371258, 154, 1.0
26607.551615819255, 103, 1.0
26611.029193560484, 75, -1.0
26615.6855798103, 35, -1.0
26616.244406964448, 75, -1.0
26629.285439600466, 148, -1.0
26641.530370014178, 35, -1.0
26644.945970923523, 103, -1.0
26657.03902552562, 44, -1.0
26663.04095559742, 152, -1.0
26664.538945743232, 75, 1.0
26668.931091668088, 103, 1.0
26675.263584004235, 75, 1.0
26703.474717627214, 44, -1.0
26706.751882967965, 35, -1.0
26707.708628170414, 75, 1.0
26722.288598074563, 44, -1.0
26723.260630288543, 101, 1.0
26729.429828568453, 75, 1.0
26732.124063547337, 152, -1.0
26733.52852726856, 44, -1.0
26745.190797029933, 75, 1.0
26747.37687712496, 154, 1.0
26751.031098830947, 35, -1.0
26757.00847620096, 44, -1.0
26757.43686820642, 154, 1.0
26760.341957184708, 75, 1.0
26761.195354099866, 35, 1.0
26763.60749783013, 75, 1.0
26767.65619047438, 152, -1.0
26774.514235226732, 75, 1.0
26785.090090226036, 103, -1.0
26785.31051857818, 101, 1.0
26787.43169014275, 103, 1.0
26792.619592790074, 35, -1.0
26804.88289733055, 154, 1.0
26805.83321493877, 35, 1.0
26808.794114325807, 35, -1.0
26814.363823856616, 44, -1.0
26815.813838148606, 101, 1.0
26822.79591825914, 101, 1.0
26826.875609070572, 103, 1.0
26828.99358794487, 103, 1.0
26829.267499157522, 75, 1.0
26831.1372605521, 75, 1.0
26832.91402508476, 101, -1.0
26834.29316901482, 44, -1.0
26835.805274120157, 154, 1.0
26851.176999406947, 44, -1.0
26852.380521577863, 152, -1.0
26853.06246759653, 75, 1.0
26864.890015125224, 75, 1.0
26878.450747341958, 44, -1.0
26879.64377533137, 152, 1.0
26880.87600645929, 44, 1.0
26883.444744437158, 154, 1.0
26884.277628854237, 101, -1.0
26889.30608947441, 101, 1.0
26892.633615248156, 75, 1.0
26909.401283030333, 152, -1.0
26918.141326162517, 148, -1.0
26920.569974837483, 152, -1.0
26922.557150809702, 152, -1.0
26924.55962338169, 154, 1.0
26924.862052351666, 101, -1.0
26926.86047478099, 148, -1.0
26935.62367156291, 152, -1.0
26935.812370409552, 101, 1.0
26936.002572205478, 44, -1.0
26941.349735037747, 75, 1.0
26959.408188146477, 44, -1.0
26962.720646655816, 44, -1.0
26966.740518326922, 101, -1.0
26967.517214179104, 152, 1.0
26975.195864973077, 103, 1.0
26977.88638955484, 148, -1.0
26979.269916693982, 44, -1.0
26988.535804114203, 75, 1.0
26988.596653496268, 103, 1.0
26991.881359713054, 35, -1.0
26995.45349742856, 75, 1.0
26996.678077471282, 35, -1.0
27008.488471724497, 75, 1.0
27016.89004351263, 35, 1.0
27025.57585950605, 101, -1.0
27027.333598755475, 75, 1.0
27046.003322156215, 152, 1.0
27046.246379105214, 44, -1.0
27047.5269814573, 44, -1.0
27067.718886655435, 154, 1.0
27076.92500253808, 44, 1.0
27082.26179405819, 101, 1.0
27083.652488121366, 101, -1.0
27085.35944731096, 75, 1.0
27094.32897793631, 75, 1.0
27095.114072645483, 101, 1.0
27095.220259765763, 44, -1.0
27095.743571536124, 152, 1.0
27098.276504694033, 154, 1.0
27106.40400559581, 154, -1.0
27109.90018696902, 152, -1.0
27110.340149974985, 44, -1.0
27113.143527219898, 35, -1.0
27121.544745898274, 152, -1.0
27145.1757415626, 103, 1.0
27149.343399901445, 152, -1.0
27159.86820901346, 101, 1.0
27161.8734073022, 103, 1.0
27166.41980526111, 101, -1.0
27166.448476163612, 152, 1.0
27180.483096158372, 101, 1.0
27186.23678867053, 75, 1.0
27194.97171298332, 152, -1.0
27202.663029509717, 35, 1.0
27205.254931496755, 152, -1.0
27207.30704247817, 152, -1.0
27210.173002071475, 44, -1.0
27215.087720291325, 75, -1.0
27216.520895496717, 152, -1.0
27220.546466351076, 154, 1.0
27227.181261570095, 44, 1.0
27233.29488144978, 75, 1.0
27233.385362489593, 101, 1.0
27234.00209457917, 101, 1.0
27245.12870351785, 103, -1.0
27245.856860032873, 35, -1.0
27249.09772591222, 75, -1.0
27261.052325964152, 35, 1.0
27261.303715514543, 103, 1.0
27261.633052630103, 103, 1.0
27261.83133310542, 75, 1.0
27262.16387006036, 44, -1.0
27263.71299135956, 152, -1.0
27270.730291090276, 35, 1.0
27277.675707440492, 101, 1.0
27277.757282960556, 75, 1.0
27282.156789885936, 35, 1.0
27283.913773452194, 75, 1.0
27286.534310494997, 101, -1.0
27286.58149025115, 44, -1.0
27287.30045489174, 101, 1.0
27288.764715477053, 35, -1.0
27293.282271681783, 75, -1.0
27295.642267758576, 101, -1.0
27301.3777167393, 75, 1.0
27312.703748161228, 75, 1.0
27323.77984007473, 152, -1.0
27331.098475512223, 152, 1.0
27340.2176506451, 152, -1.0
27345.226913647362, 44, 1.0
27349.78753899763, 44, -1.0
27349.855507696084, 152, -1.0
27355.438555705157, 101, 1.0
27356.586865309102, 152, -1.0
27365.3736073176, 44, -1.0
27372.297827924816, 152, -1.0
27374.7525039943, 148, 1.0
27377.949052566295, 75, 1.0
27381.02835921166, 101, 1.0
27383.31759383188, 35, -1.0
27383.854444876426, 152, 1.0
27384.51921784391, 35, 1.0
27387.446391591333, 152, 1.0
27396.647850157173, 44, -1.0
27405.488183538982, 35, 1.0
27409.128004032493, 75, 1.0
27421.688458342138, 152, -1.0
27422.629524469445, 103, 1.0
27423.91320823303, 103, 1.0
27434.09156301631, 75, -1.0
27435.76106174212, 101, 1.0
27443.14184283876, 103, -1.0
27453.157414366364, 44, -1.0
27462.408561525917, 44, -1.0
27468.422787899468, 44, -1.0
27470.315980432722, 75, 1.0
27471.85416089791, 75, -1.0
27472.140654279036, 35, 1.0
27474.21501938529, 44, -1.0
27476.28131139967, 35, 1.0
27476.70248254137, 101, -1.0
27478.66881160216, 44, -1.0
27482.836715396163, 75, 1.0
27490.639014733515, 44, -1.0
27494.188367217535, 152, 1.0
27494.90366723679, 101, 1.0
27509.642709647032, 35, -1.0
27511.057425013183, 75, 1.0
27516.930001149998, 154, -1.0
27533.61946704221, 152, -1.0
27544.485322467917, 152, -1.0
27558.79995024826, 101, -1.0
27558.80478772505, 101, -1.0
27567.07841213909, 35, 1.0
27567.634288218906, 75, 1.0
27582.363427922865, 75, 1.0
27583.630918465547, 75, 1.0
27586.155142894982, 75, 1.0
27590.496362705493, 44, -1.0
27595.942152460586, 101, 1.0
27598.82029818537, 154, -1.0
27598.89283928147, 154, 1.0
27604.200671894345, 101, -1.0
27606.049173318126, 75, 1.0
27618.74883842679, 35, -1.0
27620.103310798848, 154, 1.0
27621.293365406666, 75, 1.0
27625.402402791013, 154, 1.0
27626.3555999656, 75, 1.0
27636.981792235725, 148, -1.0
27641.956409784172, 44, -1.0
27642.261472169157, 103, 1.0
27663.982426297145, 75, 1.0
27683.932971107693, 35, -1.0
27690.37983463521, 75, -1.0
27695.973466819578, 44, -1.0
27700.1343837338, 35, -1.0
27705.93062633376, 152, -1.0
27709.180003956782, 152, -1.0
27726.718383501855, 154, -1.0
27730.438011622482, 103, -1.0
27736.84790674851, 44, -1.0
27739.251950743208, 75, 1.0
27739.513936260395, 101, -1.0
27739.81649640852, 75, 1.0
27741.408431134383, 44, -1.0
27744.851882282503, 101, 1.0
27754.026351657732, 75, 1.0
27767.650442832608, 148, 1.0
27771.582936510258, 35, -1.0
27776.262897461038, 152, 1.0
27792.733887125534, 152, -1.0
27795.94842579754, 35, -1.0
27799.4155698433, 103, -1.0
27807.78072734893, 44, -1.0
27808.04686069183, 152, -1.0
27812.606819714692, 103, 1.0
27817.65345643117, 152, -1.0
27820.146323304558, 101, -1.0
27820.551177908543, 154, 1.0
27822.425893638618, 148, -1.0
27822.723068338957, 152, -1.0
27824.959571398955, 35, -1.0
27825.320764889446, 75, 1.0
27826.754046805374, 44, -1.0
27838.79712604753, 154, 1.0
27839.35350389744, 154, -1.0
27841.73936844706, 152, 1.0
27860.425770419097, 148, -1.0
27869.11337434112, 35, -1.0
27874.05949207989, 101, 1.0
27877.883773348098, 44, -1.0
27880.169142920837, 152, 1.0
27891.54499815338, 75, 1.0
27899.27270672532, 101, -1.0
27899.796307530654, 35, -1.0
27900.43035449664, 152, -1.0
27903.14874560957, 152, -1.0
27910.349843357388, 44, -1.0
27911.6942711233, 101, -1.0
27914.99158051592, 152, -1.0
27926.30657460451, 44, -1.0
27938.312133568532, 44, -1.0
27959.778255883622, 35, -1.0
27963.634739575456, 154, -1.0
27973.57572563683, 154, 1.0
27989.065407609207, 152, -1.0
27994.62074232212, 44, -1.0
27996.226961678232, 44, -1.0
27997.973146209322, 44, -1.0
27999.59488549397, 35, 1.0
28009.089290625066, 44, 1.0
28011.2365759206, 35, 1.0
28015.902937257408, 103, 1.0
28037.492112845586, 75, 1.0
28048.900399085556, 75, 1.0
28056.25445563598, 148, -1.0
28057.399548079815, 35, 1.0
28058.750077927165, 103, -1.0
28059.604661034962, 101, 1.0
28063.643386274533, 44, -1.0
28073.59386488704, 154, -1.0
28077.022318817042, 152, -1.0
28077.885044095012, 152, -1.0
28079.443957295316, 101, 1.0
28108.005004288534, 101, -1.0
28132.111343735014, 75, -1.0
28136.254493181248, 148, -1.0
28142.0391402105, 101, 1.0
28144.551971983063, 103, 1.0
28152.25028501389, 152, -1.0
28160.540024392096, 103, 1.0
28163.328937705734, 101, -1.0
28165.050964048238, 75, -1.0
28166.85476396234, 103, 1.0
28175.718581084642, 154, 1.0
28176.918961716383, 75, 1.0
28187.544239761748, 101, -1.0
28191.79138058016, 35, -1.0
28198.168976871744, 44, -1.0
28198.533766493376, 152, 1.0
28198.991432945473, 148, -1.0
28208.958051026395, 75, -1.0
28210.83536098211, 75, -1.0
28218.98543690293, 44, -1.0
28223.691850493942, 35, -1.0
28231.08397071999, 152, -1.0
28232.579999884485, 35, 1.0
28237.584275829995, 35, -1.0
28239.134271356943, 75, -1.0
28240.62540967287, 103, 1.0
28242.065071387595, 154, 1.0
28250.419247042493, 148, -1.0
28251.974615931573, 101, -1.0
28252.00443890295, 75, 1.0
28256.541292465732, 75, -1.0
28258.369494981045, 101, -1.0
28259.296924758346, 154, 1.0
28263.170980308496, 101, -1.0
28267.032376728814, 152, 1.0
28267.632743519825, 75, 1.0
28271.270522249917, 148, -1.0
28277.01066257599, 44, -1.0
28279.645284081194, 35, -1.0
28292.94793467607, 154, 1.0
28293.525456624557, 148, -1.0
28297.29663159015, 35, -1.0
28309.947309755844, 152, -1.0
28322.168147233046, 75, 1.0
28323.723671397758, 35, -1.0
28324.021937042588, 154, 1.0
28329.542421360016, 154, -1.0
28336.934131860726, 103, 1.0
28342.040786555954, 154, 1.0
28351.245774648953, 75, -1.0
28351.738634406254, 101, 1.0
28358.14471288484, 44, -1.0
28358.57872413363, 103, -1.0
28362.588349394173, 44, -1.0
28373.31670057748, 154, 1.0
28377.78180449285, 75, 1.0
28378.845174685426, 103, -1.0
28382.799650198678, 154, 1.0
28386.58720435505, 35, -1.0
28388.313259897317, 75, 1.0
28388.492671813667, 44, -1.0
28389.150983889464, 44, -1.0
28390.359627132428, 35, -1.0
28408.986798525042, 101, -1.0
28415.72627110752, 148, -1.0
28417.4219383214, 103, 1.0
28419.221430988982, 101, 1.0
28430.61987136515, 101, 1.0
28441.347854080977, 75, -1.0
28469.735390972204, 44, 1.0
28480.345358462964, 44, 1.0
28488.628742906047, 152, -1.0
28489.81483165026, 152, -1.0
28512.11211792935, 44, -1.0
28523.895718294792, 103, -1.0
28537.296195080035, 75, -1.0
28557.322314995108, 154, 1.0
28559.371943128936, 103, 1.0
28576.64122959223, 154, 1.0
28577.151367085782, 35, -1.0
28580.518234386196, 44, -1.0
28585.677552804358, 44, -1.0
28590.112073719112, 101, -1.0
28595.59157306481, 35, 1.0
28596.39907760709, 35, 1.0
28608.670149461625, 103, 1.0
28608.97805371863, 35, -1.0
28612.261709815506, 75, 1.0
28620.500947745248, 101, 1.0
28627.203833334817, 103, 1.0
28634.299549954172, 152, -1.0
28646.839196051977, 75, 1.0
28646.91369850758, 75, -1.0
28650.337429418585, 75, 1.0
28659.039875210892, 75, 1.0
28661.488829981725, 35, -1.0
28671.524797871418, 44, -1.0
28672.601818875588, 101, 1.0
28679.52863253102, 35, 1.0
28686.076304234277, 75, 1.0
28705.193503616134, 75, 1.0
28706.758351646797, 75, -1.0
28711.44130110527, 152, -1.0
28714.126180260373, 75, 1.0
28719.026560221013, 75, -1.0
28720.320698472566, 103, 1.0
28721.584867734226, 152, -1.0
28723.521870397966, 101, 1.0
28732.41721770891, 103, 1.0
28742.186896223433, 75, 1.0
28748.81790166688, 152, 1.0
28759.73945755585, 44, -1.0
28761.422947583895, 75, 1.0
28770.142545158884, 152, 1.0
28775.325750008673, 75, -1.0
28779.304449786316, 154, -1.0
28779.96889808326, 44, -1.0
28785.441466949305, 35, -1.0
28786.997699507563, 44, 1.0
28788.811426628075, 75, 1.0
28792.482510527276, 103, 1.0
28795.608520630172, 44, -1.0
28797.978325882163, 152, -1.0
28798.178209122627, 154, 1.0
28806.35611505433, 75, 1.0
28808.456417829868, 152, 1.0
28821.7133683571, 152, 1.0
28824.79844810286, 101, -1.0
28832.822582477696, 152, 1.0
28841.404222198864, 154, 1.0
28841.95245958035, 148, -1.0
28856.091770763433, 148, -1.0
28857.144351729647, 75, 1.0
28861.77147983344, 35, 1.0
28863.7165864856, 154, 1.0
28876.449239394136, 75, -1.0
28881.507827944843, 152, -1.0
28892.07392276699, 35, 1.0
28894.395757184455, 148, -1.0
28899.333815976697, 75, 1.0
28903.46461134533, 152, 1.0
28909.52033933775, 75, 1.0
28910.11376360877, 148, 1.0
28911.24722648339, 103, 1.0
28913.32223646484, 103, -1.0
28929.884967083784, 35, -1.0
28936.023589023065, 35, 1.0
28940.172550766874, 35, -1.0
28949.67097040005, 75, 1.0
28952.967899956253, 75, -1.0
28959.916152354246, 152, -1.0
28970.054146830415, 152, -1.0
28970.746307735786, 154, -1.0
28972.06624055346, 35, -1.0
28974.29915147311, 75, -1.0
28979.758662100212, 103, 1.0
28981.888921408317, 152, 1.0
28984.805620807918, 44, -1.0
28987.311443452316, 103, 1.0
29014.57830647251, 35, 1.0
29029.236904275644, 75, 1.0
29031.180352631127, 148, -1.0
29051.30778112065, 101, -1.0
29060.78582798191, 148, -1.0
29064.464471302817, 35, 1.0
29075.00751960583, 148, -1.0
29075.4735516236, 44, -1.0
29082.493301210267, 154, 1.0
29088.558387299378, 152, 1.0
29091.333563343414, 75, 1.0
29098.93395434396, 152, -1.0
29100.702593026013, 152, 1.0
29109.58444676176, 35, -1.0
29111.155729363734, 152, -1.0
29112.6833728309, 103, 1.0
29124.04332503357, 101, -1.0
29125.503565796986, 44, 1.0
29127.77939712749, 154, 1.0
29140.439654447237, 148, -1.0
29145.921827803453, 103, 1.0
29162.99342384006, 35, -1.0
29165.965418863678, 75, -1.0
29168.750184392622, 75, 1.0
29171.13731502342, 35, -1.0
29181.904543071214, 35, -1.0
29182.213517316854, 154, 1.0
29186.493983999557, 35, 1.0
29189.65352915461, 152, 1.0
29193.62894591616, 103, 1.0
29197.781038859302, 152, -1.0
29201.547295742163, 103, 1.0
29202.600743753123, 75, 1.0
29231.33645833081, 35, 1.0
29232.626063262087, 152, 1.0
29233.592364139506, 103, 1.0
29233.758947746832, 75, -1.0
29258.17726964019, 154, 1.0
29262.21706764668, 35, -1.0
29267.561511158576, 101, -1.0
29273.858183608416, 44, -1.0
29277.3589655742, 35, 1.0
29289.130907867366, 75, 1.0
29292.394207159075, 103, 1.0
29294.889136805297, 148, -1.0
29298.667205919333, 152, -1.0
29300.835528505697, 44, 1.0
29308.679947919274, 44, -1.0
29311.357056018376, 103, 1.0
29312.366143589763, 75, -1.0
29321.321808103123, 35, -1.0
29323.72343933077, 75, -1.0
29325.416957753267, 101, 1.0
29335.43358978508, 75, 1.0
29336.171738886464, 35, 1.0
29341.26718806841, 35, -1.0
29352.48388779481, 75, 1.0
29353.70591439652, 44, -1.0
29355.070879593728, 152, -1.0
29357.880901236585, 101, 1.0
29359.552140797532, 35, 1.0
29375.551634731222, 35, -1.0
29375.845142813585, 101, 1.0
29382.126777509045, 101, -1.0
29383.912645398304, 101, -1.0
29403.970153966417, 35, -1.0
29412.431544390303, 44, -1.0
29423.44648575719, 35, -1.0
29425.163245361957, 148, -1.0
29433.56383558074, 152, -1.0
29446.538986790052, 152, -1.0
29458.343865523755, 152, -1.0
29469.11959915712, 35, 1.0
29477.035242610036, 44, -1.0
29478.266185372497, 154, 1.0
29490.940063013404, 152, -1.0
29491.304085068143, 35, 1.0
29494.99180427975, 103, 1.0
29506.914347034348, 154, 1.0
29508.4342952066, 103, 1.0
29512.77452245346, 35, -1.0
29513.68428621793, 148, -1.0
29518.17141220924, 35, 1.0
29523.571582214354, 103, 1.0
29530.587109345768, 148, -1.0
29533.90601996812, 101, 1.0
29535.074126277996, 152, 1.0
29541.727905761858, 75, 1.0
29543.826214506396, 75, 1.0
29549.655234508096, 101, 1.0
29555.651926644186, 152, -1.0
29573.1103342655, 148, -1.0
29573.410818073957, 75, -1.0
29579.40945046936, 75, -1.0
29583.347400125585, 152, -1.0
29584.730495867458, 152, -1.0
29585.85460072901, 152, -1.0
29598.007011563946, 75, -1.0
29606.82177813931, 35, 1.0
29621.4693517671, 152, -1.0
29630.836671520872, 75, -1.0
29634.493795405066, 103, 1.0
29639.773763208035, 75, 1.0
29654.30709201198, 35, 1.0
29660.439916052514, 103, 1.0
29665.06794662908, 154, 1.0
29667.96020598444, 35, 1.0
29672.965745877747, 154, 1.0
29673.804751476535, 75, -1.0
29674.42352161045, 148, -1.0
29681.60004126476, 35, -1.0
29698.30265204205, 148, -1.0
29700.54193958114, 101, 1.0
29708.92484105848, 152, -1.0
29716.31083289139, 103, -1.0
29719.875945250056, 152, 1.0
29722.825418041695, 101, -1.0
29727.76150829329, 44, 1.0
29736.603172377447, 152, 1.0
29745.43857311532, 75, 1.0
29747.90509019678, 148, -1.0
29750.506640525837, 75, 1.0
29750.9516475394, 103, 1.0
29758.489920346252, 75, -1.0
29765.55766401759, 35, 1.0
29766.38221949449, 101, -1.0
29767.678203223637, 152, 1.0
29770.319973820067, 148, -1.0
29775.94457915931, 148, -1.0
29798.816464717514, 148, -1.0
29803.580975665995, 101, 1.0
29810.159236133717, 103, 1.0
29838.23715740106, 44, -1.0
29842.970401956958, 35, -1.0
29843.45397898836, 148, -1.0
29848.358902578577, 154, 1.0
29850.460241001678, 148, -1.0
29852.62438650205, 35, -1.0
29854.018206540077, 103, 1.0
29855.073102246082, 75, 1.0
29860.915028825937, 35, -1.0
29865.007632367604, 35, 1.0
29871.02778523757, 152, -1.0
29878.544925266327, 148, -1.0
29893.434978860172, 101, 1.0
29905.119293314525, 148, -1.0
29906.344460902885, 44, -1.0
29913.62262734734, 35, 1.0
29915.06466825232, 75, 1.0
29917.492836988768, 103, 1.0
29920.46492827206, 148, -1.0
29923.260039213266, 75, -1.0
29924.359107240158, 44, -1.0
29926.826672627496, 154, 1.0
29928.164680713217, 35, -1.0
29931.956423243042, 154, -1.0
29932.20897492024, 152, 1.0
29935.26610285809, 148, -1.0
29936.998594118486, 148, -1.0
29940.328997232802, 35, 1.0
29953.637030234426, 75, 1.0
29958.563056879742, 103, 1.0
29960.848063578444, 35, -1.0
29961.881087185655, 75, 1.0
29973.969949353766, 152, -1.0
29986.358988224223, 148, -1.0
29988.23557460912, 148, -1.0
30009.83138409612, 152, -1.0
30012.18128433978, 148, -1.0
30015.229651170983, 148, 1.0
30026.016766702476, 103, 1.0
30028.925270071722, 75, -1.0
30052.49611204289, 103, -1.0
30061.103744219905, 35, -1.0
30068.651028412012, 35, 1.0
30073.971974317763, 35, 1.0
30076.595774335936, 152, 1.0
30080.377423855265, 148, 1.0
30087.594834820877, 75, 1.0
30089.122587895992, 35, -1.0
30090.10055611946, 101, -1.0
30090.908657670658, 75, -1.0
30102.494919089608, 152, 1.0
30105.462408359814, 35, 1.0
30107.825830677542, 75, 1.0
30121.108740940796, 103, 1.0
30124.71875681884, 148, -1.0
30145.57403253844, 154, 1.0
30152.01453845581, 75, 1.0
30152.13594532063, 154, 1.0
30152.426554486483, 103, 1.0
30156.062601732778, 103, 1.0
30161.28312486794, 35, 1.0
30174.050366687683, 101, 1.0
30176.59305317479, 154, 1.0
30204.35805006074, 148, -1.0
30211.89027457421, 75, -1.0
30223.144068047586, 35, -1.0
30224.138890818704, 101, 1.0
30234.894902900596, 35, 1.0
30245.412903358527, 35, 1.0
30245.981606893823, 75, 1.0
30256.338637502613, 103, -1.0
30263.454329252156, 152, -1.0
30263.57344058408, 154, -1.0
30268.249312149626, 152, -1.0
30270.547047040858, 148, -1.0
30271.508118115373, 75, -1.0
30291.056498582453, 103, 1.0
30293.284946965396, 103, 1.0
30298.8289656625, 103, 1.0
30300.48339348715, 101, -1.0
30304.67282077505, 75, -1.0
30308.484786945504, 103, 1.0
30311.203480129938, 152, -1.0
30312.73650206879, 154, -1.0
30324.296248347404, 35, -1.0
30324.882467471176, 103, 1.0
30339.647550282636, 152, -1.0
30343.02313491123, 154, 1.0
30351.779247472805, 75, 1.0
30353.832251501666, 103, 1.0
30361.66542461929, 35, -1.0
30366.579650220974, 103, 1.0
30366.988750582634, 35, -1.0
30375.20385150824, 44, -1.0
30383.110929959148, 154, 1.0
30386.057228271246, 75, 1.0
30388.093241181945, 152, -1.0
30388.204460498462, 154, 1.0
30396.612053382632, 75, 1.0
30396.639751006645, 75, 1.0
30415.67640764005, 148, -1.0
30418.14856327162, 35, -1.0
30437.64202655215, 103, -1.0
30453.032167301404, 75, 1.0
30456.805683101666, 44, -1.0
30473.376730124808, 75, 1.0
30475.00896391747, 148, -1.0
30475.166628972678, 148, -1.0
30479.803773244574, 152, -1.0
30489.40418451851, 35, 1.0
30490.47975931385, 154, -1.0
30494.39268824752, 75, -1.0
30498.616105937796, 35, 1.0
30500.025891011977, 154, 1.0
30508.579135877026, 75, 1.0
30513.15639939319, 75, -1.0
30517.021845105963, 44, -1.0
30521.53708304406, 75, 1.0
30526.678449498126, 103, 1.0
30532.755456922678, 35, -1.0
30535.412982802183, 154, 1.0
30536.26469903937, 35, 1.0
30536.458020750717, 75, -1.0
30539.40081759802, 103, -1.0
30540.889331636048, 152, -1.0
30540.910911433697, 154, 1.0
30545.9065204002, 154, 1.0
30552.861908877523, 35, -1.0
30556.388169890426, 44, 1.0
30556.443294590696, 103, 1.0
30557.38367095576, 75, -1.0
30559.21416985334, 103, 1.0
30568.92276635148, 35, 1.0
30577.26901174653, 75, 1.0
30582.022586053365, 44, -1.0
30615.125959832192, 152, -1.0
30617.400806738508, 152, -1.0
30619.80649508791, 101, -1.0
30620.764807051106, 35, 1.0
30627.795871196766, 148, -1.0
30628.62629853581, 103, -1.0
30633.85300130544, 152, -1.0
30639.766387895248, 103, 1.0
30643.79318816595, 101, -1.0
30648.034378067558, 154, 1.0
30660.582574228298, 152, -1.0
30663.20050674472, 75, 1.0
30677.363296562868, 103, 1.0
30684.990531457268, 103, 1.0
30685.28453958028, 148, -1.0
30686.762598777015, 75, -1.0
30693.39845023805, 103, -1.0
30696.162758734325, 75, 1.0
30701.33555189983, 44, -1.0
30706.118043598137, 103, -1.0
30711.04112395289, 35, 1.0
30716.35185829393, 103, 1.0
30717.977015607754, 35, 1.0
30718.543665779478, 103, -1.0
30727.191114712372, 152, 1.0
30747.892508797835, 75, 1.0
30755.20229939284, 75, 1.0
30756.28525942233, 35, 1.0
30771.11040882359, 101, 1.0
30771.388776475975, 75, 1.0
30771.63642460492, 35, -1.0
30781.64046409166, 75, 1.0
30782.692630880407, 75, 1.0
30787.21703090411, 154, -1.0
30795.085061233764, 75, -1.0
30797.181113694525, 148, 1.0
30804.173179876256, 152, -1.0
30833.54071467748, 148, -1.0
30837.512933604907, 152, -1.0
30846.450577814583, 35, 1.0
30848.426263068686, 44, 1.0
30855.216869294185, 103, 1.0
30863.95770798655, 103, 1.0
30867.91789228568, 152, 1.0
30868.55802583083, 152, 1.0
30875.451651519175, 75, 1.0
30888.567693187975, 75, 1.0
30888.94747431619, 35, -1.0
30891.982177251786, 152, -1.0
30901.26088894673, 101, 1.0
30910.93460813444, 75, -1.0
30913.39685288694, 154, 1.0
30920.507929147367, 154, 1.0
30921.15000630049, 35, -1.0
30934.981020608095, 44, -1.0
30935.109640960167, 152, 1.0
30946.183410419657, 103, 1.0
30949.74914444329, 44, -1.0
30966.84504223309, 103, 1.0
30970.02996481603, 103, 1.0
30970.220243938275, 35, -1.0
30973.247148135655, 148, -1.0
30976.396503384145, 75, 1.0
30981.152040660567, 152, 1.0
30985.637977080907, 35, 1.0
30993.754634653218, 75, 1.0
31000.65766483727, 75, 1.0
31001.221102203643, 152, -1.0
31010.671794699712, 44, -1.0
31011.69912989211, 44, 1.0
31022.77036626959, 35, 1.0
31026.56645890371, 154, -1.0
31027.1453669155, 154, 1.0
31033.33930923114, 103, 1.0
31033.39563752074, 103, -1.0
31045.904356047246, 148, -1.0
31050.071674261544, 152, 1.0
31062.43858066007, 103, 1.0
31070.793424194326, 75, -1.0
31078.26612468572, 35, -1.0
31082.77673688097, 152, -1.0
31083.92850595882, 75, -1.0
31090.19378491851, 44, 1.0
31102.524659155035, 75, 1.0
31123.217330577412, 35, -1.0
31125.85924028173, 152, -1.0
31127.9114224008, 148, -1.0
31128.71000057981, 148, -1.0
31142.482936384044, 148, -1.0
31148.38932468435, 101, 1.0
31148.968376047316, 152, 1.0
31156.107535712537, 44, -1.0
31166.8947707386, 75, 1.0
31173.174954473434, 101, 1.0
31173.283664804352, 44, -1.0
31177.82681878572, 154, -1.0
31180.10013260223, 154, 1.0
31183.33887619405, 75, 1.0
31191.30140986805, 75, 1.0
31199.627689079283, 75, -1.0
31199.935533073298, 152, -1.0
31206.321235695395, 148, -1.0
31207.352293654047, 154, 1.0
31210.197395301882, 148, -1.0
31210.340691839723, 75, -1.0
31212.75057143723, 148, -1.0
31215.982017370538, 103, 1.0
31216.7526834121, 75, 1.0
31218.744227788487, 35, -1.0
31218.74424430122, 154, 1.0
31219.07247828765, 35, -1.0
31219.731788175908, 35, -1.0
31219.80588832947, 101, -1.0
31221.485588490745, 154, 1.0
31236.2202976443, 44, -1.0
31236.92591382419, 103, 1.0
31240.849342653826, 148, 1.0
31243.705337075025, 103, 1.0
31248.17279171755, 35, 1.0
31249.091173748406, 152, -1.0
31258.521805918117, 148, -1.0
31259.465926469253, 44, -1.0
31262.4479789937, 103, 1.0
31267.901651517193, 35, -1.0
31274.31777905384, 101, -1.0
31275.469259827732, 75, -1.0
31280.797312648443, 154, 1.0
31283.546730324622, 35, -1.0
31286.19965552098, 75, -1.0
31288.34789793006, 148, -1.0
31295.41607490587, 75, 1.0
31314.254744273163, 148, -1.0
31319.858224219468, 103, 1.0
31323.65092257993, 44, -1.0
31325.682923855933, 75, -1.0
31328.148241053776, 148, -1.0
31331.983788019235, 148, -1.0
31338.31407415319, 44, -1.0
31344.915835150685, 152, -1.0
31347.706427472272, 35, -1.0
31361.460970853226, 75, 1.0
31372.532734660723, 148, -1.0
31389.707227546838, 103, 1.0
31391.958494649003, 103, 1.0
31396.968422357728, 35, 1.0
31413.81678811575, 154, 1.0
31416.948110719582, 75, -1.0
31423.465070687507, 75, 1.0
31440.918807332684, 75, 1.0
31451.58285720318, 152, -1.0
31466.692666195064, 75, -1.0
31468.0693705778, 44, -1.0
31468.691459270227, 152, 1.0
31469.000242667105, 75, 1.0
31472.1801345226, 75, 1.0
31475.8007546813, 154, -1.0
31476.686831315536, 75, -1.0
31488.192034203545, 44, -1.0
31489.11632473947, 75, 1.0
31499.97480793004, 101, -1.0
31503.37324082191, 152, -1.0
31507.705981079966, 154, 1.0
31525.26028824012, 152, -1.0
31534.78649356972, 148, -1.0
31542.21153121559, 103, 1.0
31544.739336659957, 148, -1.0
31547.412829039557, 35, 1.0
31547.537875542836, 152, -1.0
31549.10156182774, 101, -1.0
31563.42971507215, 152, -1.0
31563.68762870188, 148, -1.0
31572.36371270007, 154, 1.0
31575.912032612436, 148, -1.0
31578.353889066784, 152, 1.0
31580.731979066684, 35, -1.0
31588.504476594568, 75, 1.0
31589.868929794844, 154, 1.0
31599.505986846834, 75, 1.0
31607.525699121314, 154, 1.0
31610.96962388653, 103, 1.0
31615.902695559267, 152, -1.0
31617.57389025853, 101, -1.0
31618.702099333183, 35, 1.0
31622.512792900907, 75, -1.0
31627.437683244094, 148, -1.0
31629.13180028598, 35, -1.0
31629.181644653407, 75, 1.0
31630.22993828904, 154, -1.0
31630.311482572793, 154, 1.0
31632.481649419027, 75, -1.0
31633.224354910893, 35, 1.0
31644.11080543385, 103, 1.0
31644.387374585483, 103, 1.0
31645.087582785858, 152, -1.0
31646.419401736053, 148, 1.0
31652.163108519224, 75, 1.0
31655.36811745136, 148, -1.0
31657.503740348602, 148, -1.0
31658.311295702704, 35, 1.0
31659.029251375767, 148, -1.0
31659.275175842624, 35, 1.0
31670.066047207132, 103, 1.0
31671.548279074854, 148, -1.0
31676.98224177068, 35, -1.0
31700.268979602548, 152, 1.0
31713.674477810993, 154, 1.0
31730.29424142198, 148, -1.0
31733.00290254751, 75, -1.0
31734.748581745505, 35, 1.0
31736.18082171007, 75, -1.0
31741.008715262695, 103, -1.0
31748.906319845293, 35, -1.0
31752.491759093286, 103, 1.0
31764.264192212933, 103, 1.0
31774.974669084226, 103, 1.0
31779.795113332475, 103, 1.0
31780.605820708366, 103, 1.0
31782.133375895468, 103, -1.0
31793.12840404904, 103, 1.0
31798.208842399905, 152, 1.0
31808.9301592531, 44, 1.0
31821.904820532603, 35, -1.0
31838.39812501444, 154, 1.0
31843.56449384061, 75, 1.0
31845.057229879567, 103, 1.0
31853.719955733362, 154, -1.0
31877.984954479594, 101, 1.0
31882.684575290095, 44, -1.0
31888.687892496167, 75, -1.0
31889.21103193452, 101, 1.0
31890.748241219782, 103, 1.0
31893.005356444788, 154, 1.0
31902.177114730745, 103, 1.0
31904.59295102525, 103, 1.0
31912.694232342543, 44, -1.0
31919.992269074533, 154, -1.0
31922.292585569016, 152, -1.0
31923.54611092968, 75, -1.0
31933.768279350483, 75, 1.0
31937.864828683665, 154, 1.0
31939.065958802024, 35, -1.0
31944.64343621149, 103, 1.0
31946.98661492773, 101, 1.0
31965.31394238936, 75, 1.0
31968.224292436447, 44, -1.0
31970.440591032075, 101, -1.0
31979.117998554324, 75, 1.0
31980.036589563573, 152, -1.0
31982.93244264527, 75, -1.0
31997.44152910883, 154, 1.0
32006.32476180859, 103, 1.0
32007.142486495708, 154, -1.0
32009.0550599292, 75, 1.0
32013.27862841014, 35, -1.0
32014.47598890159, 154, 1.0
32022.68352280264, 75, 1.0
32032.012462125815, 101, 1.0
32039.732945501306, 152, -1.0
32042.47584250563, 148, -1.0
32054.451679387235, 35, 1.0
32064.586613128602, 75, 1.0
32072.325195668207, 75, 1.0
32073.49133778275, 154, -1.0
32074.422867715675, 154, -1.0
32081.62937635213, 35, -1.0
32081.731640599595, 152, 1.0
32094.177915610668, 101, 1.0
32094.88910814593, 35, 1.0
32098.149119987615, 152, 1.0
32099.26186647427, 148, -1.0
32120.491299667403, 35, -1.0
32121.204680131064, 103, 1.0
32123.5294804302, 35, -1.0
32126.83624408922, 152, -1.0
32126.847759144966, 35, 1.0
32141.56291769341, 101, -1.0
32149.941127300135, 35, -1.0
32170.81875206695, 75, 1.0
32183.39762336508, 152, 1.0
32189.17717225591, 152, -1.0
32195.95085528937, 152, -1.0
32201.83715394009, 44, -1.0
32202.984437241284, 44, 1.0
32207.063603696763, 148, -1.0
32209.24431116862, 152, 1.0
32213.122699392323, 35, 1.0
32219.222795870955, 75, 1.0
32229.35857371884, 75, -1.0
32236.8061721982, 75, 1.0
32241.815242517638, 148, 1.0
32243.567083428894, 154, -1.0
32259.88786208794, 75, 1.0
32269.665873893482, 154, 1.0
32273.247874613706, 35, -1.0
32278.940792109355, 152, -1.0
32289.140344346317, 44, -1.0
32290.01806145701, 35, 1.0
32290.59483683025, 35, -1.0
32305.312482215384, 154, -1.0
32310.041921940712, 75, 1.0
32312.897000647466, 154, -1.0
32315.644041522843, 75, 1.0
32319.144942322062, 75, -1.0
32321.648287740732, 148, -1.0
32323.11273966217, 75, 1.0
32326.768989149503, 35, -1.0
32328.3487080571, 152, -1.0
32332.718738654727, 35, -1.0
32351.08508086529, 152, -1.0
32351.62038727909, 75, 1.0
32352.007273151456, 148, -1.0
32353.535822359205, 75, -1.0
32355.49561766738, 103, -1.0
32362.9235920265, 35, -1.0
32372.194868486, 75, -1.0
32373.19598814597, 154, -1.0
32387.046432026676, 35, -1.0
32392.735679162666, 103, 1.0
32403.126864578706, 103, 1.0
32403.280490300865, 152, -1.0
32403.7185132706, 154, -1.0
32407.450587661653, 35, 1.0
32408.336830676464, 75, -1.0
32415.829901919227, 35, -1.0
32418.882934729187, 152, -1.0
32421.949192451648, 101, -1.0
32428.124568158004, 154, -1.0
32434.665045144226, 44, -1.0
32437.82318840726, 152, -1.0
32449.96382696141, 148, -1.0
32452.213420707136, 101, -1.0
32453.58479787835, 75, 1.0
32453.881807493908, 35, 1.0
32453.97376893999, 103, 1.0
32454.90804218963, 152, -1.0
32457.68398721331, 101, -1.0
32458.653394386412, 35, 1.0
32461.53105282849, 44, 1.0
32464.405676323593, 35, -1.0
32465.62444408241, 75, 1.0
32477.85619531459, 154, 1.0
32478.040848010165, 148, -1.0
32478.251482948635, 75, -1.0
32478.34691930698, 35, -1.0
32488.553227721906, 154, -1.0
32489.19873957432, 103, 1.0
32491.55289362706, 101, -1.0
32505.306230306716, 75, -1.0
32508.898578507786, 152, -1.0
32509.25063665405, 35, 1.0
32509.400005668038, 148, 1.0
32510.379025885442, 75, 1.0
32512.058231369898, 101, -1.0
32513.55507658881, 101, -1.0
32515.544144419142, 35, -1.0
32517.497925770575, 154, 1.0
32519.74204693865, 35, -1.0
32522.957946144532, 148, 1.0
32523.779219513963, 103, -1.0
32524.97999104834, 103, 1.0
32527.783061895152, 152, -1.0
32536.85207608003, 152, -1.0
32538.66653317454, 154, 1.0
32545.41731888118, 75, -1.0
32547.122674464834, 103, -1.0
32548.172879821075, 101, -1.0
32552.32185356055, 154, -1.0
32564.337617051697, 101, -1.0
32564.787354254047, 35, -1.0
32573.417655929432, 148, -1.0
32574.96444682312, 103, 1.0
32577.149453331345, 75, 1.0
32596.32169131327, 35, 1.0
32604.935120363014, 35, 1.0
32605.245412753036, 103, 1.0
32609.942957951687, 35, -1.0
32623.54112388702, 148, -1.0
32628.111350768573, 101, -1.0
32629.894317326285, 154, -1.0
32637.402980275456, 148, -1.0
32637.631379142047, 148, -1.0
32640.752175126538, 148, -1.0
32641.936615701008, 35, 1.0
32645.667408475663, 35, -1.0
32648.76375278005, 101, -1.0
32653.710160555624, 35, -1.0
32667.10959791294, 75, -1.0
32669.759353322337, 103, 1.0
32671.12945658606, 44, -1.0
32671.177672334583, 103, -1.0
32671.464711952056, 35, -1.0
32672.095361451153, 75, -1.0
32676.747275227954, 35, -1.0
32677.11745778902, 103, 1.0
32682.014099554337, 44, 1.0
32682.13963263271, 75, 1.0
32688.785040492286, 35, -1.0
32691.820935804393, 154, 1.0
32695.0809234691, 154, 1.0
32701.194526886196, 44, -1.0
32709.627276059768, 148, -1.0
32710.24525953529, 44, -1.0
32711.055793700365, 154, 1.0
32711.737022246434, 103, 1.0
32713.175547123305, 35, -1.0
32721.535554093574, 101, -1.0
32724.126430032207, 35, -1.0
32726.54633972365, 103, -1.0
32736.21306734032, 148, -1.0
32744.64332060877, 75, 1.0
32753.16736062629, 75, -1.0
32761.296882312447, 103, -1.0
32773.00897570682, 154, 1.0
32776.71936463325, 148, 1.0
32777.726081213215, 35, 1.0
32778.7901240181, 103, -1.0
32784.616576866276, 101, 1.0
32797.93391806443, 154, -1.0
32798.31161551252, 44, -1.0
32800.24874584892, 35, -1.0
32800.41135569541, 35, 1.0
32806.30569062466, 75, -1.0
32810.46977025093, 44, 1.0
32811.17267086798, 103, 1.0
32813.92930045237, 103, 1.0
32818.00274729109, 103, 1.0
32826.91696492297, 103, 1.0
32851.91534513008, 154, 1.0
32853.57230453795, 152, -1.0
32856.25704408236, 103, -1.0
32858.2447024446, 35, -1.0
32866.30803083676, 75, 1.0
32876.78054940392, 152, 1.0
32876.974956631704, 152, 1.0
32877.72019381377, 103, 1.0
32878.159315326826, 101, 1.0
32889.66989760262, 35, -1.0
32891.77278380472, 152, -1.0
32892.10194136354, 35, 1.0
32895.76464336071, 154, 1.0
32898.475507696436, 35, 1.0
32899.11170772301, 103, -1.0
32901.833718826645, 101, -1.0
32906.539660085, 101, 1.0
32907.30723644852, 148, -1.0
32910.04373905954, 44, 1.0
32918.06829166089, 148, -1.0
32921.009113219945, 75, -1.0
32923.78270763233, 44, 1.0
32924.439143357326, 35, 1.0
32931.01422712283, 35, 1.0
32931.74320249678, 103, 1.0
32936.179891364234, 103, 1.0
32940.95817572997, 103, 1.0
32943.16862204229, 75, -1.0
32945.67656405468, 152, -1.0
32950.206398329545, 154, 1.0
32957.41762408512, 154, 1.0
32958.23603468291, 35, -1.0
32959.417282161456, 154, -1.0
32972.026214421945, 103, -1.0
32977.07456802535, 103, -1.0
32983.04443906578, 101, -1.0
32985.94348282701, 101, -1.0
32986.140530086624, 103, 1.0
32987.96643824823, 75, 1.0
32997.002527994686, 35, 1.0
33000.25073812259, 101, -1.0
33001.788458815914, 35, 1.0
33003.70433879008, 75, -1.0
33007.389772851275, 35, -1.0
33008.132900635865, 75, 1.0
33010.96298503647, 154, -1.0
33015.3379284695, 44, -1.0
33017.541625904836, 103, 1.0
33020.98112437801, 101, 1.0
33021.24287834444, 101, 1.0
33024.23411450015, 103, 1.0
33036.40848320514, 152, -1.0
33042.06128502307, 35, -1.0
33052.84215967769, 35, 1.0
33056.74225164174, 103, 1.0
33063.55302338529, 75, 1.0
33066.917079594146, 101, -1.0
33069.34695220599, 75, 1.0
33073.981805867625, 103, -1.0
33075.691377474526, 75, 1.0
33078.10883146875, 148, -1.0
33081.20142210551, 103, 1.0
33085.04699847981, 75, -1.0
33114.96142619098, 154, -1.0
33121.25637460174, 152, -1.0
33123.580337876665, 101, 1.0
33128.41135625021, 44, -1.0
33132.17092882756, 44, -1.0
33138.25924542215, 101, -1.0
33143.12220563776, 75, 1.0
33144.113447249925, 44, -1.0
33153.561351472876, 154, -1.0
33154.30027955465, 101, 1.0
33156.15871481095, 35, 1.0
33164.7266385729, 103, 1.0
33169.77215249275, 103, 1.0
33177.20675802601, 101, -1.0
33180.50254519605, 35, -1.0
33182.10026461054, 35, 1.0
33186.45161103528, 154, -1.0
33187.80137942277, 75, 1.0
33208.2445137972, 35, -1.0
33219.362123649415, 101, -1.0
33219.57822890361, 148, -1.0
33221.29621204368, 152, -1.0
33225.6616671178, 103, 1.0
33228.468136464646, 103, -1.0
33230.785001202545, 152, -1.0
33240.63355633606, 35, -1.0
33247.33336582141, 101, -1.0
33252.78441342407, 103, 1.0
33253.10943309225, 101, -1.0
33254.484973287086, 154, -1.0
33257.53561876592, 35, -1.0
33259.92378162867, 101, -1.0
33262.83256499981, 152, -1.0
33275.57200822316, 75, 1.0
33278.29123801078, 35, 1.0
33279.96439665468, 148, -1.0
33280.46223810419, 103, -1.0
33283.47523553286, 101, -1.0
33283.757028175765, 35, -1.0
33290.98626639655, 154, 1.0
33304.11064424285, 101, -1.0
33304.14931341548, 154, -1.0
33309.46681673955, 154, 1.0
33311.6566325578, 152, -1.0
33320.21731212058, 44, -1.0
33326.21748810831, 35, -1.0
33330.31639473404, 152, 1.0
33332.140556521874, 75, -1.0
33334.45612649729, 35, -1.0
33334.821660024405, 35, -1.0
33336.69471432581, 152, -1.0
33339.263702670054, 35, 1.0
33342.98058948483, 44, 1.0
33343.318862692926, 35, 1.0
33349.03998420348, 148, -1.0
33352.38864292268, 103, -1.0
33355.1854454149, 148, 1.0
33355.3259968989, 148, -1.0
33363.66438905913, 103, -1.0
33369.6772757397, 35, -1.0
33373.93084034126, 35, 1.0
33376.41229739114, 75, -1.0
33380.3933195643, 148, -1.0
33385.2695355121, 154, -1.0
33396.27950743724, 103, 1.0
33397.7522629665, 75, 1.0
33398.26178097226, 75, 1.0
33399.635215762115, 148, 1.0
33402.10907196014, 148, -1.0
33402.27132530387, 35, 1.0
33404.806530124864, 103, 1.0
33421.01381536875, 35, -1.0
33425.07839132581, 101, -1.0
33426.420998202484, 103, 1.0
33429.18953376774, 35, -1.0
33429.50324825092, 35, -1.0
33434.424466667566, 103, 1.0
33439.991512069515, 35, -1.0
33443.50728466838, 75, 1.0
33443.79879488372, 152, -1.0
33452.7190539325, 75, 1.0
33455.09530504725, 148, -1.0
33455.20907630665, 103, 1.0
33462.26324904807, 75, 1.0
33466.69506826942, 103, 1.0
33469.8938995464, 154, -1.0
33476.58846735058, 152, -1.0
33484.54487518183, 75, -1.0
33487.81604713689, 101, -1.0
33497.63345621834, 101, -1.0
33500.53077661952, 152, 1.0
33502.097131718125, 75, -1.0
33503.09085660346, 103, 1.0
33507.40909679945, 152, -1.0
33511.45653483209, 152, 1.0
33511.66770664676, 44, -1.0
33529.7639291603, 103, 1.0
33532.873779204725, 44, -1.0
33534.31112396529, 75, -1.0
33548.66735039686, 101, 1.0
33550.40820513895, 148, 1.0
33552.1021870744, 154, -1.0
33553.20464053926, 154, -1.0
33560.919066152426, 35, -1.0
33561.3323485816, 148, 1.0
33564.70471256814, 75, 1.0
33572.94561895705, 154, 1.0
33576.77093152076, 35, -1.0
33578.683721456146, 101, -1.0
33587.61965647116, 152, -1.0
33590.544859875954, 152, -1.0
33593.647900411685, 44, -1.0
33598.0105824659, 152, -1.0
33599.5597309265, 35, -1.0
33601.70782985824, 101, -1.0
33618.66753870014, 154, -1.0
33621.214664911444, 75, 1.0
33629.69186526855, 35, -1.0
33633.39486798373, 35, 1.0
33636.83233264199, 148, -1.0
33637.792974377, 103, 1.0
33646.48572254227, 35, -1.0
33650.53669286848, 103, -1.0
33655.00627924797, 148, -1.0
33658.93305803961, 152, -1.0
33672.35710210614, 154, -1.0
33674.24012926188, 148, -1.0
33683.75410773276, 152, 1.0
33693.66955205886, 148, -1.0
33694.304127912255, 44, -1.0
33704.02904435877, 148, -1.0
33704.61420391534, 103, 1.0
33706.682354312936, 152, -1.0
33706.69605276548, 44, -1.0
33707.842345035075, 101, -1.0
33711.32659490534, 75, 1.0
33714.368736215794, 148, -1.0
33730.61036429623, 148, -1.0
33731.82106404768, 152, 1.0
33735.18961078969, 75, -1.0
33741.30130100824, 101, 1.0
33742.45904298755, 103, 1.0
33754.133468589906, 101, -1.0
33757.834198651406, 44, 1.0
33761.88640841481, 154, -1.0
33762.077790938485, 103, -1.0
33771.686080426676, 154, -1.0
33772.24979400796, 152, -1.0
33784.35091460269, 35, -1.0
33786.836093434526, 103, 1.0
33787.861166061935, 103, -1.0
33788.40444136325, 35, 1.0
33799.06816234165, 35, 1.0
33803.86527919989, 35, -1.0
33805.311103921245, 101, 1.0
33817.777519835836, 101, 1.0
33819.37793672275, 44, -1.0
33825.77509832639, 35, 1.0
33831.784608701455, 154, 1.0
33838.150290753896, 35, -1.0
33844.1084377533, 35, 1.0
33844.422995702495, 101, -1.0
33847.25695119861, 103, 1.0
33848.25321875115, 101, -1.0
33852.384031680784, 152, 1.0
33858.84893715764, 148, -1.0
33862.76071718783, 75, 1.0
33863.336061422495, 35, 1.0
33863.42854629611, 101, -1.0
33863.467298683725, 35, 1.0
33866.40388833001, 75, -1.0
33873.038766598256, 101, 1.0
33877.581164690615, 75, 1.0
33918.20565917805, 101, -1.0
33924.71558329032, 44, -1.0
33928.05448035387, 101, -1.0
33932.12395314991, 148, 1.0
33933.77451990594, 148, -1.0
33944.73766973724, 35, -1.0
33947.34228527112, 101, -1.0
33948.47332082987, 103, 1.0
33958.912861381854, 152, -1.0
33969.31632821165, 152, -1.0
33971.32946859638, 35, -1.0
33972.02141627767, 75, -1.0
33976.423651453566, 101, -1.0
33976.476878518726, 101, 1.0
33982.08020362347, 148, 1.0
33990.7150641481, 35, 1.0
33991.812528079776, 35, -1.0
33992.088828182386, 75, -1.0
33994.584288651466, 75, -1.0
33996.22373755118, 148, -1.0
34001.93725947895, 148, -1.0
34003.88779698826, 152, -1.0
34004.5078673971, 75, -1.0
34011.078370543415, 103, 1.0
34015.144716810886, 35, 1.0
34023.83224725539, 101, 1.0
34025.4729726719, 75, 1.0
34026.73904995044, 148, -1.0
34041.00689876562, 75, 1.0
34042.03906873726, 103, 1.0
34054.20347842843, 154, 1.0
34065.55771278978, 101, 1.0
34070.02703247186, 75, -1.0
34076.77450126833, 148, -1.0
34079.14472335665, 35, -1.0
34080.91988593914, 75, -1.0
34081.83711961735, 35, -1.0
34083.04861913642, 103, -1.0
34083.97620118136, 35, -1.0
34084.76156439505, 154, 1.0
34090.4359052246, 75, 1.0
34090.63647369312, 35, -1.0
34103.40670085409, 101, -1.0
34104.015471648294, 154, 1.0
34111.1105271353, 75, -1.0
34112.08720283596, 154, 1.0
34115.34688058375, 35, 1.0
34118.28738794052, 154, 1.0
34126.071700190805, 35, -1.0
34137.37664511141, 154, -1.0
34141.88049222542, 75, -1.0
34142.93953091266, 103, 1.0
34162.76802695604, 101, -1.0
34168.762531958564, 75, -1.0
34171.29009086419, 152, -1.0
34176.232287694445, 75, 1.0
34177.87229822298, 44, -1.0
34178.994128462866, 154, -1.0
34180.18766557993, 35, 1.0
34182.062287265035, 154, 1.0
34182.642911091076, 152, -1.0
34187.08821412213, 103, 1.0
34192.342502618834, 152, -1.0
34196.65433790105, 103, 1.0
34200.62721308464, 75, 1.0
34205.43108595337, 75, -1.0
34212.95818778753, 101, -1.0
34216.23023153543, 75, -1.0
34218.04629787624, 154, 1.0
34219.88508438583, 103, -1.0
34220.91325550146, 101, -1.0
34231.972988445305, 101, -1.0
34236.50713462298, 103, 1.0
34238.36107844568, 35, -1.0
34239.360647807975, 101, -1.0
34248.43123791508, 101, -1.0
34256.000730703134, 101, -1.0
34264.55074874367, 103, -1.0
34268.946522919934, 148, -1.0
34269.851140129256, 148, -1.0
34278.521528735306, 101, -1.0
34280.410232523944, 75, 1.0
34289.88800175446, 75, -1.0
34289.93877519506, 35, 1.0
34293.167481913486, 44, -1.0
34294.37828731266, 44, -1.0
34296.06362895218, 103, 1.0
34300.263194635736, 75, 1.0
34316.11969640915, 101, -1.0
34316.82707589635, 154, 1.0
34316.86629897099, 75, 1.0
34321.74951506867, 44, -1.0
34322.76955823366, 75, -1.0
34328.36573222394, 152, 1.0
34334.4635381371, 101, 1.0
34336.28223583536, 101, 1.0
34336.658174012824, 101, 1.0
34341.344820203034, 148, -1.0
34341.874717662395, 152, 1.0
34346.637051507314, 154, 1.0
34353.14128810558, 103, 1.0
34368.7062305143, 154, 1.0
34368.808810218354, 75, -1.0
34371.24008655496, 35, 1.0
34376.758128073125, 101, 1.0
34380.766097629035, 35, -1.0
34382.373553723584, 101, -1.0
34385.61184261331, 35, -1.0
34386.637142187814, 75, 1.0
34393.4567307931, 35, 1.0
34393.61550205926, 101, -1.0
34396.77542471133, 103, -1.0
34397.36152328215, 154, -1.0
34410.216820142974, 35, 1.0
34410.74104180905, 103, 1.0
34410.767267193085, 75, 1.0
34413.31471341752, 35, -1.0
34415.3075679773, 152, -1.0
34423.70673396136, 148, 1.0
34436.099939968306, 101, -1.0
34436.23661450144, 101, -1.0
34438.74928337263, 103, 1.0
34448.057329359006, 152, -1.0
34451.38131392076, 75, -1.0
34455.1762059861, 75, -1.0
34455.64070917883, 75, 1.0
34470.5335910169, 35, -1.0
34472.25740584164, 35, -1.0
34481.22551962089, 75, 1.0
34495.38516023286, 103, 1.0
34500.623128287836, 103, 1.0
34502.03798625896, 103, 1.0
34506.26648694664, 103, 1.0
34507.24084513285, 152, -1.0
34507.30090761396, 35, 1.0
34511.34230188978, 154, -1.0
34519.5491339821, 148, -1.0
34520.51701229367, 103, -1.0
34529.511655024064, 35, 1.0
34531.02850771517, 152, -1.0
34531.320736152986, 154, 1.0
34531.66775515581, 75, 1.0
34532.43438592973, 35, -1.0
34533.90712200336, 35, -1.0
34540.16009275813, 75, 1.0
34548.5978559966, 101, -1.0
34548.88265124498, 35, -1.0
34561.503888184285, 103, 1.0
34563.40985876345, 75, 1.0
34564.57175231874, 152, -1.0
34564.83455968699, 101, -1.0
34575.6490489219, 148, -1.0
34577.17808438846, 101, 1.0
34580.017250777026, 103, 1.0
34582.55009888264, 35, 1.0
34583.08033852003, 103, 1.0
34595.33958997912, 154, 1.0
34597.87530896875, 103, 1.0
34598.483109453955, 101, -1.0
34600.4247591319, 103, -1.0
34605.37654697463, 152, -1.0
34607.71406550987, 152, -1.0
34608.337138486924, 35, -1.0
34620.56950163799, 35, -1.0
34624.50355472412, 154, -1.0
34626.503103331444, 101, 1.0
34631.01677676686, 154, 1.0
34631.8107297161, 101, -1.0
34634.57195575475, 103, 1.0
34635.10946310809, 75, 1.0
34636.33796123548, 154, 1.0
34643.333203948176, 154, -1.0
34654.80034289919, 75, -1.0
34659.50321031191, 154, 1.0
34673.180330011215, 148, -1.0
34674.19906876745, 152, 1.0
34674.75233208523, 148, 1.0
34681.88958449854, 148, -1.0
34687.004423814586, 44, -1.0
34694.834409961855, 154, 1.0
34696.83080761766, 101, -1.0
34701.04803368998, 103, -1.0
34701.57598289079, 103, 1.0
34704.59135606356, 35, -1.0
34707.68326682332, 103, 1.0
34710.20366634621, 154, -1.0
34710.370448826194, 152, 1.0
34712.510639868815, 148, -1.0
34719.689884433545, 101, 1.0
34723.61292225924, 101, -1.0
34735.78413381161, 148, -1.0
34736.95173265557, 148, -1.0
34745.50712100872, 148, 1.0
34747.360707066815, 152, -1.0
34749.94911310024, 152, 1.0
34754.45975906403, 75, -1.0
34766.41220863084, 103, -1.0
34776.77488409881, 152, -1.0
34779.00762460152, 35, -1.0
34779.80895204475, 44, -1.0
34780.17960931079, 154, 1.0
34782.38067365632, 101, -1.0
34783.870864006836, 35, -1.0
34803.40736630691, 154, 1.0
34810.92668603524, 35, 1.0
34812.54227762771, 101, -1.0
34812.72496409727, 101, -1.0
34815.34008856751, 75, -1.0
34822.123882767846, 152, 1.0
34822.139694018675, 75, -1.0
34823.58392812829, 101, -1.0
34826.41592615198, 101, 1.0
34828.03900523638, 148, 1.0
34833.580887154065, 44, -1.0
34834.60156819648, 101, -1.0
34841.77809836245, 35, 1.0
34849.430240262154, 75, -1.0
34854.13541666099, 152, -1.0
34854.35167106382, 75, 1.0
34854.99536046122, 154, 1.0
34862.28033564892, 101, -1.0
34862.70276841743, 75, 1.0
34870.9251087524, 35, 1.0
34879.0926818297, 75, -1.0
34882.646274963685, 148, -1.0
34883.58576590149, 148, 1.0
34886.062554493, 35, 1.0
34906.83328427439, 103, 1.0
34909.42549395672, 35, -1.0
34914.82085386533, 101, -1.0
34919.24002820872, 154, 1.0
34924.20253744726, 154, 1.0
34925.36626996096, 154, 1.0
34926.109026712984, 75, -1.0
34926.45548007995, 103, -1.0
34929.21295792978, 103, -1.0
34929.25549703436, 103, 1.0
34934.48422123181, 152, -1.0
34935.37716187605, 152, -1.0
34936.909848258016, 35, -1.0
34936.94851523118, 154, -1.0
34939.060240804, 35, -1.0
34946.10234537116, 101, -1.0
34954.78535943237, 152, -1.0
34955.66421562743, 75, -1.0
34956.7504223388, 148, -1.0
34960.871756645116, 103, 1.0
34963.175263067256, 44, -1.0
34965.42537661961, 101, 1.0
34978.63296782277, 152, -1.0
34982.48991892477, 154, 1.0
34984.194006002836, 75, 1.0
34989.15591181249, 101, 1.0
34990.75230429301, 75, -1.0
34996.53132981318, 35, -1.0
35001.649658638555, 148, 1.0
35004.847266690325, 154, 1.0
35008.950879827375, 103, 1.0
35009.14548487486, 75, 1.0
35009.50564905797, 103, -1.0
35014.312695886656, 103, 1.0
35021.84817650703, 101, -1.0
35022.021985024054, 75, 1.0
35022.33097159674, 152, 1.0
35022.827384821896, 75, 1.0
35033.159372944596, 101, -1.0
35041.770355001674, 35, -1.0
35042.48030627456, 148, -1.0
35042.80924426484, 75, 1.0
35043.48580382117, 154, -1.0
35047.774037129464, 75, 1.0
35066.77467812041, 103, 1.0
35073.55509975306, 152, -1.0
35075.23941838948, 154, 1.0
35075.37742320639, 152, 1.0
35083.40295919625, 35, 1.0
35087.71382029955, 44, -1.0
35098.31773901447, 101, 1.0
35104.233380166836, 35, -1.0
35104.39657543981, 148, 1.0
35105.176250725934, 154, 1.0
35109.06889794443, 35, -1.0
35113.04946603251, 44, -1.0
35120.46646113201, 35, -1.0
35128.53612640716, 154, -1.0
35130.16416794314, 75, 1.0
35130.57578622909, 35, -1.0
35131.73794617418, 148, -1.0
35135.45926579035, 148, 1.0
35138.329263724954, 154, -1.0
35138.91510759869, 148, -1.0
35157.098151374004, 152, -1.0
35157.487935575504, 148, 1.0
35173.920200027875, 35, -1.0
35177.081284327236, 103, 1.0
35181.649618042095, 152, 1.0
35183.034608431895, 103, 1.0
35184.07141622441, 154, -1.0
35189.961732061995, 101, 1.0
35200.71341156052, 101, -1.0
35203.36089456093, 35, -1.0
35205.03066305213, 101, -1.0
35207.06061477771, 152, -1.0
35207.49509776793, 154, 1.0
35210.559550537284, 35, 1.0
35211.45896542039, 148, -1.0
35214.380386055265, 35, 1.0
35215.75520041272, 101, -1.0
35215.936409820664, 148, -1.0
35220.44416913319, 101, 1.0
35220.92485749565, 35, -1.0
35235.85219429376, 154, -1.0
35238.71641406867, 154, -1.0
35241.54428106305, 101, 1.0
35245.65977664291, 152, -1.0
35248.14153030258, 148, -1.0
35248.25671032895, 101, -1.0
35252.73047464638, 101, -1.0
35256.18682953042, 75, 1.0
35258.97216029776, 101, -1.0
35259.89664179325, 75, 1.0
35272.82923993031, 152, -1.0
35273.64485461721, 101, 1.0
35289.93960556502, 101, 1.0
35292.46648784121, 154, -1.0
35309.44470230721, 75, -1.0
35310.26441285931, 44, -1.0
35313.07753886057, 152, -1.0
35316.287353187756, 152, 1.0
35318.71635457712, 103, 1.0
35318.92804925912, 35, 1.0
35323.334588984566, 152, -1.0
35326.90885665813, 154, -1.0
35337.084965431175, 154, 1.0
35337.40892658537, 154, -1.0
35342.91191903133, 75, 1.0
35345.08019534847, 101, -1.0
35355.87577696927, 75, 1.0
35369.05877910979, 154, -1.0
35370.371343749466, 148, -1.0
35375.841603062756, 103, 1.0
35380.9648685867, 154, -1.0
35381.964398363845, 148, -1.0
35382.79005118389, 103, 1.0
35384.308035597554, 152, -1.0
35397.67554729422, 75, 1.0
35398.76389430064, 152, -1.0
35400.97879615516, 75, 1.0
35411.55481917932, 154, 1.0
35413.89325175023, 154, -1.0
35415.47454803051, 148, -1.0
35426.15405627628, 101, -1.0
35433.938670030686, 148, -1.0
35438.38335618475, 152, -1.0
35438.59139166089, 103, 1.0
35439.826737827476, 35, 1.0
35440.37381476143, 152, -1.0
35446.19627854981, 103, -1.0
35457.97073569952, 152, -1.0
35464.020485311245, 154, -1.0
35464.96473622375, 101, -1.0
35471.91919942269, 103, 1.0
35473.66402074318, 35, -1.0
35474.8225804619, 154, -1.0
35481.20819215612, 35, 1.0
35483.23569951938, 148, -1.0
35484.70638412552, 75, 1.0
35485.29427835587, 154, -1.0
35493.69756731013, 152, 1.0
35494.62206701956, 148, -1.0
35499.68590872092, 148, -1.0
35500.6052192185, 154, -1.0
35503.29470510317, 148, -1.0
35506.59962284626, 101, 1.0
35515.60898588, 35, 1.0
35519.200535905125, 35, -1.0
35528.61385443333, 75, -1.0
35529.32069681617, 75, 1.0
35529.4954018903, 152, -1.0
35532.641516085045, 101, 1.0
35535.067276007634, 148, -1.0
35539.518497261415, 44, -1.0
35540.20205620846, 152, -1.0
35540.72975693482, 101, -1.0
35546.94781684074, 101, 1.0
35552.90015179037, 35, -1.0
35565.99393968916, 35, -1.0
35568.4503972759, 75, 1.0
35573.77038142116, 103, 1.0
35583.38312133876, 152, -1.0
35595.88394144709, 103, 1.0
35602.67289786088, 154, -1.0
35610.49068323724, 154, -1.0
35611.6551420559, 152, -1.0
35614.75191936417, 35, 1.0
35618.70725303218, 152, -1.0
35622.7567458287, 35, 1.0
35622.764099438005, 152, -1.0
35623.26067471424, 152, -1.0
35633.41421183477, 148, -1.0
35633.55340133638, 35, -1.0
35644.778101113, 103, 1.0
35645.80066434951, 35, -1.0
35651.313914997154, 152, 1.0
35654.38871703245, 35, 1.0
35656.15083988735, 101, -1.0
35657.79530615284, 103, 1.0
35665.9025288469, 148, -1.0
35666.55440023053, 154, -1.0
35668.565846440564, 103, 1.0
35670.1852199882, 75, 1.0
35678.34962902868, 75, 1.0
35679.82933032379, 152, -1.0
35684.87119765327, 152, -1.0
35689.20835295986, 35, -1.0
35695.12573058191, 101, -1.0
35700.1708119461, 148, -1.0
35713.39219191292, 152, -1.0
35714.669502093704, 101, -1.0
35714.989027889496, 103, 1.0
35718.552200739156, 35, 1.0
35721.27814061839, 152, -1.0
35728.211064487914, 154, 1.0
35728.78072796819, 75, -1.0
35729.53566114197, 35, -1.0
35730.24010119609, 35, -1.0
35730.86371752617, 35, -1.0
35732.40033161659, 75, -1.0
35742.03189739278, 75, -1.0
35744.52816136547, 35, -1.0
35760.04484324761, 103, -1.0
35763.82897255608, 101, -1.0
35764.770539875724, 154, -1.0
35767.68739152751, 35, -1.0
35778.20595188909, 103, 1.0
35779.23643458474, 75, -1.0
35783.57934101375, 35, 1.0
35786.02556441746, 101, -1.0
35789.05390644141, 103, 1.0
35791.394959408986, 44, -1.0
35795.58226707965, 103, 1.0
35799.5779607904, 44, -1.0
35799.96218141388, 75, 1.0
35811.99079543269, 101, 1.0
35816.96750191791, 35, -1.0
35817.91052934021, 103, 1.0
35823.23496076481, 154, 1.0
35826.70875836353, 154, -1.0
35826.77342682692, 152, 1.0
35839.64592894492, 152, -1.0
35842.09856845731, 154, 1.0
35843.943203311705, 44, -1.0
35845.27588193537, 103, 1.0
35847.1240712208, 44, -1.0
35847.94821689776, 35, -1.0
35854.65335281848, 75, -1.0
35856.57470352847, 101, -1.0
35858.95649851066, 148, -1.0
35866.67455667962, 148, -1.0
35881.75777695663, 152, -1.0
35882.451782168864, 148, -1.0
35887.67664353097, 152, -1.0
35894.16291705782, 154, 1.0
35901.100103398414, 101, 1.0
35915.7185425072, 75, -1.0
35920.77749883831, 35, -1.0
35923.710389576496, 103, 1.0
35926.573351279374, 44, -1.0
35934.138558614635, 154, 1.0
35940.82287717088, 35, 1.0
35940.88053783336, 44, -1.0
35942.9749954127, 101, 1.0
35949.18465113583, 75, 1.0
35949.841221803195, 75, 1.0
35958.156799699056, 154, -1.0
35961.03816311202, 103, -1.0
35961.83361918347, 75, 1.0
35964.81429979336, 148, 1.0
35966.89926282834, 103, -1.0
35974.34267503657, 101, -1.0
35980.562783531765, 103, -1.0
