21600.349439106376, 101, 1.0
21608.049196393426, 152, -1.0
21611.22099122387, 75, -1.0
21617.0264657311, 75, -1.0
21619.89774062578, 35, -1.0
21622.385651293127, 101, -1.0
21627.850176570068, 154, 1.0
21629.55125014982, 152, 1.0
21629.806884527465, 44, -1.0
21630.17038881537, 35, -1.0
21634.70736215468, 101, 1.0
21639.786854788323, 148, 1.0
21640.408939971352, 103, 1.0
21646.57153037344, 152, -1.0
21647.98286305828, 101, 1.0
21648.0803900437, 35, -1.0
21654.69328356525, 101, 1.0
21667.04216503794, 35, 1.0
21667.683600503726, 75, -1.0
21676.29369854088, 152, 1.0
21687.302984732883, 101, 1.0
21697.248324681867, 75, 1.0
21698.44668701182, 101, -1.0
21706.702026073, 35, 1.0
21707.30618365823, 75, 1.0
21708.097935984802, 75, -1.0
21715.068559237177, 152, -1.0
21722.904173838473, 35, -1.0
21724.795754368373, 75, 1.0
21729.000608638242, 35, -1.0
21730.76878211355, 35, 1.0
21738.02221777957, 148, 1.0
21745.756424128078, 75, 1.0
21752.738509233073, 101, 1.0
21754.165008205255, 75, -1.0
21756.784625642973, 152, 1.0
21757.977221122586, 101, -1.0
21758.281109347306, 75, 1.0
21763.755340833304, 101, 1.0
21770.144344319546, 101, 1.0
21774.586318980735, 35, -1.0
21775.180828092118, 44, -1.0
21778.507693639884, 75, 1.0
21779.408467275873, 35, -1.0
21782.180758326846, 44, -1.0
21784.688340498615, 152, -1.0
21796.211427173926, 148, -1.0
21798.08597533189, 101, -1.0
21799.561806188838, 152, -1.0
21800.614935654263, 101, 1.0
21807.405066269865, 103, 1.0
21813.920837061334, 35, -1.0
21816.445555814513, 152, -1.0
21819.53098349723, 101, -1.0
21821.116217891737, 148, -1.0
21825.366777209292, 148, -1.0
21837.118519194635, 75, 1.0
21839.04365570755, 154, -1.0
21841.652144062453, 103, 1.0
21843.01939048229, 103, 1.0
21850.083828294602, 44, -1.0
21852.352358523418, 103, 1.0
21853.700339490973, 101, 1.0
21856.335160371105, 44, -1.0
21859.17831797122, 101, 1.0
21860.077224452263, 75, 1.0
21862.556297833427, 101, -1.0
21865.075096092893, 101, 1.0
21871.230710576423, 44, -1.0
21873.459218269894, 148, 1.0
21874.98036882252, 154, 1.0
21878.075114827865, 101, 1.0
21885.490179564647, 75, 1.0
21887.04878366359, 152, -1.0
21893.12112015833, 148, -1.0
21896.654041853206, 152, -1.0
21898.688393364035, 154, -1.0
21900.669344127546, 75, 1.0
21903.17702917995, 152, -1.0
21907.67211935805, 154, 1.0
21908.95772075006, 75, 1.0
21911.21015389885, 101, 1.0
21911.92432430047, 154, 1.0
21913.05861245343, 152, -1.0
21917.89078354274, 154, 1.0
21933.3106547025, 148, -1.0
21938.01767039159, 101, -1.0
21946.021961590424, 75, 1.0
21947.089622502393, 154, -1.0
21952.446770312315, 148, -1.0
21955.53372063521, 101, 1.0
21961.699342891334, 101, -1.0
21969.30545308148, 35, -1.0
21972.88462597672, 148, -1.0
21973.451393383086, 35, -1.0
21973.793626182563, 101, -1.0
21986.65235673952, 35, -1.0
21991.13568614545, 152, -1.0
21999.95058655393, 35, 1.0
22002.302630246453, 101, 1.0
22003.837491277605, 101, -1.0
22005.01745841688, 44, -1.0
22007.80212737394, 152, -1.0
22012.06860784874, 35, -1.0
22013.299825689963, 35, 1.0
22013.932872639238, 75, 1.0
22019.906578473194, 35, 1.0
22027.698884097455, 154, -1.0
22049.819197677636, 101, 1.0
22052.40733778297, 75, 1.0
22063.973835017976, 152, -1.0
22070.34888382589, 101, -1.0
22070.96418681181, 152, -1.0
22075.318366115214, 154, 1.0
22076.328709477737, 75, 1.0
22076.670384331315, 75, 1.0
22080.423530371776, 152, -1.0
22084.35768250696, 44, 1.0
22086.32894629845, 35, -1.0
22103.43479850688, 35, -1.0
22108.002336844333, 35, -1.0
22110.757777958705, 103, 1.0
22112.585869292212, 152, 1.0
22122.844899781066, 101, -1.0
22134.32190496611, 75, 1.0
22144.16248788981, 75, -1.0
22167.367451349008, 35, -1.0
22168.92620433736, 103, 1.0
22170.51202281609, 101, 1.0
22177.910857032013, 101, -1.0
22178.410096020223, 35, 1.0
22188.146772909535, 154, -1.0
22196.565166992357, 35, -1.0
22197.27762823514, 152, -1.0
22198.427611543706, 35, -1.0
22202.572537501364, 152, -1.0
22206.666233162763, 101, -1.0
22214.886196595162, 35, -1.0
22217.750885912334, 44, -1.0
22230.293215890924, 75, 1.0
22230.423051427133, 103, 1.0
22233.56797576327, 44, -1.0
22235.394094665946, 75, 1.0
22241.354703013763, 101, 1.0
22246.05912731615, 152, -1.0
22250.851843685738, 152, 1.0
22252.316583331703, 35, -1.0
22259.5716428168, 148, -1.0
22264.802106611667, 103, 1.0
22266.39565442603, 35, -1.0
22272.694699715175, 101, 1.0
22274.20934080454, 103, 1.0
22274.636547473543, 75, -1.0
22285.808250993658, 101, -1.0
22286.69244670196, 101, 1.0
22290.96386804492, 101, 1.0
22300.21715673252, 75, 1.0
22304.545058081014, 75, 1.0
22307.723404516993, 35, -1.0
22307.966560099987, 152, 1.0
22309.60687328782, 44, -1.0
22310.071421804612, 35, -1.0
22320.046476534622, 35, -1.0
22324.86115462259, 101, -1.0
22326.754078484948, 101, -1.0
22329.696005317594, 35, 1.0
22335.630523441247, 75, 1.0
22336.65400438299, 148, -1.0
22338.556514697393, 35, -1.0
22340.09122837188, 44, -1.0
22340.618783046062, 75, 1.0
22341.813132142546, 35, -1.0
22344.804578529936, 154, 1.0
22351.027431056664, 75, 1.0
22351.318446801848, 75, -1.0
22353.037930713668, 152, 1.0
22357.13944491556, 75, 1.0
22360.945508889024, 101, 1.0
22371.48779046521, 35, 1.0
22381.45308491962, 44, -1.0
22385.662494033204, 103, 1.0
22392.53199461433, 35, -1.0
22396.980338136877, 44, -1.0
22397.499559661464, 75, 1.0
22398.813009844984, 75, 1.0
22401.546876783512, 154, 1.0
22401.837221520298, 75, 1.0
22402.486898114796, 103, 1.0
22414.25416261593, 35, -1.0
22415.638092385336, 35, -1.0
22417.057717114803, 35, -1.0
22419.585036735632, 44, -1.0
22423.792766635954, 101, -1.0
22427.751780974733, 152, 1.0
22434.819730212213, 75, 1.0
22437.369494231527, 75, 1.0
22440.7329628012, 103, 1.0
22446.689630842637, 35, -1.0
22453.40600405322, 75, 1.0
22458.30126496605, 101, -1.0
22459.43614810639, 35, 1.0
22465.10665364023, 44, -1.0
22470.364071035398, 101, 1.0
22470.926019196842, 154, 1.0
22471.013744334403, 154, 1.0
22471.04331555952, 101, 1.0
22477.983772923875, 75, 1.0
22484.431310155443, 103, 1.0
22487.921006332625, 75, 1.0
22490.68601967815, 103, 1.0
22491.062894623818, 148, -1.0
22507.191225744107, 152, -1.0
22511.114308631, 35, -1.0
22512.056944370244, 75, 1.0
22513.20431620031, 35, -1.0
22513.412670726215, 75, -1.0
22517.955294275314, 101, -1.0
22520.241997282934, 152, 1.0
22522.233421371915, 101, 1.0
22524.817874319942, 152, -1.0
22524.981433136876, 103, 1.0
22525.860461900556, 44, -1.0
22531.375261344256, 75, 1.0
22535.510452528222, 75, 1.0
22540.79320107508, 35, -1.0
22540.852566958572, 101, 1.0
22541.359553930615, 103, 1.0
22546.00428210567, 154, -1.0
22546.70697494285, 35, -1.0
22546.954471975892, 103, 1.0
22551.393530530113, 152, 1.0
22557.321651146558, 152, -1.0
22567.10221573413, 103, 1.0
22578.145847786407, 101, 1.0
22583.08946173886, 35, -1.0
22583.883505243797, 152, -1.0
22605.785733773573, 101, 1.0
22619.09966341278, 101, -1.0
22623.687266133213, 75, 1.0
22630.345324111724, 101, -1.0
22640.009043699083, 35, -1.0
22641.940162350613, 35, 1.0
22642.386487559197, 35, -1.0
22647.196586296825, 44, -1.0
22651.155957196755, 148, -1.0
22655.49699094596, 103, 1.0
22658.30377943149, 148, -1.0
22690.28902661186, 35, 1.0
22691.291419255278, 101, -1.0
22698.773334529833, 152, -1.0
22708.50168713122, 44, -1.0
22715.245385137197, 75, -1.0
22715.488037660798, 148, -1.0
22716.071256336323, 154, 1.0
22726.693313183307, 44, 1.0
22730.120715230238, 101, 1.0
22733.403687168957, 152, 1.0
22735.129715517745, 35, -1.0
22737.34318433349, 35, 1.0
22741.51515173777, 101, -1.0
22751.561506133577, 35, 1.0
22755.06423450324, 154, 1.0
22764.13594601394, 103, 1.0
22764.686843749052, 101, 1.0
22770.353544662037, 103, 1.0
22775.62600025706, 154, 1.0
22780.227058164113, 75, -1.0
22783.410254396014, 103, 1.0
22783.920521252738, 101, 1.0
22786.989630882275, 35, 1.0
22790.561022629172, 101, 1.0
22800.948819991954, 75, 1.0
22802.724869446058, 35, -1.0
22814.35920743631, 152, -1.0
22815.32012478694, 101, 1.0
22825.47628143897, 75, 1.0
22829.577814771466, 35, -1.0
22832.17621150339, 75, 1.0
22833.134401869356, 35, 1.0
22837.560663856428, 35, -1.0
22837.996166928704, 103, 1.0
22838.334843107, 35, -1.0
22838.466225676617, 75, 1.0
22844.01799169609, 101, -1.0
22854.28984047395, 103, 1.0
22858.968410220776, 35, -1.0
22859.49117182593, 152, -1.0
22862.61469265879, 154, 1.0
22867.01324829971, 101, 1.0
22869.9421494239, 152, 1.0
22873.32442215345, 35, -1.0
22878.978545762693, 75, 1.0
22884.565214262995, 35, -1.0
22884.69731580856, 154, 1.0
22884.917797943213, 152, -1.0
22885.118250003543, 148, -1.0
22889.53597634002, 35, -1.0
22893.376432071076, 35, -1.0
22896.718580171077, 152, -1.0
22898.025526838086, 101, -1.0
22902.838418685104, 154, 1.0
22914.151033028582, 75, -1.0
22916.503563400078, 75, 1.0
22917.18148241251, 101, -1.0
22938.936668106435, 75, 1.0
22943.03525757859, 103, 1.0
22944.705841905223, 154, -1.0
22949.52441564623, 44, -1.0
22949.961122212702, 75, 1.0
22950.296228820636, 35, -1.0
22957.61937951724, 103, 1.0
22960.348702964216, 75, 1.0
22966.97523707842, 44, -1.0
22971.53183188511, 35, -1.0
22977.436797721308, 75, 1.0
22979.651659849023, 35, -1.0
22989.106002514356, 75, -1.0
22998.601266791375, 103, 1.0
23007.29182896393, 35, -1.0
23009.398358485454, 154, 1.0
23015.118667255876, 101, 1.0
23016.010427379842, 148, -1.0
23016.749553186364, 35, -1.0
23018.02870490891, 35, -1.0
23023.96474288209, 35, -1.0
23028.08641729454, 75, 1.0
23028.454893387177, 154, 1.0
23035.253969467725, 35, -1.0
23035.830070795248, 101, 1.0
23036.322751576874, 35, -1.0
23042.244657508134, 152, -1.0
23043.581286651308, 35, 1.0
23046.468904036195, 152, 1.0
23046.79893744916, 148, -1.0
23052.789920383184, 152, -1.0
23057.177575449234, 35, 1.0
23065.11761481259, 35, -1.0
23069.049788650045, 152, -1.0
23070.536589355117, 154, 1.0
23082.132088588514, 152, -1.0
23083.424255152855, 44, -1.0
23083.905244269357, 152, -1.0
23087.851358069714, 75, 1.0
23095.15422453643, 154, -1.0
23097.46319958423, 75, 1.0
23105.680158946754, 75, 1.0
23106.362957193607, 35, -1.0
23108.652919993372, 35, -1.0
23119.713279847307, 152, 1.0
23123.18334856507, 75, 1.0
23123.77257956251, 35, -1.0
23132.51090913054, 148, 1.0
23133.02717351469, 44, -1.0
23137.753084734002, 35, -1.0
23137.97187082662, 103, 1.0
23141.559397092868, 152, -1.0
23143.180737974082, 154, 1.0
23143.259908075164, 44, -1.0
23145.350940619028, 75, 1.0
23154.231914706, 152, -1.0
23157.646551106383, 44, -1.0
23159.706758699864, 148, -1.0
23163.306589453532, 148, -1.0
23169.57396576368, 35, -1.0
23176.43747368965, 152, -1.0
23184.187361183835, 101, 1.0
23186.642615092453, 103, 1.0
23192.03285874268, 35, -1.0
23192.99542360604, 101, 1.0
23194.8800393705, 35, -1.0
23200.407274822996, 44, -1.0
23223.27400387346, 154, 1.0
23226.868446761644, 35, -1.0
23231.47372172346, 35, 1.0
23234.115231402535, 35, 1.0
23234.831668336563, 152, 1.0
23237.139677532694, 101, 1.0
23240.095759700118, 44, -1.0
23241.558650156803, 154, 1.0
23245.388596183948, 154, 1.0
23246.8252274615, 75, 1.0
23249.3035520963, 75, 1.0
23250.060082601645, 152, -1.0
23251.21300951715, 103, 1.0
23252.860608123337, 75, -1.0
23254.413979662375, 75, -1.0
23255.56832828882, 154, 1.0
23256.465675930573, 35, -1.0
23261.2068483316, 35, 1.0
23268.465707285915, 44, -1.0
23270.369409808067, 152, -1.0
23276.072822372444, 101, 1.0
23282.89328234522, 44, -1.0
23286.15084174955, 103, 1.0
23287.19264665899, 101, 1.0
23287.397227191555, 35, -1.0
23288.361523466803, 152, -1.0
23291.152635772458, 103, 1.0
23291.239038891992, 154, -1.0
23292.256742091875, 101, 1.0
23300.09363059159, 152, -1.0
23300.99007920384, 152, -1.0
23301.87021927785, 152, -1.0
23308.082000335115, 152, 1.0
23312.995624973355, 44, -1.0
23332.656960458105, 152, -1.0
23333.867379580166, 75, -1.0
23334.245112053137, 101, 1.0
23338.964825764142, 103, -1.0
23352.388795612194, 35, -1.0
23353.84988832528, 35, -1.0
23355.636842943353, 103, 1.0
23360.6694214796, 35, 1.0
23361.826272158505, 101, 1.0
23364.490820558174, 103, 1.0
23373.459324027423, 75, -1.0
23381.060481389803, 44, -1.0
23382.349368280917, 35, -1.0
23383.669638928062, 148, -1.0
23384.94962444557, 101, -1.0
23386.35996419223, 103, 1.0
23389.201392793893, 148, -1.0
23390.802970502224, 75, 1.0
23390.837341195307, 148, -1.0
23394.37214512123, 101, -1.0
23396.592649371003, 75, 1.0
23397.039544705694, 75, 1.0
23404.125213981333, 148, -1.0
23407.7438094994, 154, 1.0
23409.046160852555, 101, 1.0
23412.18749759824, 101, 1.0
23412.813495082642, 75, -1.0
23416.726611325616, 44, 1.0
23424.750170781037, 75, 1.0
23443.976935780884, 101, -1.0
23455.12643318704, 35, -1.0
23459.11756797157, 35, 1.0
23460.79221849954, 75, -1.0
23460.953061351673, 101, 1.0
23462.634332138427, 101, -1.0
23468.748743759308, 101, 1.0
23469.445636362176, 75, 1.0
23475.14817892778, 101, 1.0
23476.47643577231, 35, -1.0
23476.752401809466, 152, 1.0
23480.020577920888, 154, -1.0
23485.316581948835, 35, -1.0
23489.30383175353, 154, 1.0
23503.7253237291, 103, 1.0
23505.59066774406, 103, 1.0
23506.006870896126, 35, -1.0
23508.078800530257, 152, -1.0
23510.7051934586, 103, 1.0
23513.330359955173, 148, -1.0
23520.805033157896, 101, 1.0
23524.15662114117, 101, 1.0
23525.21309783256, 35, -1.0
23533.378430033674, 103, 1.0
23536.797835379264, 35, -1.0
23541.75018518452, 152, -1.0
23542.22534061718, 103, 1.0
23542.447414574355, 44, -1.0
23544.51914531391, 148, 1.0
23546.21694878291, 103, 1.0
23565.833560395542, 148, -1.0
23567.264980949392, 152, -1.0
23570.134234837584, 152, -1.0
23585.83144404752, 103, 1.0
23598.710793793387, 101, 1.0
23609.351015343844, 103, 1.0
23611.061935461203, 103, 1.0
23612.902339020555, 35, -1.0
23622.00036778221, 75, 1.0
23622.37227642857, 103, 1.0
23625.755668432197, 75, 1.0
23633.511062813675, 154, 1.0
23634.03335261852, 44, -1.0
23637.151827677582, 75, 1.0
23643.73464279873, 103, 1.0
23644.604801562036, 148, -1.0
23657.271195695568, 101, 1.0
23659.68678286622, 35, -1.0
23669.255831640116, 75, 1.0
23673.96344446114, 35, -1.0
23681.238870775127, 75, 1.0
23681.86632368656, 152, -1.0
23692.255473460544, 35, -1.0
23695.14436891596, 75, 1.0
23706.19457855166, 103, 1.0
23709.97873983485, 75, -1.0
23711.007213993802, 35, -1.0
23714.056454675367, 152, -1.0
23714.643053209013, 44, -1.0
23715.854852762553, 154, 1.0
23728.777549066883, 35, -1.0
23730.957202762842, 101, -1.0
23742.791695865773, 101, -1.0
23746.0549489609, 44, -1.0
23749.298525470633, 154, 1.0
23750.21103307834, 152, -1.0
23754.035550873123, 154, 1.0
23766.806765199333, 101, -1.0
23775.772147246873, 103, 1.0
23779.910649496836, 75, 1.0
23781.6029497138, 35, 1.0
23781.87269887816, 35, -1.0
23782.405338834953, 103, 1.0
23784.25395505123, 44, -1.0
23786.39703790973, 75, 1.0
23792.64209270993, 103, 1.0
23809.501559660283, 44, -1.0
23814.198022878394, 101, 1.0
23822.727715984576, 75, 1.0
23845.180890150023, 101, 1.0
23852.177847192273, 152, -1.0
23857.2904561914, 101, 1.0
23860.0491323606, 44, -1.0
23870.109983472074, 101, 1.0
23870.65613726592, 103, 1.0
23874.47406727866, 101, -1.0
23874.82165262084, 75, -1.0
23877.067764761956, 35, -1.0
23877.513691009768, 101, 1.0
23879.798520603814, 101, 1.0
23883.582199135693, 75, -1.0
23888.47517479821, 101, 1.0
23890.24768928863, 44, -1.0
23892.225100001437, 101, 1.0
23892.464532804384, 75, 1.0
23894.94152188286, 101, 1.0
23902.51403298645, 35, -1.0
23904.09265157205, 103, 1.0
23906.233628685302, 103, 1.0
23907.173138107104, 75, 1.0
23909.38878485239, 103, 1.0
23913.791631145396, 101, 1.0
23916.00703389941, 75, -1.0
23922.26396284289, 101, -1.0
23926.7984648476, 101, 1.0
23927.883795357564, 75, -1.0
23929.97365446602, 35, 1.0
23941.760963113084, 154, 1.0
23942.344972981795, 44, -1.0
23942.94921216523, 152, -1.0
23947.5364003718, 75, 1.0
23949.522147000414, 152, -1.0
23954.641734347246, 103, -1.0
23955.0030312554, 75, 1.0
23965.26812757141, 103, -1.0
23968.877325701993, 35, -1.0
23981.839607844795, 152, -1.0
23984.934401359125, 101, -1.0
23987.10907415343, 35, -1.0
23987.427867211958, 75, 1.0
23988.184022192017, 152, -1.0
23991.48652113069, 75, 1.0
23997.521401316157, 148, -1.0
23999.1117801438, 154, 1.0
24003.01434398395, 101, -1.0
24003.12364280802, 103, 1.0
24007.00543344489, 103, 1.0
24010.808461623496, 44, -1.0
24015.49703041933, 75, -1.0
24018.506116285214, 35, -1.0
24018.805205476892, 154, 1.0
24027.962131224478, 44, -1.0
24029.886396385078, 35, 1.0
24038.2324569243, 148, -1.0
24041.11334293669, 35, -1.0
24043.82144475566, 35, 1.0
24044.053160705986, 101, 1.0
24045.769869891996, 152, -1.0
24055.955754901704, 35, 1.0
24057.23471037824, 75, 1.0
24078.744630912905, 35, -1.0
24080.265920768805, 101, 1.0
24080.611520981725, 44, -1.0
24083.555626292582, 101, 1.0
24086.900102808406, 101, 1.0
24090.15679020728, 101, 1.0
24095.83451220256, 101, 1.0
24096.77098643893, 152, 1.0
24111.85331873853, 35, -1.0
24115.95626989875, 154, 1.0
24116.866665773276, 44, -1.0
24118.768866022067, 101, 1.0
24124.757756611438, 101, 1.0
24127.51711965904, 75, 1.0
24127.6037628334, 152, -1.0
24130.804002617202, 154, -1.0
24131.477926618787, 75, 1.0
24137.143341376748, 152, 1.0
24137.985197703005, 35, 1.0
24139.16126496364, 103, 1.0
24143.41676684547, 154, -1.0
24148.961997814335, 44, -1.0
24150.618098076604, 101, 1.0
24161.664408019584, 75, 1.0
24167.65285147346, 154, 1.0
24169.442543279736, 103, 1.0
24172.276255091856, 35, -1.0
24177.719496188492, 35, -1.0
24181.22455528353, 148, -1.0
24195.3999079828, 75, 1.0
24206.944230708497, 152, -1.0
24208.116734766936, 101, -1.0
24209.534562807177, 101, -1.0
24210.18423062642, 154, 1.0
24218.748571230546, 154, -1.0
24222.49830007786, 35, -1.0
24226.208186576056, 35, -1.0
24228.125901568033, 44, -1.0
24229.758461274756, 101, 1.0
24229.829106114277, 44, -1.0
24234.862553723327, 101, 1.0
24245.490170860525, 103, 1.0
24251.744857612528, 103, 1.0
24253.320115025374, 75, 1.0
24260.416634851845, 44, -1.0
24265.134935125127, 44, -1.0
24270.663335251284, 103, 1.0
24277.80734841101, 103, 1.0
24281.05439628722, 101, 1.0
24283.26903211383, 101, -1.0
24283.749231624657, 75, 1.0
24288.477327048586, 44, -1.0
24294.356773536594, 101, 1.0
24313.389721041913, 154, 1.0
24316.73312358068, 103, 1.0
24325.836165469853, 103, 1.0
24326.141467711364, 35, -1.0
24341.41979858926, 154, 1.0
24353.70724240873, 154, 1.0
24355.431341044998, 75, 1.0
24361.966668860172, 35, -1.0
24363.037211634262, 35, -1.0
24363.508333351565, 152, -1.0
24364.80600749146, 103, -1.0
24373.467432579604, 35, -1.0
24377.564210976554, 101, 1.0
24379.309679804213, 148, -1.0
24393.513499478402, 75, 1.0
24393.912305451053, 75, -1.0
24408.741901482543, 75, 1.0
24415.22101790576, 154, 1.0
24417.339164514764, 75, 1.0
24421.454371762036, 75, 1.0
24428.83280628577, 152, -1.0
24431.43428562262, 101, 1.0
24435.81500847921, 148, -1.0
24438.01845642819, 44, -1.0
24438.342627492093, 152, -1.0
24441.746152581487, 75, 1.0
24446.64015116483, 101, -1.0
24450.28130184536, 44, -1.0
24454.532054100586, 75, 1.0
24455.674950074983, 35, -1.0
24457.335528366533, 103, -1.0
24462.24444673563, 75, -1.0
24472.73255507862, 148, -1.0
24477.293310259098, 75, -1.0
24478.974788257037, 75, -1.0
24482.037242798113, 101, 1.0
24487.971906857827, 103, 1.0
24498.093352667038, 103, -1.0
24510.82257197843, 101, 1.0
24520.524403396845, 101, -1.0
24521.053290324096, 148, -1.0
24526.67888825767, 101, -1.0
24527.169758492804, 148, -1.0
24532.041549340487, 35, -1.0
24533.12053281388, 35, 1.0
24537.07608997279, 103, 1.0
24537.42940310668, 35, -1.0
24548.92057676773, 75, 1.0
24549.237614027683, 35, -1.0
24554.165887308685, 101, -1.0
24555.715596808543, 75, 1.0
24559.314463841136, 152, -1.0
24564.160071006085, 35, 1.0
24572.546808025156, 44, -1.0
24577.540376756922, 101, 1.0
24580.303031619795, 154, 1.0
24588.461449661037, 101, -1.0
24594.551203781517, 154, 1.0
24599.290467067967, 154, 1.0
24601.17378839058, 152, -1.0
24616.06132395715, 35, -1.0
24623.070858560983, 35, 1.0
24623.70009334011, 154, 1.0
24639.911936389333, 75, 1.0
24649.084756269163, 152, 1.0
24650.102703448145, 152, -1.0
24662.615392341035, 35, -1.0
24664.944813885206, 152, -1.0
24668.547545539706, 35, 1.0
24683.392506445718, 101, -1.0
24685.054119084685, 152, -1.0
24687.665688148223, 152, -1.0
24693.779828976643, 154, 1.0
24703.083713523665, 101, 1.0
24703.10025374058, 75, 1.0
24704.40927730449, 152, -1.0
24704.850633080438, 35, -1.0
24712.27178371083, 103, 1.0
24716.58393454221, 44, -1.0
24717.224444114698, 35, -1.0
24720.025075833, 35, -1.0
24721.59867640366, 154, 1.0
24725.644576572606, 101, -1.0
24733.075214101817, 75, 1.0
24735.622149239458, 101, -1.0
24744.09806751144, 152, -1.0
24745.45295627843, 103, 1.0
24757.494764508836, 75, 1.0
24762.516694333965, 35, -1.0
24769.81644459204, 154, 1.0
24770.466303868427, 75, 1.0
24771.22721419511, 103, 1.0
24776.08092131652, 154, 1.0
24781.57550335843, 148, -1.0
24787.399391226696, 35, -1.0
24790.84826872765, 101, -1.0
24791.394869378593, 44, -1.0
24791.44204419773, 152, 1.0
24793.354666699808, 75, 1.0
24795.05338129353, 154, 1.0
24797.293666029957, 75, 1.0
24799.17460070944, 103, -1.0
24801.550446790363, 103, 1.0
24806.60499180926, 44, -1.0
24809.6691241554, 148, -1.0
24814.059181343655, 101, 1.0
24816.956123580738, 103, 1.0
24823.47579915716, 35, -1.0
24829.812510941472, 154, 1.0
24830.4267895558, 75, -1.0
24832.033882514625, 152, 1.0
24841.323700321973, 152, -1.0
24848.936702757597, 101, -1.0
24853.07214516429, 152, -1.0
24855.407983294463, 35, -1.0
24857.32551917659, 44, -1.0
24864.39089944565, 101, 1.0
24871.591901147367, 101, -1.0
24878.857287029048, 75, 1.0
24879.770345030105, 44, -1.0
24880.674470740072, 44, -1.0
24883.147255358715, 154, 1.0
24883.71300728465, 35, -1.0
24890.379729813918, 75, 1.0
24891.22132312486, 154, 1.0
24891.29044009985, 103, 1.0
24891.49913254733, 75, -1.0
24900.20129781785, 35, -1.0
24903.400211160617, 101, -1.0
24903.617002823816, 152, -1.0
24903.77893143037, 103, 1.0
24905.347404393935, 152, 1.0
24908.869865948152, 154, 1.0
24910.60673717783, 152, -1.0
24913.5920414506, 101, 1.0
24914.99116859666, 154, 1.0
24915.016779816153, 101, -1.0
24915.451539937974, 154, -1.0
24919.623915872733, 44, -1.0
24926.582919550667, 101, -1.0
24927.68524979485, 75, -1.0
24938.582321066, 44, -1.0
24948.16667648046, 101, 1.0
24952.715980316552, 75, 1.0
24953.35126455838, 101, -1.0
24954.072515680164, 101, 1.0
24959.051341553946, 35, -1.0
24963.038897309434, 103, 1.0
24969.051792326263, 152, -1.0
24972.95777252692, 35, 1.0
24978.00630901524, 148, -1.0
24984.107772142805, 101, -1.0
24990.299246817704, 35, 1.0
25002.00868721022, 152, 1.0
25003.144200745824, 154, -1.0
25006.978739976996, 152, -1.0
25008.93592329577, 154, 1.0
25011.882542002608, 103, 1.0
25017.110393072406, 154, 1.0
25027.98529001136, 35, -1.0
25031.93070373559, 44, -1.0
25033.85916479125, 154, -1.0
25036.451706926036, 152, -1.0
25042.197576751594, 35, 1.0
25043.819426428276, 152, -1.0
25049.54922646077, 101, 1.0
25059.77107920868, 44, -1.0
25063.58888394883, 101, 1.0
25077.901794671077, 101, 1.0
25079.433044106, 44, -1.0
25086.36743864397, 152, -1.0
25103.81070895442, 75, 1.0
25105.25268969783, 152, 1.0
25112.888513592312, 44, -1.0
25113.43953359076, 35, -1.0
25114.143490991955, 101, -1.0
25118.85949421032, 35, -1.0
25119.45312623665, 35, -1.0
25122.195521267808, 152, -1.0
25129.66524224945, 101, 1.0
25142.25019033952, 75, 1.0
25143.903907103442, 101, -1.0
25150.570162731612, 75, 1.0
25154.722922337183, 101, -1.0
25165.729997975675, 35, -1.0
25167.08622736961, 103, 1.0
25175.530352709175, 35, -1.0
25178.059722854745, 101, 1.0
25181.19237413741, 152, -1.0
25181.77493063709, 154, 1.0
25187.928082748538, 148, -1.0
25190.00921022387, 101, 1.0
25193.512861847074, 75, 1.0
25203.615176980275, 101, 1.0
25214.44447891506, 152, 1.0
25228.523677004367, 101, -1.0
25235.828240256633, 44, -1.0
25254.34578011131, 101, 1.0
25255.727305064043, 35, -1.0
25257.73865613077, 101, 1.0
25265.948006135062, 35, 1.0
25276.842620069005, 35, -1.0
25277.866175295, 35, -1.0
25281.496941828653, 35, -1.0
25288.987955882858, 154, 1.0
25289.241720204536, 103, -1.0
25292.881260313232, 101, 1.0
25294.696632383308, 75, 1.0
25303.425566212823, 101, 1.0
25320.484181040658, 148, -1.0
25323.088817161533, 152, -1.0
25330.731244570707, 75, 1.0
25331.073946113196, 148, -1.0
25332.041390890365, 154, 1.0
25338.69896474974, 75, 1.0
25347.373554654, 103, 1.0
25357.269923630032, 103, 1.0
25359.130137715696, 101, 1.0
25366.793612749036, 35, 1.0
25374.149549887046, 35, -1.0
25381.59280655261, 35, -1.0
25389.406284272114, 44, -1.0
25390.177984539165, 103, 1.0
25393.853829882544, 44, -1.0
25397.206105377874, 103, 1.0
25399.29259734467, 103, 1.0
25405.891710248947, 44, -1.0
25412.628616947117, 75, 1.0
25413.16936408757, 101, 1.0
25414.563914710503, 35, -1.0
25415.06027396883, 44, -1.0
25427.456567229623, 75, -1.0
25427.848089786894, 75, -1.0
25428.65021274848, 101, 1.0
25434.46094515042, 75, 1.0
25436.862768404706, 101, 1.0
25441.100040706584, 152, -1.0
25442.57529289293, 75, 1.0
25443.665147254294, 152, -1.0
25449.741709560425, 101, -1.0
25451.453363124776, 101, 1.0
25465.42168414118, 148, 1.0
25468.28176961423, 101, 1.0
25477.617506186773, 101, 1.0
25481.589579867377, 152, -1.0
25481.984845615407, 101, 1.0
25484.536880872605, 148, 1.0
25488.035456491943, 101, 1.0
25494.276366454385, 35, 1.0
25496.7568585758, 35, -1.0
25507.37312963461, 35, -1.0
25510.39566283801, 154, 1.0
25510.822778874044, 152, -1.0
25514.60388104456, 154, 1.0
25526.8176729892, 44, -1.0
25528.184443700167, 101, -1.0
25528.67517113343, 103, 1.0
25529.313201001896, 75, -1.0
25566.467414259267, 103, 1.0
25567.525701851027, 35, -1.0
25575.76454021271, 103, 1.0
25578.86702512992, 154, 1.0
25583.399064103174, 154, 1.0
25584.12577336012, 75, 1.0
25585.806514346594, 35, -1.0
25585.936235475478, 75, -1.0
25613.80210851209, 148, -1.0
25616.658551107437, 35, 1.0
25617.39349839556, 75, -1.0
25618.263981784396, 152, 1.0
25619.37422730688, 152, -1.0
25631.388143307573, 35, -1.0
25636.83187180168, 152, -1.0
25639.519884586396, 103, -1.0
25641.834034606927, 75, -1.0
25642.379086184286, 35, -1.0
25650.7955668558, 154, 1.0
25651.479836275314, 101, 1.0
25652.202277281176, 103, -1.0
25654.911763973745, 75, -1.0
25661.87974221305, 75, -1.0
25664.086664247992, 103, 1.0
25664.71895002229, 75, 1.0
25668.80837146012, 35, -1.0
25669.64041612154, 35, -1.0
25670.570940858197, 44, -1.0
25672.16078367488, 152, -1.0
25673.861309489843, 148, -1.0
25682.025304914085, 35, -1.0
25698.96749048889, 44, 1.0
25702.3246547827, 75, 1.0
25702.38607170653, 35, 1.0
25708.632378868933, 154, -1.0
25714.12710837761, 101, 1.0
25714.424077214197, 103, 1.0
25714.567969180353, 35, -1.0
25719.26335526673, 44, 1.0
25721.546448162033, 103, 1.0
25724.608684256313, 101, 1.0
25725.42370301279, 44, -1.0
25726.60959542223, 44, -1.0
25726.6923010019, 44, -1.0
25739.782334954765, 35, -1.0
25740.76529495749, 44, -1.0
25742.41479725943, 101, 1.0
25744.948617366354, 44, -1.0
25748.124794101106, 35, 1.0
25748.436538807033, 103, 1.0
25749.579196717583, 75, 1.0
25751.295386839316, 101, 1.0
25752.907234375336, 101, 1.0
25757.072093834096, 148, -1.0
25758.663336480153, 152, -1.0
25761.49397278448, 152, -1.0
25770.842685874322, 103, -1.0
25774.814409734936, 103, 1.0
25775.062037446252, 148, -1.0
25779.220461806264, 44, -1.0
25779.302327148962, 148, -1.0
25788.223491083747, 103, 1.0
25801.094758282976, 35, 1.0
25803.111616130365, 35, 1.0
25810.86977712838, 103, 1.0
25813.804305630532, 35, -1.0
25817.04661311928, 35, -1.0
25818.123879506053, 103, 1.0
25822.712878291186, 35, -1.0
25826.631736076288, 44, -1.0
25835.63044354655, 148, 1.0
25841.441282935335, 35, -1.0
25846.05952643146, 35, 1.0
25851.05785276744, 152, 1.0
25853.898118425604, 152, -1.0
25862.388193658735, 35, -1.0
25865.262455506116, 35, -1.0
25869.812112666255, 154, 1.0
25873.992797497507, 103, 1.0
25885.751727569324, 75, -1.0
25895.413371057937, 101, -1.0
25903.206701514435, 103, 1.0
25908.976707500024, 154, 1.0
25913.487333267913, 152, 1.0
25914.87484915785, 154, 1.0
25921.75597647991, 101, 1.0
25935.666419597917, 44, -1.0
25938.409103379825, 44, -1.0
25942.93598194696, 75, 1.0
25944.54136945385, 35, -1.0
25946.23824804392, 75, -1.0
25949.116930861335, 103, 1.0
25951.88351298165, 101, 1.0
25958.939177064858, 35, -1.0
25971.91815092293, 103, 1.0
25985.74003625605, 35, -1.0
25986.109023129615, 101, 1.0
25996.445842005727, 75, 1.0
26006.88014633904, 103, -1.0
26013.029246236383, 103, 1.0
26015.016363796323, 101, 1.0
26025.832083034977, 148, -1.0
26028.413032026474, 101, 1.0
26028.720744975937, 148, -1.0
26038.045981523628, 35, -1.0
26039.024190301225, 44, -1.0
26042.89231891493, 101, 1.0
26045.62947779835, 35, -1.0
26045.67050997986, 44, -1.0
26046.41174341936, 75, -1.0
26048.198680329842, 101, 1.0
26052.264412159304, 148, -1.0
26053.437714408097, 154, 1.0
26068.064564277087, 44, -1.0
26078.43103909426, 101, 1.0
26078.814264094683, 154, 1.0
26090.875593719753, 103, -1.0
26098.243016252636, 35, -1.0
26109.703811044303, 75, 1.0
26110.10788258278, 101, 1.0
26113.260471637575, 103, 1.0
26120.962875379897, 152, 1.0
26127.405962489236, 152, -1.0
26139.353668800406, 75, -1.0
26140.217897643164, 35, -1.0
26142.66368473398, 75, -1.0
26143.268922295934, 35, 1.0
26146.271269539273, 148, -1.0
26148.743359380594, 44, -1.0
26152.977856971826, 154, 1.0
26154.410505241398, 35, -1.0
26154.50682426506, 35, -1.0
26155.861144117367, 44, 1.0
26157.33858329818, 103, -1.0
26159.898581014528, 44, -1.0
26162.607908877682, 75, -1.0
26164.604520241915, 35, -1.0
26166.50873852915, 148, 1.0
26171.673689555228, 35, -1.0
26172.063492336434, 152, -1.0
26177.30448075899, 101, 1.0
26182.989391774234, 103, 1.0
26186.67875967898, 152, 1.0
26189.371108793493, 75, -1.0
26189.376329145223, 75, -1.0
26197.98497920178, 35, -1.0
26205.422402493736, 154, -1.0
26208.426063143834, 75, 1.0
26210.795676843078, 35, 1.0
26212.8200806992, 103, 1.0
26216.01972963714, 103, 1.0
26216.35592047155, 35, -1.0
26222.796324075734, 44, -1.0
26224.86458227822, 101, 1.0
26236.128359337155, 35, 1.0
26238.38586258609, 101, 1.0
26239.3097647256, 152, -1.0
26258.621426593472, 154, 1.0
26260.34999242927, 35, 1.0
26260.387499839755, 44, -1.0
26267.830806613554, 75, -1.0
26268.908271482836, 101, 1.0
26273.09891392786, 154, 1.0
26274.92416411364, 152, -1.0
26287.588471455387, 154, 1.0
26291.67451416479, 152, 1.0
26313.9654545854, 154, 1.0
26323.02909176372, 44, -1.0
26351.6716285614, 75, 1.0
26352.34148503525, 101, -1.0
26359.2779829366, 103, 1.0
26360.63550982346, 154, -1.0
26363.276559138445, 101, 1.0
26364.518598071863, 154, 1.0
26365.375400707508, 152, -1.0
26365.913179892443, 35, -1.0
26368.285160481846, 103, 1.0
26369.783894326833, 101, 1.0
26373.20573706582, 101, -1.0
26383.130342341778, 103, 1.0
26389.720566071617, 152, -1.0
26395.169093290293, 75, -1.0
26399.899897735515, 75, -1.0
26401.33305830265, 103, 1.0
26403.75423364842, 103, 1.0
26406.238964269993, 101, 1.0
26417.868582621093, 148, -1.0
26422.63613336288, 75, -1.0
26426.666143483497, 44, -1.0
26431.93493982095, 154, 1.0
26442.791982254694, 35, -1.0
26447.02193500164, 152, -1.0
26451.207719405564, 154, 1.0
26455.103772599443, 148, -1.0
26455.69435098242, 103, 1.0
26458.847830053335, 101, 1.0
26460.727860587223, 75, 1.0
26461.336228641827, 75, 1.0
26463.6469606147, 148, -1.0
26465.231835690563, 103, 1.0
26469.162144529775, 148, -1.0
26477.853446501493, 35, -1.0
26479.021172358418, 154, 1.0
26480.88944932609, 75, -1.0
26482.00174766989, 75, -1.0
26484.070593847653, 101, -1.0
26490.023074654357, 103, 1.0
26491.343450102446, 103, 1.0
26494.294295421245, 103, 1.0
26496.0431886169, 103, 1.0
26497.882493422738, 154, -1.0
26505.733978504082, 101, 1.0
26514.32461157975, 101, 1.0
26526.742165195596, 154, 1.0
26527.574862444173, 101, 1.0
26528.523846044955, 152, -1.0
26535.59582853373, 101, 1.0
26537.996027337434, 103, -1.0
26538.982442909102, 35, -1.0
26541.058147816962, 148, -1.0
26542.043169733617, 103, 1.0
26542.761381652672, 103, 1.0
26543.640015976474, 101, 1.0
26544.166436084335, 103, 1.0
26545.533588501203, 75, -1.0
26549.57953486706, 44, -1.0
26556.1425157277, 101, 1.0
26558.20747240812, 152, 1.0
26563.086300675008, 152, 1.0
26563.248077733944, 35, -1.0
26564.54934107913, 103, 1.0
26567.801703281646, 101, 1.0
26591.148872553687, 103, 1.0
26594.690551298703, 152, 1.0
26610.420829795545, 35, 1.0
26619.77216957874, 103, 1.0
26622.052372326838, 148, -1.0
26622.581410653293, 103, 1.0
26623.100291837356, 44, -1.0
26624.85255482093, 35, -1.0
26628.461239919234, 103, 1.0
26634.715221654293, 148, -1.0
26634.775646254275, 101, -1.0
26636.03598810748, 35, -1.0
26644.807360829825, 103, 1.0
26645.36973410311, 101, 1.0
26647.564219508502, 148, -1.0
26653.060180096618, 35, -1.0
26657.781692637705, 101, 1.0
26675.23105097775, 152, 1.0
26675.247553729907, 75, -1.0
26676.62994843724, 75, 1.0
26683.31037390599, 75, -1.0
26683.49995326967, 75, 1.0
26692.670566459583, 35, 1.0
26700.598135697954, 101, 1.0
26717.449630144507, 154, 1.0
26721.93316351524, 103, 1.0
26742.086856235845, 101, 1.0
26742.355942096518, 148, -1.0
26745.929535180083, 75, -1.0
26753.864007164775, 154, -1.0
26756.849659546246, 152, -1.0
26757.05360278585, 103, 1.0
26761.527042959955, 35, -1.0
26761.830889149653, 103, 1.0
26762.083988624006, 103, 1.0
26763.606409727585, 103, 1.0
26763.844302183123, 35, 1.0
26764.82139756938, 103, 1.0
26769.608640655348, 35, -1.0
26772.361876440624, 101, 1.0
26778.516390579167, 103, -1.0
26786.902825526733, 154, 1.0
26791.275610838275, 75, -1.0
26794.882893814545, 44, -1.0
26795.21626484824, 101, 1.0
26798.95399649397, 103, 1.0
26798.969874173228, 35, -1.0
26806.649612088084, 148, -1.0
26807.45721612972, 103, 1.0
26811.619310482587, 35, 1.0
26816.945067424927, 152, 1.0
26818.36781052828, 44, -1.0
26821.230822557434, 148, -1.0
26824.68440076197, 103, 1.0
26826.11972090086, 44, -1.0
26827.422130690702, 44, -1.0
26827.664737359017, 75, 1.0
26828.531703027704, 35, -1.0
26834.56145364082, 103, 1.0
26834.78262243387, 35, -1.0
26839.954170043704, 103, 1.0
26840.39548050592, 152, -1.0
26840.41141798109, 44, -1.0
26845.530539364107, 101, 1.0
26847.38987202336, 75, -1.0
26852.64903553437, 152, 1.0
26861.140311504092, 35, 1.0
26863.793149872006, 35, 1.0
26864.028919507764, 154, 1.0
26868.529191114998, 44, -1.0
26869.23350423353, 154, 1.0
26874.117878505356, 152, 1.0
26888.63099394726, 35, -1.0
26889.08754338184, 75, 1.0
26899.701692285962, 35, -1.0
26907.045461879225, 35, 1.0
26908.737330177297, 103, 1.0
26910.427304273006, 101, 1.0
26916.297897744946, 103, 1.0
26919.130377889833, 103, 1.0
26919.441847103062, 35, -1.0
26921.69410068447, 35, 1.0
26922.440918964432, 103, 1.0
26930.267494357973, 101, 1.0
26930.521878566895, 75, 1.0
26939.865287362743, 101, 1.0
26941.25296754843, 103, 1.0
26942.314036743974, 103, 1.0
26942.52413486822, 154, 1.0
26944.247184293057, 152, 1.0
26950.013056370957, 75, -1.0
26951.76467119866, 101, 1.0
26953.82161077056, 101, -1.0
26956.38350862651, 103, 1.0
26959.12172374927, 103, 1.0
26961.54216118526, 75, 1.0
26967.188189519424, 103, -1.0
26968.34906275896, 101, 1.0
26974.321854676913, 35, -1.0
26974.42770288094, 101, 1.0
26980.220727311877, 44, -1.0
27001.44448412115, 101, 1.0
27009.150421042556, 101, -1.0
27009.36899934241, 103, 1.0
27013.835259563977, 103, 1.0
27016.88800555847, 101, 1.0
27032.72115024368, 35, -1.0
27034.73325434868, 44, -1.0
27037.252147989482, 103, 1.0
27037.29369713727, 101, 1.0
27039.395196257316, 152, -1.0
27041.79844651499, 35, -1.0
27046.099378547347, 103, 1.0
27049.82539708482, 44, -1.0
27049.92080192823, 35, -1.0
27057.869980684052, 35, -1.0
27061.53111794764, 154, 1.0
27061.892703668076, 35, 1.0
27071.373096270152, 101, 1.0
27082.702747375595, 103, 1.0
27083.481269899483, 101, 1.0
27084.497495015024, 44, -1.0
27086.26463927708, 148, -1.0
27091.619342701884, 101, -1.0
27096.43696317871, 35, -1.0
27110.154525884474, 148, -1.0
27122.55095779, 75, 1.0
27128.99560947032, 44, -1.0
27153.628999581422, 35, -1.0
27157.00134351945, 35, -1.0
27180.45757806471, 75, 1.0
27185.680483075183, 152, 1.0
27194.1583322416, 103, 1.0
27200.793167566357, 103, 1.0
27201.9883885673, 154, 1.0
27202.47143442354, 101, 1.0
27207.444095632083, 148, -1.0
27213.336191539984, 75, -1.0
27215.590373014464, 44, -1.0
27216.182891022967, 152, 1.0
27221.124085974636, 152, -1.0
27221.622631346436, 35, -1.0
27224.030908661513, 148, -1.0
27228.55524659705, 154, 1.0
27230.00707017004, 35, 1.0
27230.319163838525, 152, -1.0
27244.571253428134, 103, 1.0
27247.45145332559, 103, 1.0
27263.03663274198, 152, -1.0
27277.168712587496, 35, -1.0
27277.82683706376, 35, -1.0
27281.605846035116, 148, -1.0
27282.34492352032, 103, 1.0
27288.11104078017, 103, 1.0
27289.897785010147, 101, 1.0
27300.466894336445, 103, 1.0
27301.83273339404, 44, -1.0
27303.190499016084, 101, 1.0
27304.733724567126, 101, 1.0
27305.522131678852, 152, -1.0
27310.515453105963, 101, 1.0
27313.122739178703, 152, -1.0
27313.60684273096, 154, 1.0
27314.73981737284, 44, -1.0
27316.646079402468, 35, -1.0
27322.074768157425, 35, 1.0
27322.305830876856, 44, -1.0
27322.911974088074, 44, -1.0
27328.868008286463, 101, 1.0
27332.768456237754, 75, 1.0
27343.941124087556, 103, 1.0
27349.71955985329, 152, -1.0
27352.138115481, 101, 1.0
27355.48763330374, 103, 1.0
27365.069692526267, 103, 1.0
27365.508669408635, 152, -1.0
27374.05257974955, 75, 1.0
27374.537217987938, 103, 1.0
27380.89455146201, 154, 1.0
27381.8828936723, 103, 1.0
27386.64827475431, 75, -1.0
27392.331986632948, 75, 1.0
27402.659293250123, 44, -1.0
27412.320838171847, 103, 1.0
27413.765697159623, 75, -1.0
27414.38382555857, 101, 1.0
27418.45611228909, 44, -1.0
27419.390605615175, 35, -1.0
27421.012040325862, 75, -1.0
27421.641407066152, 35, -1.0
27425.9486171958, 75, 1.0
27427.44075954176, 35, -1.0
27428.375038609374, 103, 1.0
27432.13907486534, 103, 1.0
27439.105650291698, 35, -1.0
27442.468656431305, 154, 1.0
27453.472282336654, 35, -1.0
27473.850744714888, 101, 1.0
27475.036343468462, 152, -1.0
27480.23031782855, 148, -1.0
27487.04461548693, 101, -1.0
27500.235602794844, 148, -1.0
27502.981618332597, 44, 1.0
27508.517058066165, 75, 1.0
27523.65688940365, 75, 1.0
27527.79611523693, 103, 1.0
27532.353511531925, 103, 1.0
27533.85062348124, 101, 1.0
27534.53573924949, 44, -1.0
27542.876743026794, 103, 1.0
27549.48885148012, 75, 1.0
27552.498190743125, 103, 1.0
27556.233519200196, 75, 1.0
27560.224534646193, 35, -1.0
27564.245825474714, 154, 1.0
27574.98768004233, 35, 1.0
27575.105296334954, 75, -1.0
27575.20979828573, 35, -1.0
27575.229326137734, 35, 1.0
27575.229409544743, 101, -1.0
27578.279709488237, 35, -1.0
27585.030845146557, 103, 1.0
27588.01302739316, 103, 1.0
27593.574200132625, 44, -1.0
27599.57988662291, 103, 1.0
27616.543980138653, 101, 1.0
27622.287453907942, 44, -1.0
27636.471243181546, 101, -1.0
27644.05187221097, 103, 1.0
27653.081853105054, 152, 1.0
27653.463863065423, 35, -1.0
27654.08747966527, 101, 1.0
27660.978820380667, 103, 1.0
27665.124716824488, 103, 1.0
27670.790149537857, 101, 1.0
27671.497868942744, 101, 1.0
27673.971410401155, 103, 1.0
27675.3149029319, 103, 1.0
27676.978330342314, 75, -1.0
27678.823790249437, 103, 1.0
27681.137436038778, 35, 1.0
27686.259099375613, 154, 1.0
27687.31231342866, 35, -1.0
27693.784434092555, 35, 1.0
27700.94288120443, 103, 1.0
27707.07839011767, 148, -1.0
27711.848166821637, 152, 1.0
27713.740419792055, 103, 1.0
27714.151468347445, 75, -1.0
27714.512411593387, 152, -1.0
27719.079235432135, 103, 1.0
27726.768268030442, 103, 1.0
27729.686257103855, 103, 1.0
27731.934765697537, 101, -1.0
27734.720319409553, 75, -1.0
27735.687423534808, 35, -1.0
27738.994254483092, 44, -1.0
27740.874343714775, 152, -1.0
27749.038355722347, 101, 1.0
27753.996776258176, 101, 1.0
27755.772628048577, 35, 1.0
27757.850485396844, 35, -1.0
27758.5592839418, 35, -1.0
27763.732293570403, 154, 1.0
27765.905821258995, 75, 1.0
27766.795199828633, 103, 1.0
27772.619956411065, 44, -1.0
27774.32548355407, 35, -1.0
27785.9058050332, 35, -1.0
27808.15854911268, 35, 1.0
27812.01492595878, 152, -1.0
27812.324465544305, 101, 1.0
27813.847917947976, 75, 1.0
27814.339087506254, 44, -1.0
27817.23281360099, 103, 1.0
27817.42056320203, 103, 1.0
27819.146420891382, 154, 1.0
27819.50501205729, 35, -1.0
27822.392946951008, 75, -1.0
27833.193923222316, 154, 1.0
27834.120278342984, 103, 1.0
27834.92316564969, 103, 1.0
27835.129402176546, 75, 1.0
27847.577358234077, 101, 1.0
27848.247079773522, 103, 1.0
27850.70149140274, 101, 1.0
27865.012867192683, 148, 1.0
27865.20280401683, 35, -1.0
27866.936305242976, 35, -1.0
27867.641045338514, 75, 1.0
27873.19281027341, 148, -1.0
27878.505032960784, 148, -1.0
27880.837658665085, 103, 1.0
27886.88944975275, 103, 1.0
27891.53446871797, 35, -1.0
27896.956637456235, 44, -1.0
27906.59914326597, 148, 1.0
27906.810104625623, 75, -1.0
27906.907333190054, 101, 1.0
27909.33414763411, 44, -1.0
27915.106498393765, 35, 1.0
27916.317000792606, 44, -1.0
27921.28926573854, 103, 1.0
27935.722680741168, 35, 1.0
27936.275477529394, 103, 1.0
27940.390522263966, 35, -1.0
27945.69189502177, 103, 1.0
27948.237679752336, 103, 1.0
27953.571936632492, 103, 1.0
27955.351913332615, 44, -1.0
27958.305187834143, 35, -1.0
27964.412360049286, 103, 1.0
27970.219438014836, 103, 1.0
27973.123504069874, 75, -1.0
27975.79215186873, 148, -1.0
27980.77515535377, 103, 1.0
27984.925390382778, 35, -1.0
27994.821021028463, 154, 1.0
28014.847001354465, 101, 1.0
28015.008882587612, 75, -1.0
28019.10767478079, 35, -1.0
28027.26929961165, 103, 1.0
28028.93625073075, 103, -1.0
28036.798954113685, 35, 1.0
28040.399986697186, 154, 1.0
28044.664305060014, 101, 1.0
28045.94850620911, 148, -1.0
28046.89889358014, 44, -1.0
28049.00022930496, 75, 1.0
28059.8873464783, 101, 1.0
28065.12356380058, 152, 1.0
28070.355488802463, 35, -1.0
28074.225979318817, 35, -1.0
28077.032828357445, 103, 1.0
28082.401318188033, 101, 1.0
28092.832200431105, 35, 1.0
28092.87800720548, 152, -1.0
28092.979963194426, 44, -1.0
28094.546091198103, 103, 1.0
28102.10875848353, 103, 1.0
28103.15890980471, 35, -1.0
28107.022369119077, 101, 1.0
28109.472453513394, 101, 1.0
28121.195547835272, 154, 1.0
28121.696366847886, 152, 1.0
28126.57786719311, 35, -1.0
28127.72228805745, 103, 1.0
28132.212571631055, 35, 1.0
28132.57836164423, 75, -1.0
28149.002977802702, 154, 1.0
28154.851177293596, 35, -1.0
28156.506732156096, 148, -1.0
28160.94019945179, 101, 1.0
28165.951989089805, 101, 1.0
28170.397655629662, 101, 1.0
28177.172954171223, 101, 1.0
28179.985381753362, 152, 1.0
28187.518024455054, 75, 1.0
28194.2250847794, 75, 1.0
28206.13073407962, 103, 1.0
28207.218532779298, 44, -1.0
28213.096886432566, 154, 1.0
28216.276700247276, 103, 1.0
28223.10246396921, 75, -1.0
28225.131186639122, 75, 1.0
28226.328967485337, 103, 1.0
28226.608903206117, 101, 1.0
28226.834229738874, 35, -1.0
28230.858899887175, 44, -1.0
28239.019445326096, 103, 1.0
28248.127328354603, 35, -1.0
28249.449298931017, 154, 1.0
28259.301521210484, 148, -1.0
28262.85997855087, 35, -1.0
28266.27850189744, 101, -1.0
28268.673788558393, 103, -1.0
28275.353071565663, 35, -1.0
28277.962958773252, 103, 1.0
28277.99891567312, 154, 1.0
28278.01669962487, 35, -1.0
28281.78010223332, 148, -1.0
28286.453918187945, 103, 1.0
28302.911171280957, 44, -1.0
28306.767466944508, 101, 1.0
28319.530964061316, 101, 1.0
28321.90919090355, 103, 1.0
28322.496854807712, 103, 1.0
28325.97536581761, 75, -1.0
28331.308122746654, 44, -1.0
28331.52463510748, 35, 1.0
28343.040981582093, 35, -1.0
28346.053577301864, 35, -1.0
28348.515320449802, 44, -1.0
28348.67047124568, 75, 1.0
28350.743698420487, 101, -1.0
28352.62642915109, 103, 1.0
28353.35587851362, 148, -1.0
28355.80954720648, 101, 1.0
28362.30653045016, 35, -1.0
28369.350631389327, 103, 1.0
28370.283092254824, 103, 1.0
28371.79660629295, 148, 1.0
28373.03220965589, 75, 1.0
28379.721070785778, 75, -1.0
28382.679891014603, 75, -1.0
28386.591651816714, 101, 1.0
28389.894834960334, 75, -1.0
28394.123626603043, 101, 1.0
28398.90722674751, 44, -1.0
28403.147652738113, 35, -1.0
28405.414306444858, 75, 1.0
28407.047651102268, 101, 1.0
28422.56005740741, 148, -1.0
28436.79872755473, 75, -1.0
28443.692526558403, 152, 1.0
28445.423637232998, 101, 1.0
28446.14189417332, 103, 1.0
28467.431764347584, 75, 1.0
28472.75272714534, 103, 1.0
28473.470526383513, 35, -1.0
28475.101224413454, 103, 1.0
28477.84030621709, 152, -1.0
28477.875520169582, 103, 1.0
28478.83464808868, 35, -1.0
28484.718868221575, 75, 1.0
28485.925677580624, 35, -1.0
28488.040813509764, 44, -1.0
28488.475806877093, 103, 1.0
28493.797655255756, 35, -1.0
28498.29024399143, 75, 1.0
28502.865042750025, 103, 1.0
28506.046834306373, 152, -1.0
28514.87018577878, 75, -1.0
28519.574963130446, 101, 1.0
28520.846802057968, 103, 1.0
28524.171461218466, 75, 1.0
28536.342385712767, 101, 1.0
28536.62704592341, 152, 1.0
28537.913162109155, 35, 1.0
28554.19067233776, 75, 1.0
28558.478416766127, 103, 1.0
28560.199181537504, 101, 1.0
28563.43323290625, 101, -1.0
28565.411144345508, 75, -1.0
28574.99562503847, 35, 1.0
28587.12373725377, 101, 1.0
28594.26255103684, 75, 1.0
28595.65427130302, 101, 1.0
28603.870453425898, 103, -1.0
28605.129233203897, 148, -1.0
28613.54527850014, 154, 1.0
28616.67660011733, 35, 1.0
28617.152598676355, 75, -1.0
28623.815053764607, 152, -1.0
28623.98977125846, 103, 1.0
28625.38773149377, 35, 1.0
28628.310500500753, 101, 1.0
28635.123467449972, 103, 1.0
28641.42224571906, 148, -1.0
28644.09329520162, 35, 1.0
28658.26799598158, 75, 1.0
28660.54901305421, 154, 1.0
28662.2457522879, 35, -1.0
28672.33480883159, 75, 1.0
28675.351206471572, 35, -1.0
28676.099633473765, 103, 1.0
28680.43581568259, 35, -1.0
28682.383503812023, 44, -1.0
28685.81766019124, 103, 1.0
28686.809076868914, 103, 1.0
28689.04323478889, 101, 1.0
28689.956420301267, 75, 1.0
28696.940581912284, 152, -1.0
28698.152773691065, 103, 1.0
28702.873819545297, 35, 1.0
28703.1034124048, 101, 1.0
28717.56359134792, 75, -1.0
28723.673634018163, 35, -1.0
28728.801702107743, 44, -1.0
28746.4695165721, 148, -1.0
28748.345102609386, 44, -1.0
28750.408811873363, 44, -1.0
28751.67390229896, 101, 1.0
28757.591594658526, 35, 1.0
28762.95464957002, 75, 1.0
28776.036618533766, 152, -1.0
28776.084704414774, 44, -1.0
28781.443873214474, 35, -1.0
28783.42111107193, 35, 1.0
28785.11566716295, 101, 1.0
28790.08178546909, 35, 1.0
28794.552265061266, 101, 1.0
28795.32038831617, 35, -1.0
28795.572111671387, 44, -1.0
28807.004046445338, 101, -1.0
28811.259677529553, 152, -1.0
28824.785965106978, 35, 1.0
28829.17233369139, 101, 1.0
28839.2499442421, 148, -1.0
28846.49869889626, 152, 1.0
28858.489754684502, 35, -1.0
28861.987704356972, 103, -1.0
28862.766335810244, 101, 1.0
28863.109564599537, 75, 1.0
28871.02498387799, 103, 1.0
28872.313860805996, 75, 1.0
28883.722796818893, 35, 1.0
28885.90562886235, 152, 1.0
28893.375608058683, 103, 1.0
28893.604411705906, 75, 1.0
28899.083757228353, 103, 1.0
28902.065965155798, 35, -1.0
28908.851607526703, 35, -1.0
28910.952832956867, 35, 1.0
28915.494662097484, 101, 1.0
28918.498920490594, 101, 1.0
28928.388943228667, 103, -1.0
28928.803084111743, 35, -1.0
28933.99211279321, 103, 1.0
28937.35220256181, 152, 1.0
28939.1966316264, 44, -1.0
28939.342752682962, 75, 1.0
28939.664029187163, 152, -1.0
28940.052036626807, 103, 1.0
28942.81714641464, 154, -1.0
28973.691214014343, 75, 1.0
28977.002926901274, 75, -1.0
28978.63277197114, 35, -1.0
28979.84599189848, 101, 1.0
28994.37094524577, 154, 1.0
29002.60204338686, 35, -1.0
29005.43708880029, 101, -1.0
29010.10229563606, 154, 1.0
29012.763595018678, 103, 1.0
29025.64246189042, 75, 1.0
29026.946932802424, 35, -1.0
29029.253198759758, 75, 1.0
29036.53328628314, 44, -1.0
29039.815538707167, 103, 1.0
29045.43294309387, 75, -1.0
29047.154154247943, 148, -1.0
29047.731616904362, 101, 1.0
29049.88056336014, 35, -1.0
29051.982743831133, 101, -1.0
29052.42197877785, 152, -1.0
29056.543568149016, 152, 1.0
29068.061821606065, 152, -1.0
29069.47577346159, 75, 1.0
29069.763411206328, 75, 1.0
29077.13144975379, 75, 1.0
29081.06527630993, 35, -1.0
29082.76207530532, 103, 1.0
29090.460022675838, 101, 1.0
29093.99721787683, 152, 1.0
29096.269159483687, 154, 1.0
29104.965463015462, 148, -1.0
29105.547472617684, 75, 1.0
29110.577250760693, 154, 1.0
29112.935750211374, 152, 1.0
29116.107515284428, 101, 1.0
29116.21992824155, 101, 1.0
29117.731808534572, 101, 1.0
29122.537008166448, 152, 1.0
29132.96811818046, 154, -1.0
29137.927304625213, 35, -1.0
29141.770185111054, 154, 1.0
29145.642665798114, 103, 1.0
29147.876559595436, 35, -1.0
29149.012962804918, 35, 1.0
29154.556733894795, 75, 1.0
29157.904220523975, 35, -1.0
29164.929042898184, 35, -1.0
29165.533024529956, 154, 1.0
29168.207997037476, 101, -1.0
29173.16908210709, 101, -1.0
29182.14238873955, 148, -1.0
29189.03334928357, 103, 1.0
29192.104515363346, 154, 1.0
29195.146641014962, 101, -1.0
29198.15762978383, 44, -1.0
29204.483650951766, 103, -1.0
29205.43941539604, 152, 1.0
29222.795639044325, 101, 1.0
29230.322429565524, 148, -1.0
29232.39186455611, 103, 1.0
29244.9280087216, 152, 1.0
29268.015131138025, 35, -1.0
29282.563011949976, 148, -1.0
29284.550099246095, 154, -1.0
29286.573599683335, 75, 1.0
29288.974610980364, 75, -1.0
29291.05587842871, 75, 1.0
29295.203689069327, 103, 1.0
29295.642979700213, 152, 1.0
29295.692093651716, 75, 1.0
29300.316706729693, 35, 1.0
29306.664940929906, 103, 1.0
29326.186205323313, 35, -1.0
29328.028909289114, 103, 1.0
29328.520084850923, 152, -1.0
29331.010171792703, 44, 1.0
29333.12287533065, 35, -1.0
29334.40987541716, 75, 1.0
29345.81016917413, 101, -1.0
29347.049305630208, 152, 1.0
29347.169549025675, 101, -1.0
29356.88237429136, 101, -1.0
29364.494728797294, 101, -1.0
29364.984356177334, 101, 1.0
29382.184494957008, 35, -1.0
29386.115713332514, 75, 1.0
29386.438666374735, 148, -1.0
29394.54546146885, 35, -1.0
29395.055916144473, 35, -1.0
29395.3627442608, 101, 1.0
29395.825991955673, 35, -1.0
29403.951689257592, 35, 1.0
29405.129825030734, 101, 1.0
29412.67918392922, 148, -1.0
29415.925309022507, 152, -1.0
29417.68230439038, 148, -1.0
29417.941917879703, 103, 1.0
29421.885206226492, 35, -1.0
29423.457421597333, 152, -1.0
29424.54091699005, 75, 1.0
29433.61455308063, 75, -1.0
29442.68833611529, 101, -1.0
29443.880777273902, 148, -1.0
29452.588836566494, 35, -1.0
29464.553448906514, 75, 1.0
29464.56159577292, 152, 1.0
29471.15748971997, 35, -1.0
29472.707703162436, 101, -1.0
29475.345432600123, 152, 1.0
29483.438276123587, 101, 1.0
29493.33087685924, 103, 1.0
29497.205108865848, 44, 1.0
29498.135274741784, 35, -1.0
29501.95881141696, 148, -1.0
29505.727863978507, 75, 1.0
29508.439089445616, 101, -1.0
29521.96207492047, 103, 1.0
29523.419173904127, 44, -1.0
29536.960061954396, 35, -1.0
29540.188266004734, 101, -1.0
29543.413067177313, 35, -1.0
29545.94197286063, 154, -1.0
29549.274356013662, 101, 1.0
29551.912965742493, 103, 1.0
29553.92487138818, 148, -1.0
29560.12327580667, 35, -1.0
29564.659595201534, 75, -1.0
29566.653707845842, 103, 1.0
29572.94996527525, 152, 1.0
29577.2513788643, 103, -1.0
29578.272195059057, 35, -1.0
29578.524851161605, 154, 1.0
29582.112670924067, 35, -1.0
29582.154088159914, 75, 1.0
29582.37352583622, 152, 1.0
29598.34472269947, 103, 1.0
29601.164465408878, 75, 1.0
29604.68985940233, 101, 1.0
29604.716374334006, 101, 1.0
29606.659666817726, 152, -1.0
29606.764702874323, 35, 1.0
29613.435293985225, 101, 1.0
29614.320862371762, 152, 1.0
29619.668766669507, 75, 1.0
29620.665277341643, 101, 1.0
29622.242158638313, 35, 1.0
29623.731527483014, 35, 1.0
29633.71977793107, 148, -1.0
29642.093454215083, 101, 1.0
29644.691924535113, 44, -1.0
29657.06873506061, 101, -1.0
29657.10427883758, 103, 1.0
29660.75599475541, 44, 1.0
29669.518141361714, 152, 1.0
29675.968191102616, 44, -1.0
29680.214559354106, 152, 1.0
29681.258746601117, 101, -1.0
29685.396283759594, 103, 1.0
29689.00063189978, 148, -1.0
29692.95024884671, 103, 1.0
29696.704716676904, 103, -1.0
29698.82820566719, 35, 1.0
29703.550934727242, 101, 1.0
29705.431939005244, 35, 1.0
29714.537319635827, 35, 1.0
29723.678118147134, 35, -1.0
29728.455158987665, 103, 1.0
29740.801213513823, 152, -1.0
29744.109963932002, 35, -1.0
29745.422890973387, 148, -1.0
29755.890578143346, 101, -1.0
29758.938676309823, 103, 1.0
29763.71530551659, 148, -1.0
29767.000430288655, 35, -1.0
29767.089401585104, 103, 1.0
29769.523517427242, 101, -1.0
29773.289134603263, 152, 1.0
29775.396069499788, 103, 1.0
29777.017177587953, 44, -1.0
29777.876190279207, 44, -1.0
29784.96390376051, 101, -1.0
29790.719824874916, 152, -1.0
29799.72488302916, 152, -1.0
29802.842135453866, 44, -1.0
29803.49317255155, 154, 1.0
29804.25532145726, 148, -1.0
29808.869038058456, 103, 1.0
29810.15953640048, 35, -1.0
29810.907548163643, 101, -1.0
29812.122707676084, 35, -1.0
29813.641890659823, 101, 1.0
29817.381675707664, 35, -1.0
29817.41664196601, 152, 1.0
29820.54946183973, 152, -1.0
29822.64955308885, 152, -1.0
29830.643066123226, 101, -1.0
29840.294592143753, 103, -1.0
29848.061699888473, 152, -1.0
29850.1549581182, 152, 1.0
29850.429013178888, 152, 1.0
29861.44549237168, 148, 1.0
29861.90281882437, 103, 1.0
29862.520976526397, 101, -1.0
29865.90545060752, 152, -1.0
29874.01388855761, 75, 1.0
29878.09102219365, 154, 1.0
29885.899989019366, 103, 1.0
29888.260337536627, 152, -1.0
29893.676906378976, 101, 1.0
29902.523584932336, 35, -1.0
29906.181540651618, 103, 1.0
29908.478339797948, 35, -1.0
29913.999516963504, 35, -1.0
29915.878313950336, 148, -1.0
29925.570618010257, 152, 1.0
29926.323020766184, 75, 1.0
29928.319854176418, 103, 1.0
29932.205878088684, 103, 1.0
29934.781326549117, 103, 1.0
29940.041290149693, 101, -1.0
29943.448907659644, 75, -1.0
29950.093864409937, 101, -1.0
29951.825249178943, 101, -1.0
29953.039146841267, 75, 1.0
29956.26294809713, 101, 1.0
29968.052888529597, 44, -1.0
29969.946114680097, 35, -1.0
29970.17000226667, 101, 1.0
29973.25335064642, 35, -1.0
29986.278030556314, 103, 1.0
29988.727228417698, 152, 1.0
29995.320493999217, 148, -1.0
30010.128118887995, 35, 1.0
30013.87471286914, 103, -1.0
30014.8328852156, 35, 1.0
30019.11132556873, 75, 1.0
30023.934269467045, 154, 1.0
30036.734939154525, 75, 1.0
30057.533542530004, 148, -1.0
30063.318450127736, 103, 1.0
30068.07070983297, 101, 1.0
30068.78815800725, 152, -1.0
30093.611983539515, 103, -1.0
30094.065163920488, 103, 1.0
30095.705106503287, 35, -1.0
30098.067098481744, 35, -1.0
30099.854601389394, 103, 1.0
30100.964419547363, 103, 1.0
30101.593330334512, 75, -1.0
30107.313825875484, 103, 1.0
30107.919127286423, 35, 1.0
30109.09132112024, 103, 1.0
30110.607431376535, 35, 1.0
30122.015809833956, 152, -1.0
30126.947371008206, 75, -1.0
30136.780681718457, 154, 1.0
30138.459991990392, 101, 1.0
30141.059802464824, 35, -1.0
30149.779501438345, 152, -1.0
30154.77624902454, 148, -1.0
30162.792957703386, 101, -1.0
30165.540321159897, 101, 1.0
30165.84246617485, 101, -1.0
30168.451788389946, 152, 1.0
30176.89474960387, 101, -1.0
30178.44687715162, 44, -1.0
30180.581441296086, 35, -1.0
30196.052147433118, 152, 1.0
30201.95786467523, 75, 1.0
30212.96601480698, 148, -1.0
30214.157401213473, 103, 1.0
30219.46677085875, 152, -1.0
30219.591648751277, 35, 1.0
30227.317288532166, 152, 1.0
30230.22643359381, 152, 1.0
30235.428685732855, 44, 1.0
30235.882072038065, 44, -1.0
30258.65279235824, 103, 1.0
30275.05733597267, 101, -1.0
30276.71449184826, 35, -1.0
30280.592949677346, 35, -1.0
30281.8034827162, 35, 1.0
30290.7214758938, 75, 1.0
30301.950107468783, 103, 1.0
30306.078065212918, 148, -1.0
30317.74842637158, 101, 1.0
30317.908024780692, 101, 1.0
30333.621021837014, 35, -1.0
30338.054647372002, 152, -1.0
30343.93144711714, 154, 1.0
30345.172661695586, 35, -1.0
30356.426128241917, 154, 1.0
30362.10074153122, 152, -1.0
30366.473187119467, 103, 1.0
30367.016499351772, 35, 1.0
30394.798803533875, 152, -1.0
30400.35275652757, 103, 1.0
30407.87317875301, 152, 1.0
30409.993915399962, 101, -1.0
30435.038547356173, 35, 1.0
30438.782257154304, 103, 1.0
30446.351991995052, 101, 1.0
30449.773993663366, 75, 1.0
30455.10774114478, 35, -1.0
30465.932207905615, 101, 1.0
30473.000948396704, 154, 1.0
30474.953679770162, 103, 1.0
30479.545688823586, 152, -1.0
30485.51160465077, 44, -1.0
30499.972698966165, 35, -1.0
30501.576525420256, 75, 1.0
30509.095297184354, 35, -1.0
30517.825275649848, 152, -1.0
30522.476542824294, 35, -1.0
30533.366987460107, 101, -1.0
30543.849849307695, 44, 1.0
30544.576828691326, 75, 1.0
30560.735601120672, 152, -1.0
30561.668146586828, 35, -1.0
30568.35691985735, 101, 1.0
30571.26813848055, 101, -1.0
30571.713861065888, 101, 1.0
30582.407322531715, 154, 1.0
30584.591783802945, 148, -1.0
30590.85902437278, 75, 1.0
30608.885620023157, 101, 1.0
30614.66599786541, 35, -1.0
30616.724374224796, 101, 1.0
30618.307253332852, 152, 1.0
30627.93636518282, 103, 1.0
30637.959603093426, 35, -1.0
30642.34117970799, 44, 1.0
30658.8185696343, 152, -1.0
30659.01033894456, 44, -1.0
30662.464064732274, 148, -1.0
30662.628190263804, 152, -1.0
30663.775756742518, 35, -1.0
30674.50214092217, 35, -1.0
30677.392491659233, 75, 1.0
30677.522362018302, 154, -1.0
30679.00949316492, 35, -1.0
30689.28528100304, 75, -1.0
30691.623562526744, 44, 1.0
30695.68583582121, 152, -1.0
30699.63895150012, 35, 1.0
30699.6473615192, 101, -1.0
30706.488495753587, 103, 1.0
30707.53813901351, 154, -1.0
30707.585236804458, 101, -1.0
30708.42582915306, 101, -1.0
30714.594493086188, 152, 1.0
30725.54665202136, 35, -1.0
30736.43442562167, 154, 1.0
30738.122062513776, 75, 1.0
30739.142782375708, 75, 1.0
30740.73006715777, 152, -1.0
30745.59566943151, 35, -1.0
30746.657450545492, 101, -1.0
30752.068318506466, 101, -1.0
30760.38995607033, 152, 1.0
30766.845467982275, 101, -1.0
30767.183081300456, 101, -1.0
30775.112888014464, 35, -1.0
30776.54273927137, 101, -1.0
30776.992297777884, 101, 1.0
30778.66570951853, 103, -1.0
30793.548929321812, 154, 1.0
30802.840583870824, 35, -1.0
30804.337441054435, 75, 1.0
30808.61723520189, 154, 1.0
30811.944148227973, 35, -1.0
30816.905071298224, 35, -1.0
30824.96074687298, 101, 1.0
30825.295555676686, 101, -1.0
30825.500111014993, 35, -1.0
30826.16814260655, 103, 1.0
30838.029186987304, 152, 1.0
30842.24900330085, 154, 1.0
30845.76304303129, 152, -1.0
30849.363242683747, 35, -1.0
30854.93376578452, 103, 1.0
30855.92964008221, 44, 1.0
30859.127397301185, 101, -1.0
30860.599247287137, 75, 1.0
30863.939888921046, 154, 1.0
30869.99122937255, 101, 1.0
30878.671437985562, 101, 1.0
30887.48881129385, 101, -1.0
30889.278481601064, 101, 1.0
30894.305497596048, 75, 1.0
30898.34533457656, 154, 1.0
30898.60258219482, 152, -1.0
30899.524295157396, 35, -1.0
30906.394001733373, 103, 1.0
30916.411361875467, 154, -1.0
30919.12220067315, 75, 1.0
30926.098502816036, 44, 1.0
30929.371132111228, 101, 1.0
30930.721357349128, 103, 1.0
30933.820501013513, 35, -1.0
30938.866403211898, 75, 1.0
30947.79006028489, 35, -1.0
30965.602691229065, 35, -1.0
30968.709517053703, 103, 1.0
30975.989340726876, 148, -1.0
30979.432396250635, 75, 1.0
30979.45251324109, 148, -1.0
30982.636352222282, 148, -1.0
30989.49684845427, 101, -1.0
30996.11450488346, 154, 1.0
30996.389736398593, 75, 1.0
31001.48577177623, 75, -1.0
31009.007941093103, 103, 1.0
31030.037021189095, 35, -1.0
31032.125286204027, 101, -1.0
31034.177602969827, 75, -1.0
31036.813231737295, 101, 1.0
31049.643021708995, 103, 1.0
31050.501741745276, 101, -1.0
31052.838273078392, 103, 1.0
31053.56975507428, 101, -1.0
31054.953300172485, 148, 1.0
31056.449022750305, 101, 1.0
31061.689007220637, 44, -1.0
31066.654182986018, 103, 1.0
31070.182346139816, 101, -1.0
31072.768382721286, 103, 1.0
31073.382168819386, 101, 1.0
31075.19683571713, 154, 1.0
31076.993753532493, 154, -1.0
31103.351999707513, 154, 1.0
31107.820622944277, 101, 1.0
31107.831271152376, 35, -1.0
31112.16163373225, 154, 1.0
31114.523792581884, 101, -1.0
31121.886874139294, 35, -1.0
31132.92472158949, 75, 1.0
31134.757943614506, 35, -1.0
31141.138186035318, 103, -1.0
31145.951821283903, 103, -1.0
31148.08376982678, 75, 1.0
31148.61675387677, 101, -1.0
31161.10433439394, 152, -1.0
31166.124620048, 154, -1.0
31167.123588892762, 148, -1.0
31167.63858831219, 75, 1.0
31167.87357649671, 103, 1.0
31172.12296023957, 44, -1.0
31179.036286158156, 75, -1.0
31180.298636087286, 103, 1.0
31184.490575302803, 148, -1.0
31187.406816184284, 152, -1.0
31191.557102404007, 75, 1.0
31196.7723506226, 103, 1.0
31205.295521722677, 101, 1.0
31209.65428551446, 44, -1.0
31212.497256976138, 103, 1.0
31215.77223077563, 75, 1.0
31218.01474743053, 35, -1.0
31223.719316249975, 35, -1.0
31228.284646703032, 35, -1.0
31232.39707703147, 103, -1.0
31242.582794266258, 35, -1.0
31245.785383499093, 35, -1.0
31247.963052073857, 103, 1.0
31253.81877557608, 101, 1.0
31254.747201447564, 101, 1.0
31256.632625746348, 75, 1.0
31259.536489441085, 101, 1.0
31267.919191499794, 154, 1.0
31273.192706840877, 103, -1.0
31273.614815647077, 101, -1.0
31276.905845844314, 101, 1.0
31278.82481408758, 75, 1.0
31279.35229588338, 152, -1.0
31282.30475222977, 152, -1.0
31287.09989841948, 35, -1.0
31288.797435163462, 101, -1.0
31312.27553938206, 101, -1.0
31315.85456396219, 154, 1.0
31320.610515462122, 152, -1.0
31321.797744120733, 152, 1.0
31322.411389922716, 35, -1.0
31324.861117512406, 103, 1.0
31332.422212224858, 148, -1.0
31332.607330480972, 154, -1.0
31334.25890694754, 152, -1.0
31340.011115773465, 152, 1.0
31349.73565861766, 75, 1.0
31372.784473891694, 152, -1.0
31380.376661313025, 103, 1.0
31390.185099228216, 44, 1.0
31397.21013421232, 35, -1.0
31397.426476849876, 103, -1.0
31400.922730296985, 103, 1.0
31410.75446383987, 101, 1.0
31413.01571088577, 103, 1.0
31414.56508667493, 35, -1.0
31414.81346082539, 154, 1.0
31421.554495917317, 103, 1.0
31429.468181146258, 103, 1.0
31429.510568919028, 35, -1.0
31431.05665703761, 103, 1.0
31433.0953426763, 152, -1.0
31438.70617360924, 35, -1.0
31456.12095858673, 103, -1.0
31461.12457408944, 35, -1.0
31461.899588159944, 148, -1.0
31463.626057798687, 154, -1.0
31465.685833948643, 75, 1.0
31474.74872875012, 35, 1.0
31474.904532895693, 35, 1.0
31478.061103116386, 103, 1.0
31478.35233667029, 154, 1.0
31478.872523350477, 35, 1.0
31481.848549647806, 101, -1.0
31487.700085583827, 154, 1.0
31492.701248145455, 148, -1.0
31496.197545058578, 101, 1.0
31500.890408365045, 154, 1.0
31512.118487132295, 35, -1.0
31517.011787702355, 148, 1.0
31520.367157229124, 152, 1.0
31520.862695220952, 154, 1.0
31521.78231358015, 44, -1.0
31528.992852529627, 101, -1.0
31540.825000237033, 152, 1.0
31540.969122880644, 103, 1.0
31551.603425194084, 103, 1.0
31551.998811626367, 75, -1.0
31562.964792037863, 44, -1.0
31567.12806869979, 103, 1.0
31575.34585013192, 101, 1.0
31579.10926675417, 101, -1.0
31580.90981997194, 35, -1.0
31584.51812620933, 101, -1.0
31587.4009038744, 154, -1.0
31597.524181460525, 148, -1.0
31598.761490418186, 75, -1.0
31600.407562780172, 152, 1.0
31600.537682607468, 154, 1.0
31602.468147987405, 44, -1.0
31608.668888736203, 35, -1.0
31610.70212210688, 75, 1.0
31613.063120029587, 35, -1.0
31619.336336619017, 35, -1.0
31621.78541427425, 75, 1.0
31623.0310836905, 152, -1.0
31645.366211327666, 103, 1.0
31658.688853804928, 75, 1.0
31663.268850190012, 35, 1.0
31664.453858923287, 103, 1.0
31673.85855352087, 148, 1.0
31679.288873236415, 44, 1.0
31679.333895449774, 152, 1.0
31682.923002566964, 75, 1.0
31687.387528571933, 35, -1.0
31691.61152900305, 103, 1.0
31691.942446641802, 103, 1.0
31692.50597481119, 35, -1.0
31693.35448278759, 101, -1.0
31698.447626097248, 101, 1.0
31703.287075843167, 44, -1.0
31711.68611946959, 154, -1.0
31712.286503445896, 101, 1.0
31713.371217347853, 101, 1.0
31713.600205269217, 152, -1.0
31714.758875693984, 152, -1.0
31722.418153649527, 101, 1.0
31733.556363160627, 44, -1.0
31734.75146825337, 75, 1.0
31740.438910006855, 148, -1.0
31744.471296827633, 75, 1.0
31746.754576690662, 152, 1.0
31746.916694651638, 101, -1.0
31770.265389602006, 103, 1.0
31773.33692439674, 35, -1.0
31778.33275525292, 35, 1.0
31780.831653177942, 75, 1.0
31784.297015517648, 152, -1.0
31788.165503499502, 103, -1.0
31790.38484877941, 75, 1.0
31795.227784263723, 154, -1.0
31795.690691402895, 101, 1.0
31800.126604631903, 152, -1.0
31826.377363516865, 103, 1.0
31831.767048415564, 101, -1.0
31843.68848707016, 35, -1.0
31848.201856479027, 154, -1.0
31852.65175418727, 75, -1.0
31857.379123707717, 101, -1.0
31859.59366459728, 35, -1.0
31865.34436525028, 101, 1.0
31874.282729978546, 152, -1.0
31878.7511568293, 103, 1.0
31885.42554794744, 103, -1.0
31887.164648828308, 44, 1.0
31901.94893137587, 103, 1.0
31903.348840235823, 35, -1.0
31904.623285293506, 103, 1.0
31909.520465329464, 154, 1.0
31911.930181191652, 101, 1.0
31913.74547298869, 75, 1.0
31915.599955551144, 152, -1.0
31918.856802583556, 35, 1.0
31919.056070994648, 152, 1.0
31919.627552004913, 44, 1.0
31919.706872293616, 152, -1.0
31927.938589754867, 148, -1.0
31943.275245260244, 103, 1.0
31946.436430818834, 152, 1.0
31952.39895538406, 44, 1.0
31966.504054687, 103, 1.0
31967.334185503965, 75, 1.0
31968.869730219514, 103, 1.0
31990.82844618981, 103, 1.0
31993.03764395125, 101, -1.0
31998.532465483582, 101, 1.0
32001.58355132274, 152, -1.0
32002.554211427287, 75, 1.0
32006.10267446028, 152, -1.0
32010.532656844276, 152, -1.0
32011.653997425306, 103, -1.0
32014.18006711714, 35, -1.0
32015.252312530298, 152, 1.0
32017.180171560045, 101, -1.0
32022.1204573755, 101, 1.0
32027.29873283767, 101, 1.0
32027.91056775235, 148, -1.0
32028.336528225194, 154, -1.0
32028.802827214353, 103, -1.0
32038.310356637965, 154, -1.0
32042.43399768349, 44, 1.0
32048.152950138927, 44, -1.0
32048.387406382793, 152, 1.0
32062.664288000415, 101, -1.0
32070.458595016185, 103, 1.0
32074.06195740441, 148, 1.0
32076.656299056034, 75, 1.0
32078.841914768782, 35, -1.0
32079.56977281689, 35, 1.0
32084.43519637471, 148, -1.0
32085.000962680228, 35, -1.0
32088.189361022196, 148, -1.0
32098.9477089133, 101, -1.0
32105.38719427152, 35, -1.0
32115.409541469024, 103, -1.0
32116.967285539646, 75, -1.0
32118.32333323303, 103, 1.0
32120.502855573275, 152, 1.0
32120.832755562893, 35, 1.0
32121.000752672662, 152, 1.0
32124.259438111512, 35, -1.0
32125.960913769984, 101, 1.0
32130.436894164755, 35, -1.0
32139.928913304866, 152, -1.0
32140.51416992757, 103, 1.0
32142.152787522158, 103, 1.0
32147.405313479194, 148, -1.0
32147.843003474823, 154, 1.0
32153.490428307963, 152, -1.0
32160.427843318306, 35, -1.0
32160.565053941304, 44, -1.0
32160.718921286127, 101, 1.0
32165.78253177812, 101, -1.0
32169.170007093868, 35, -1.0
32169.461819730866, 75, 1.0
32173.378716508694, 35, -1.0
32174.07358924328, 154, 1.0
32182.25671555714, 101, 1.0
32182.400853701824, 44, -1.0
32182.54196471882, 75, -1.0
32182.729970618006, 75, 1.0
32184.676650026642, 35, -1.0
32186.452928689116, 103, 1.0
32190.266325600496, 35, -1.0
32196.837768664787, 154, 1.0
32199.201424464314, 103, 1.0
32200.38744189353, 154, -1.0
32203.835751458726, 154, 1.0
32204.09150941727, 101, -1.0
32204.15549265779, 75, -1.0
32211.237142127942, 35, -1.0
32228.19961584879, 35, -1.0
32235.408513470033, 35, 1.0
32240.080265488137, 152, -1.0
32242.293998032124, 35, -1.0
32253.21460828907, 152, -1.0
32257.626339747487, 103, 1.0
32257.65220289, 148, -1.0
32258.937062199493, 75, 1.0
32259.146596969927, 101, 1.0
32260.32592851117, 75, 1.0
32260.825814486783, 101, -1.0
32266.945705080416, 148, -1.0
32269.54258053191, 103, 1.0
32284.784902814466, 35, -1.0
32286.79208185833, 152, -1.0
32288.133344009224, 152, -1.0
32292.18528981832, 148, 1.0
32296.12723353257, 35, -1.0
32305.547379022944, 148, -1.0
32306.717403907092, 101, -1.0
32308.25193144318, 154, 1.0
32310.11332985318, 75, 1.0
32313.367506240724, 35, -1.0
32322.789650279632, 44, -1.0
32324.273741943223, 35, -1.0
32337.50561719177, 103, 1.0
32340.449277817075, 35, -1.0
32342.550021559528, 101, 1.0
32351.469383798943, 101, 1.0
32364.637525332106, 148, -1.0
32366.453054408386, 75, -1.0
32393.012143631862, 101, -1.0
32398.03113635147, 35, -1.0
32401.043482355035, 103, 1.0
32405.64243262438, 44, -1.0
32411.944526213672, 101, -1.0
32421.18679025567, 152, -1.0
32422.2706414656, 75, 1.0
32424.539120411246, 75, 1.0
32432.62757749938, 44, -1.0
32450.40181154, 154, -1.0
32453.38275709502, 75, 1.0
32467.29486127349, 35, 1.0
32471.870011160732, 101, -1.0
32472.125432858506, 101, 1.0
32473.3763605844, 44, -1.0
32476.324077730078, 35, 1.0
32479.852849672603, 75, 1.0
32481.729262368757, 75, -1.0
32481.7583998578, 75, 1.0
32483.252848793327, 103, 1.0
32484.78595495392, 103, -1.0
32484.9970580647, 103, 1.0
32486.11421735606, 154, -1.0
32492.126531256476, 101, 1.0
32494.963490854003, 44, -1.0
32497.340682824826, 154, 1.0
32503.182224065993, 154, -1.0
32504.686001884456, 101, 1.0
32505.24357578873, 44, -1.0
32506.019203222462, 75, 1.0
32506.136173948013, 101, 1.0
32513.38496252343, 75, 1.0
32524.629343589386, 101, -1.0
32538.207594124706, 44, -1.0
32542.089212455143, 101, -1.0
32551.61308239361, 44, -1.0
32554.66793286458, 101, 1.0
32562.628632264663, 75, 1.0
32570.149875712676, 148, 1.0
32575.58441754097, 35, 1.0
32576.915305377643, 75, -1.0
32582.95871557764, 152, 1.0
32584.700793484557, 152, -1.0
32586.411886151476, 44, -1.0
32590.513552758606, 75, 1.0
32597.97553493711, 44, -1.0
32599.72695636356, 101, 1.0
32599.920935142934, 152, 1.0
32600.924762801547, 35, 1.0
32602.328723250263, 103, 1.0
32604.782044081945, 75, 1.0
32611.092226408688, 75, 1.0
32623.24036313537, 75, 1.0
32636.17298096538, 103, -1.0
32636.25644780697, 75, 1.0
32643.194339742382, 101, -1.0
32644.226979639927, 148, 1.0
32650.093306806826, 101, 1.0
32660.022690987367, 44, -1.0
32665.360885516144, 44, -1.0
32668.667290797985, 44, -1.0
32668.699204647663, 44, -1.0
32678.135153980234, 101, 1.0
32680.924693620105, 103, -1.0
32683.937614180028, 44, -1.0
32688.87050900576, 75, -1.0
32691.0711478942, 103, -1.0
32693.78147784518, 148, -1.0
32694.792250151575, 35, 1.0
32697.4821498348, 148, -1.0
32699.617169494795, 75, -1.0
32699.799815176055, 152, 1.0
32703.76630362711, 44, -1.0
32704.714596320817, 44, -1.0
32705.2497885316, 75, 1.0
32705.710065220406, 75, 1.0
32712.25408480607, 75, -1.0
32714.026678069837, 75, 1.0
32724.305979893907, 154, 1.0
32730.792095423934, 154, -1.0
32733.60672503065, 148, -1.0
32735.11497638411, 44, -1.0
32745.19878802053, 103, -1.0
32747.89652260659, 35, -1.0
32748.774000721874, 101, 1.0
32755.31573707076, 35, -1.0
32764.611401125072, 101, 1.0
32767.46826328181, 75, -1.0
32769.740447014614, 152, -1.0
32773.032498515204, 75, -1.0
32774.50272567061, 75, 1.0
32781.15340155689, 154, -1.0
32783.214961807076, 44, -1.0
32787.269609859184, 103, 1.0
32793.783587797676, 44, -1.0
32806.49894856477, 75, 1.0
32809.535925220116, 75, -1.0
32809.610859522916, 103, -1.0
32811.95216317772, 75, -1.0
32818.23009920447, 44, -1.0
32841.164742179986, 44, -1.0
32841.88630876562, 101, 1.0
32843.95493904497, 101, 1.0
32849.65565771942, 75, 1.0
32851.65409912906, 75, -1.0
32851.903817728715, 101, -1.0
32852.1280133598, 35, -1.0
32853.96124395016, 101, 1.0
32860.077834682634, 35, 1.0
32865.128236121476, 103, -1.0
32868.8759526136, 44, -1.0
32870.6191754883, 101, -1.0
32871.29479798943, 101, -1.0
32888.1286288565, 75, -1.0
32891.29964529346, 44, -1.0
32891.4231431101, 152, -1.0
32892.35772717349, 44, -1.0
32894.32504464235, 103, -1.0
32898.36378425591, 101, 1.0
32898.45996975392, 75, 1.0
32903.30630645957, 154, -1.0
32903.40979288647, 103, -1.0
32905.11603677926, 154, -1.0
32906.22151509617, 35, 1.0
32918.32516570407, 101, 1.0
32923.73751616844, 103, -1.0
32925.484229916256, 103, -1.0
32928.58368438166, 152, 1.0
32935.7406885847, 44, -1.0
32938.16383381317, 103, 1.0
32939.32097867223, 103, 1.0
32951.88116841105, 44, -1.0
32963.96192137702, 152, -1.0
32964.00382549944, 75, 1.0
32965.07095923551, 44, -1.0
32965.162427198666, 101, -1.0
32965.877726318686, 44, -1.0
32970.533825503466, 75, 1.0
32974.76839769189, 101, 1.0
32976.18446757668, 148, -1.0
32979.6474371004, 101, 1.0
32986.34275355145, 35, 1.0
32995.33893230464, 44, -1.0
33007.5875033313, 148, -1.0
33018.85093671732, 75, 1.0
33037.219055979804, 44, 1.0
33037.9458094632, 75, 1.0
33043.82828940894, 154, 1.0
33046.24268816398, 101, 1.0
33048.910424016045, 152, 1.0
33060.0088922485, 103, 1.0
33064.188598595436, 101, 1.0
33065.078631630706, 103, 1.0
33065.41994141482, 152, -1.0
33066.04871147395, 103, 1.0
33071.56485247567, 101, -1.0
33074.01858012014, 44, 1.0
33080.87709831777, 44, -1.0
33085.11331663265, 103, 1.0
33089.434692059476, 44, -1.0
33092.72838569548, 101, -1.0
33095.75717079942, 44, -1.0
33100.70264613701, 35, 1.0
33109.26382708168, 35, 1.0
33112.86552944303, 103, -1.0
33115.08398409729, 101, 1.0
33115.384551365, 44, -1.0
33115.473239672865, 103, -1.0
33119.271573697886, 75, -1.0
33127.22210250627, 103, 1.0
33133.85609588689, 75, 1.0
33137.01225940387, 101, 1.0
33145.94987573428, 35, 1.0
33150.91504482776, 103, 1.0
33151.431991118734, 103, 1.0
33160.98421202363, 44, -1.0
33162.20980097878, 152, -1.0
33167.30490368377, 101, 1.0
33168.280268121816, 101, -1.0
33173.274974474145, 35, 1.0
33174.09018642513, 35, 1.0
33174.720307030344, 44, -1.0
33184.996337338234, 152, 1.0
33186.7098248975, 154, 1.0
33187.15885928227, 101, 1.0
33192.23896942616, 35, 1.0
33194.846517259975, 101, -1.0
33202.743022960305, 152, -1.0
33204.75024096987, 101, -1.0
33206.38532769436, 103, 1.0
33208.17408234178, 154, -1.0
33212.99835515377, 103, 1.0
33213.536341142644, 103, -1.0
33214.6455427139, 75, 1.0
33222.140357509066, 44, -1.0
33239.25221331802, 35, -1.0
33247.898159749006, 44, -1.0
33250.28179340884, 75, 1.0
33262.70924215965, 75, 1.0
33274.390812312784, 35, 1.0
33282.92884260997, 44, -1.0
33285.73521407558, 75, -1.0
33289.279425802364, 35, 1.0
33290.03904153549, 75, 1.0
33293.85643966017, 75, 1.0
33301.31564201678, 103, 1.0
33301.45680935206, 101, 1.0
33310.005067853126, 152, -1.0
33318.66061283575, 44, -1.0
33318.7252771895, 75, 1.0
33325.53009964853, 75, 1.0
33328.16683592026, 152, -1.0
33330.17585182321, 103, 1.0
33343.871812218254, 35, 1.0
33348.59872560777, 44, -1.0
33358.1615600068, 35, 1.0
33368.72167253359, 44, -1.0
33370.344018781245, 75, 1.0
33373.97230361304, 101, -1.0
33375.5416985755, 75, 1.0
33378.17645755576, 44, -1.0
33379.786433561, 152, -1.0
33398.232922276984, 75, -1.0
33402.51592488619, 75, -1.0
33412.41084243981, 44, -1.0
33414.06157683405, 154, 1.0
33418.392160817784, 75, 1.0
33419.72516044314, 75, 1.0
33422.86119079964, 101, 1.0
33433.69312115543, 101, 1.0
33435.19982302662, 101, 1.0
33437.724676309655, 75, 1.0
33442.4281932336, 152, -1.0
33463.190994728015, 148, 1.0
33466.08541213913, 101, -1.0
33473.5398990103, 44, -1.0
33477.521432204245, 75, 1.0
33484.123809475794, 44, -1.0
33492.875732956854, 101, 1.0
33494.65740822734, 101, 1.0
33496.08878179292, 44, -1.0
33496.41187870031, 103, -1.0
33499.32250188575, 44, -1.0
33504.63954243982, 44, -1.0
33506.95418185198, 35, 1.0
33508.95662312597, 75, 1.0
33522.5157431251, 44, -1.0
33526.96192390793, 75, 1.0
33528.829954642984, 44, -1.0
33531.21144261749, 101, 1.0
33535.44513143294, 44, -1.0
33540.256395697535, 103, 1.0
33552.8590947111, 75, 1.0
33557.16726236281, 103, -1.0
33557.26386890246, 75, -1.0
33557.398198756644, 103, -1.0
33561.57620727865, 103, 1.0
33564.56354636229, 154, -1.0
33570.14712579832, 148, -1.0
33573.20760950406, 75, -1.0
33574.04904548331, 101, 1.0
33577.55207232316, 152, 1.0
33594.265727641985, 101, 1.0
33599.506761155535, 44, -1.0
33600.38238301924, 75, 1.0
33601.03166915784, 154, -1.0
33605.53421756568, 103, 1.0
33613.00183204746, 103, 1.0
33623.22892008723, 101, -1.0
33629.32953226298, 75, 1.0
33632.68828096602, 75, 1.0
33633.20042963406, 103, 1.0
33633.42994817248, 103, -1.0
33637.288873925965, 152, -1.0
33655.24265504799, 103, 1.0
33659.45301489608, 44, 1.0
33659.739150130146, 101, 1.0
33663.69476366109, 75, 1.0
33664.43453570011, 35, 1.0
33668.729199767804, 35, 1.0
33676.72282193774, 152, -1.0
33684.29876468184, 101, 1.0
33689.78595220223, 101, 1.0
33704.89260937331, 75, -1.0
33706.025168097854, 44, -1.0
33710.37831326911, 35, -1.0
33713.10988070916, 44, -1.0
33717.39730714766, 103, 1.0
33718.662446302806, 44, -1.0
33721.85721436953, 75, 1.0
33744.26888844937, 152, -1.0
33744.28712567917, 103, -1.0
33750.92296817317, 103, 1.0
33751.877725037426, 44, -1.0
33761.25071446363, 154, -1.0
33772.254297657164, 75, 1.0
33783.76907444952, 103, 1.0
33783.81128193685, 35, 1.0
33785.597094469886, 75, -1.0
33799.614831825114, 44, -1.0
33812.236970406506, 35, 1.0
33820.79457974834, 103, 1.0
33821.0421176283, 44, -1.0
33828.24979367935, 101, 1.0
33840.47708300418, 152, -1.0
33845.275067260896, 154, -1.0
33846.98410716038, 101, -1.0
33847.92244708407, 148, -1.0
33860.413406040985, 44, -1.0
33863.13816706516, 44, -1.0
33866.989090741314, 35, 1.0
33868.384590105365, 101, 1.0
33870.01365834462, 152, -1.0
33870.03683830322, 152, -1.0
33871.76143683714, 75, 1.0
33875.4843053413, 101, 1.0
33877.30161169491, 35, -1.0
33880.024060960175, 152, 1.0
33885.58047601848, 154, -1.0
33888.38756221007, 101, 1.0
33892.3231382495, 44, -1.0
33894.186465786705, 103, -1.0
33898.91631136489, 44, -1.0
33900.099699634426, 75, 1.0
33904.725964889956, 152, -1.0
33907.42617163812, 75, -1.0
33911.56266661181, 35, -1.0
33911.93942575049, 75, 1.0
33912.92432036985, 103, 1.0
33930.824710857334, 101, -1.0
33937.24981191157, 148, -1.0
33945.52211986795, 44, -1.0
33947.673787450105, 148, -1.0
33960.3802070659, 44, -1.0
33962.49971425922, 44, 1.0
33962.83544997429, 44, -1.0
33977.22797086973, 75, 1.0
33977.372951374426, 101, 1.0
33985.848194325765, 35, 1.0
33990.69982258773, 152, -1.0
33995.95989801651, 154, -1.0
34000.87544366163, 101, 1.0
34004.595740442484, 35, 1.0
34008.21866321412, 154, 1.0
34016.352804310634, 103, -1.0
34019.818132904125, 152, 1.0
34021.70317429594, 103, 1.0
34031.879139145014, 152, -1.0
34032.63632299511, 154, -1.0
34044.97584536978, 152, -1.0
34058.17532361079, 101, 1.0
34059.885479355515, 44, -1.0
34065.24721100553, 75, 1.0
34067.48790792635, 101, 1.0
34072.37093540033, 152, -1.0
34089.064177954926, 75, 1.0
34092.72653468509, 103, 1.0
34097.29221421868, 44, -1.0
34097.32166166027, 103, -1.0
34100.18200683984, 75, -1.0
34109.95715351387, 35, -1.0
34123.6796117681, 103, -1.0
34134.26034366222, 152, 1.0
34139.78158242871, 35, 1.0
34140.34851520457, 44, 1.0
34144.09439993237, 152, -1.0
34152.14048698645, 101, 1.0
34156.8655354368, 103, -1.0
34159.10921918201, 44, -1.0
34178.06483301323, 103, -1.0
34178.23985863938, 101, -1.0
34182.1564343723, 101, -1.0
34182.596898820266, 101, 1.0
34196.49951578189, 103, 1.0
34196.92490789796, 154, 1.0
34201.98292156632, 35, 1.0
34203.55173306981, 152, 1.0
34217.260937079904, 103, 1.0
34219.265333727584, 75, 1.0
34220.83276705252, 101, 1.0
34222.97294809863, 75, 1.0
34225.977284792156, 103, 1.0
34228.867403274475, 101, 1.0
34234.072905308894, 44, -1.0
34234.70609188655, 44, -1.0
34235.47758909814, 152, 1.0
34237.399288955574, 75, 1.0
34239.06512737038, 154, -1.0
34244.24189369565, 152, 1.0
34247.60711386867, 103, 1.0
34250.52993372566, 101, 1.0
34257.2138258078, 75, 1.0
34269.59390014515, 101, -1.0
34269.699616580394, 75, 1.0
34276.11962930597, 35, -1.0
34285.715317856426, 152, 1.0
34292.28432389238, 35, 1.0
34297.84432938603, 75, 1.0
34308.21283321995, 152, 1.0
34312.61682217908, 75, 1.0
34317.434052673125, 154, -1.0
34319.420766158015, 103, 1.0
34320.18940946088, 103, 1.0
34320.90722758588, 44, -1.0
34323.20692938464, 101, -1.0
34349.35910393722, 152, -1.0
34353.196594368565, 101, 1.0
34354.75425990211, 101, -1.0
34357.060352278815, 35, 1.0
34358.92374541446, 148, -1.0
34358.98502630739, 101, 1.0
34359.49596220601, 35, 1.0
34363.356189836595, 75, 1.0
34367.1446442169, 152, 1.0
34367.92667905501, 103, 1.0
34383.24869114378, 103, -1.0
34383.90443662899, 44, -1.0
34385.641761252446, 101, 1.0
34388.46238650616, 44, -1.0
34395.13223947274, 148, -1.0
34395.34284495013, 101, -1.0
34397.12925746474, 75, 1.0
34407.56860705859, 101, 1.0
34408.211915873704, 75, 1.0
34409.019063405736, 101, 1.0
34410.56299746664, 75, 1.0
34418.2012569865, 103, -1.0
34420.73902346098, 101, -1.0
34428.65291928057, 103, 1.0
34429.48820246306, 103, 1.0
34439.72977056707, 154, -1.0
34440.073338004935, 75, -1.0
34443.63870680279, 103, -1.0
34443.64812757132, 75, 1.0
34444.33506786162, 154, -1.0
34447.50306362192, 35, 1.0
34453.906432477095, 75, 1.0
34454.745365481256, 75, 1.0
34461.4859832352, 101, 1.0
34469.39053969707, 75, -1.0
34471.80284714195, 101, 1.0
34472.55720649384, 75, 1.0
34474.7158690276, 35, 1.0
34476.18892046248, 35, 1.0
34479.361845390915, 152, 1.0
34481.48208165783, 101, 1.0
34491.36948735201, 148, -1.0
34494.68774142493, 152, 1.0
34495.69042719233, 44, 1.0
34499.752578340274, 101, 1.0
34504.24787096602, 154, 1.0
34515.29184564814, 35, 1.0
34517.86821862289, 103, 1.0
34520.157145961304, 44, 1.0
34524.11579870751, 154, 1.0
34529.146187946004, 75, 1.0
34536.88256225646, 154, -1.0
34543.1015038127, 103, 1.0
34549.449517936824, 152, -1.0
34555.5087882914, 103, 1.0
34563.40263898507, 101, 1.0
34570.994235198115, 44, -1.0
34571.32242879902, 101, 1.0
34573.42958366532, 101, -1.0
34574.18015844527, 103, 1.0
34575.79413907863, 35, -1.0
34580.527132036295, 75, 1.0
34585.14186349075, 103, -1.0
34587.868890443475, 101, 1.0
34595.74977426704, 101, 1.0
34596.86891758251, 152, 1.0
34600.32238580783, 101, 1.0
34613.575584623744, 101, 1.0
34617.70905521682, 35, 1.0
34618.81618045815, 152, -1.0
34629.129141982994, 75, -1.0
34635.923877611924, 35, -1.0
34640.149657985385, 75, 1.0
34641.501443211346, 154, 1.0
34645.54342893395, 75, 1.0
34645.54542839597, 75, 1.0
34650.120132167525, 35, 1.0
34653.914486433714, 101, 1.0
34658.560523406115, 152, -1.0
34663.83904960943, 152, 1.0
34668.487894381615, 101, 1.0
34670.746901477905, 75, 1.0
34676.96477011721, 103, -1.0
34681.204334366004, 44, -1.0
34683.197078706726, 44, -1.0
34691.94034883978, 44, -1.0
34695.31281819503, 101, 1.0
34703.64656449849, 75, 1.0
34706.471236983474, 101, 1.0
34709.93746691558, 101, -1.0
34711.61687224409, 75, 1.0
34713.69797386515, 101, 1.0
34719.613600569624, 101, -1.0
34720.407264627815, 44, -1.0
34731.55376672929, 101, 1.0
34735.517558218926, 75, 1.0
34735.65711208706, 101, 1.0
34740.10673685027, 154, -1.0
34756.3128300102, 44, -1.0
34758.4589211512, 101, 1.0
34762.431154176345, 75, 1.0
34762.67321750233, 103, -1.0
34763.76158083773, 148, -1.0
34781.29416761619, 103, -1.0
34782.607916163135, 101, 1.0
34785.32651565043, 35, 1.0
34787.138484073315, 75, 1.0
34788.487234319015, 101, 1.0
34789.31230656324, 44, -1.0
34795.07178199974, 44, 1.0
34796.683772754106, 101, 1.0
34804.352437232796, 44, -1.0
34807.017474467335, 148, -1.0
34807.330136581, 75, 1.0
34814.92824592753, 75, 1.0
34821.82705713831, 154, -1.0
34828.964489803955, 148, -1.0
34834.35788141383, 101, 1.0
34864.57391113426, 152, -1.0
34865.23062078328, 75, 1.0
34870.33629167899, 152, 1.0
34871.75692379561, 152, -1.0
34881.51190871736, 35, -1.0
34885.034495845146, 101, 1.0
34889.98824440427, 35, 1.0
34894.498900748506, 103, 1.0
34897.40490108034, 101, -1.0
34901.8620326766, 44, -1.0
34902.282871018855, 101, 1.0
34907.25510360433, 101, 1.0
34907.376183104396, 35, 1.0
34910.15490817666, 152, -1.0
34916.057586960655, 75, -1.0
34920.052435976024, 101, 1.0
34924.44910017122, 152, 1.0
34929.720592358964, 75, 1.0
34931.13535828262, 148, 1.0
34933.367163163275, 154, -1.0
34942.85000097558, 152, 1.0
34960.24772545479, 44, -1.0
34961.26237240771, 75, -1.0
34965.075475926584, 154, -1.0
34965.7333526645, 103, 1.0
34966.37669391538, 101, -1.0
34971.44271322542, 44, 1.0
34977.70830268626, 75, 1.0
34981.06574000498, 44, -1.0
34983.37560800186, 103, -1.0
34987.79807298727, 75, 1.0
34995.548073714206, 75, 1.0
34997.81090850636, 75, 1.0
34998.01690005864, 75, -1.0
35004.53168934492, 44, 1.0
35006.947668902125, 154, -1.0
35022.86942125886, 154, -1.0
35024.33438299816, 35, 1.0
35026.49810497717, 44, -1.0
35034.99957283168, 103, 1.0
35036.62657552591, 44, -1.0
35037.83982706048, 35, 1.0
35040.948800332015, 75, 1.0
35045.875193185006, 148, 1.0
35052.262166394125, 44, -1.0
35065.23904374236, 75, -1.0
35068.62983370194, 44, -1.0
35077.05295435183, 101, -1.0
35079.971807267655, 103, -1.0
35081.887421915024, 101, 1.0
35084.571745743706, 152, -1.0
35085.00632021989, 103, 1.0
35087.49885351644, 101, 1.0
35095.25850220635, 152, 1.0
35095.74629215921, 101, -1.0
35101.35805589836, 152, -1.0
35101.45049460794, 154, -1.0
35108.712540646375, 35, -1.0
35109.16841619429, 152, -1.0
35109.33512385558, 101, 1.0
35123.247928362674, 148, -1.0
35127.48220150023, 75, 1.0
35129.64388251016, 35, 1.0
35131.2011148049, 103, 1.0
35135.13058083817, 35, 1.0
35150.102709334715, 103, -1.0
35152.34977619006, 152, 1.0
35159.6901945456, 44, -1.0
35160.9066193567, 154, 1.0
35163.25731539357, 103, -1.0
35166.2656496283, 154, -1.0
35171.560172598314, 75, 1.0
35172.767421425386, 35, 1.0
35185.193005524874, 35, 1.0
35193.46031790168, 101, -1.0
35194.22393305665, 148, -1.0
35203.305434759466, 103, -1.0
35211.59869165686, 103, 1.0
35214.190780325895, 35, 1.0
35226.752437385345, 35, 1.0
35235.13878849232, 152, 1.0
35242.151765127404, 75, 1.0
35248.726163727144, 35, -1.0
35250.81044171272, 35, 1.0
35251.38100114886, 152, 1.0
35251.726290723, 75, 1.0
35253.69805304579, 152, 1.0
35269.44749619197, 35, 1.0
35271.24732905674, 154, 1.0
35277.87523776885, 35, -1.0
35284.33676480302, 152, -1.0
35285.36879881623, 35, 1.0
35289.26608419712, 44, -1.0
35300.15930679919, 152, -1.0
35303.541811477895, 44, 1.0
35311.146457187046, 75, 1.0
35311.21017276497, 35, -1.0
35318.39888450701, 44, -1.0
35322.59265180707, 103, 1.0
35327.317726144094, 103, 1.0
35329.30237874128, 35, 1.0
35332.91700802723, 75, 1.0
35339.9506874777, 75, 1.0
35340.24523831576, 35, 1.0
35341.190503912294, 101, 1.0
35351.89339447675, 103, 1.0
35356.31762741273, 154, -1.0
35358.59060966295, 103, -1.0
35361.40790776654, 44, -1.0
35364.98431037969, 75, -1.0
35365.84046851802, 148, -1.0
35366.73812876057, 44, 1.0
35370.52676441208, 101, 1.0
35370.826888430696, 154, -1.0
35377.917002128044, 75, 1.0
35378.378306411665, 101, 1.0
35380.596946954785, 101, -1.0
35383.710993117485, 35, -1.0
35388.110972383525, 148, -1.0
35395.82731600098, 101, -1.0
35403.70474569964, 44, -1.0
35415.71476307587, 35, 1.0
35415.898335810045, 152, 1.0
35424.64141404975, 44, -1.0
35433.28620811613, 101, -1.0
35438.542398741134, 152, 1.0
35439.88489565409, 101, -1.0
35445.55082783251, 101, 1.0
35448.579963007935, 75, 1.0
35451.27875098905, 75, 1.0
35456.94031867023, 154, -1.0
35466.80363495226, 101, 1.0
35467.42951410178, 103, 1.0
35468.746024985536, 152, 1.0
35475.39248367813, 101, -1.0
35477.33735561243, 44, -1.0
35477.72387881983, 101, -1.0
35480.130006651765, 75, -1.0
35482.38829792482, 152, 1.0
35483.88801251435, 44, -1.0
35484.80701119658, 44, -1.0
35487.93467804174, 75, 1.0
35498.189172970706, 44, 1.0
35510.26180724458, 44, -1.0
35511.73864507382, 101, -1.0
35511.87868390257, 154, -1.0
35512.80027921432, 35, -1.0
35514.24355494655, 103, 1.0
35528.844777242535, 152, -1.0
35549.82092334313, 103, 1.0
35554.647152013385, 101, 1.0
35560.93751371221, 154, 1.0
35565.773775505506, 154, -1.0
35571.00182811504, 35, 1.0
35571.21140093589, 75, 1.0
35571.68849490173, 101, 1.0
35571.94130154707, 152, -1.0
35580.03879909966, 152, -1.0
35581.11912145524, 148, 1.0
35581.98357621617, 101, -1.0
35586.24950980642, 101, 1.0
35588.97949002799, 101, 1.0
35592.815753858195, 103, -1.0
35596.14235980734, 148, -1.0
35598.23172117205, 75, -1.0
35602.665245103715, 152, 1.0
35605.278652384135, 103, -1.0
35616.254782188604, 35, 1.0
35617.58062997175, 44, -1.0
35629.127223140225, 44, -1.0
35641.614076278616, 44, -1.0
35641.863265791086, 103, -1.0
35649.76013139172, 75, 1.0
35650.27697521668, 154, -1.0
35652.669798706076, 75, 1.0
35653.526965645025, 103, 1.0
35669.13788361792, 75, 1.0
35671.69689497366, 75, 1.0
35681.81459553585, 154, -1.0
35692.13204745302, 44, 1.0
35695.32813036934, 103, 1.0
35697.46354786856, 101, -1.0
35702.322293878984, 101, 1.0
35703.294069341624, 154, -1.0
35705.34363398687, 35, 1.0
35707.82837091313, 101, 1.0
35712.59139383407, 44, -1.0
35716.02796626387, 152, -1.0
35721.38114737622, 75, -1.0
35723.66736418476, 101, 1.0
35723.82763981659, 103, -1.0
35729.42481845247, 101, 1.0
35736.42688177487, 35, 1.0
35736.672734456195, 44, -1.0
35737.0612800985, 103, -1.0
35737.72973994667, 75, 1.0
35752.625780379385, 101, -1.0
35766.79845082371, 44, -1.0
35774.38237756702, 103, 1.0
35788.96833130645, 152, -1.0
35790.72660621509, 101, -1.0
35792.12834078419, 44, -1.0
35793.831402195814, 148, -1.0
35795.49915556428, 75, 1.0
35801.716369533286, 152, 1.0
35802.32168401316, 101, 1.0
35803.80142714456, 103, -1.0
35813.84114038714, 103, 1.0
35820.28952878167, 152, -1.0
35821.236006232924, 44, -1.0
35823.13971046881, 103, -1.0
35826.26699344069, 103, 1.0
35829.964686308595, 35, 1.0
35832.72723136912, 154, -1.0
35842.69448500742, 35, -1.0
35844.05099798888, 103, 1.0
35847.43877237825, 75, -1.0
35851.07279696266, 152, -1.0
35853.1116206875, 44, 1.0
35855.94558797791, 44, -1.0
35857.23028224384, 152, -1.0
35859.318628444984, 44, -1.0
35862.30195388837, 75, 1.0
35864.42971779607, 75, 1.0
35867.03936904488, 44, -1.0
35869.21836303865, 35, 1.0
35869.24320964187, 35, -1.0
35871.61150029064, 75, 1.0
35873.87899771085, 75, 1.0
35883.09434769597, 44, -1.0
35886.20226802527, 103, 1.0
35891.70206520577, 103, 1.0
35898.191773231665, 44, 1.0
35912.61709992138, 44, -1.0
35914.74136206148, 75, 1.0
35914.96534262502, 101, 1.0
35935.79574416144, 152, -1.0
35943.88563936277, 44, -1.0
35944.55298657697, 101, 1.0
35944.84127631474, 101, 1.0
35956.063959340936, 154, -1.0
35956.70028175214, 152, 1.0
35965.960381439, 75, 1.0
35967.16214165672, 103, 1.0
35967.278914954775, 75, 1.0
35972.98438281109, 44, -1.0
35974.10169839478, 44, 1.0
35978.02596494057, 35, 1.0
35989.75443840047, 101, 1.0
35990.189184350165, 152, 1.0
35991.90868098365, 152, -1.0
35993.211482028484, 75, 1.0
35993.30542312375, 44, -1.0
35994.844470658376, 44, -1.0
35995.207532440916, 152, -1.0
35997.58955329507, 103, -1.0
