21601.695312641325, 75, 1.0
21607.205582653303, 44, -1.0
21609.471583706734, 75, 1.0
21615.053737613085, 101, 1.0
21615.64274142216, 44, -1.0
21619.183579840836, 103, -1.0
21635.718001790752, 148, -1.0
21640.851897160963, 75, 1.0
21641.487550020393, 101, 1.0
21641.488818811256, 75, 1.0
21642.738912806435, 154, 1.0
21657.41374171986, 75, -1.0
21657.43340061884, 75, 1.0
21664.183106195673, 148, -1.0
21667.679965640924, 35, -1.0
21675.52923510185, 44, -1.0
21678.775408255628, 152, -1.0
21682.710366508778, 103, -1.0
21682.78885563554, 75, -1.0
21688.614994041447, 75, 1.0
21690.745640884314, 154, -1.0
21695.1015462871, 75, -1.0
21696.387305879674, 75, 1.0
21704.57188933984, 35, 1.0
21706.164226922978, 44, -1.0
21719.513639089168, 35, -1.0
21725.622803823877, 152, -1.0
21729.28841856096, 75, -1.0
21737.04778203758, 35, -1.0
21747.44104992383, 148, -1.0
21765.00162044427, 44, -1.0
21795.462747375885, 101, 1.0
21796.66462190478, 103, 1.0
21801.787161573855, 152, -1.0
21825.540719798213, 75, 1.0
21826.86758286127, 152, -1.0
21829.256680489652, 75, 1.0
21831.181760217067, 44, -1.0
21833.86297616381, 75, 1.0
21838.98101451711, 75, -1.0
21841.366566705896, 152, 1.0
21841.96027528765, 44, -1.0
21844.489132646813, 101, 1.0
21851.626289088403, 35, 1.0
21867.525993032286, 101, 1.0
21872.424866122754, 154, 1.0
21881.19854838554, 154, 1.0
21884.227447157515, 148, -1.0
21887.67033965768, 152, -1.0
21891.024563408795, 44, -1.0
21895.56563735944, 148, -1.0
21906.356799734356, 75, 1.0
21910.1369708513, 103, 1.0
21922.381609261134, 154, 1.0
21925.694503374758, 154, 1.0
21928.434339188047, 35, -1.0
21930.328004023562, 75, 1.0
21934.716584032118, 148, -1.0
21937.06391219039, 44, -1.0
21938.15306622668, 35, -1.0
21948.747005701553, 101, 1.0
21951.415625001846, 75, -1.0
21967.267311616924, 152, -1.0
21977.31606606821, 75, 1.0
21982.22709945137, 154, 1.0
21985.542830434322, 75, -1.0
22001.945534839124, 101, 1.0
22007.46406413905, 101, -1.0
22010.058006479114, 148, -1.0
22013.032088973905, 152, -1.0
22036.385488714914, 103, 1.0
22037.03205405219, 35, 1.0
22037.736720034394, 75, 1.0
22045.22573872222, 75, 1.0
22045.618873846448, 103, 1.0
22049.92191278429, 103, 1.0
22063.95190072148, 103, 1.0
22077.994290407834, 44, -1.0
22082.706290787126, 101, 1.0
22088.650086536258, 35, -1.0
22092.925440126135, 103, 1.0
22096.279706892637, 35, -1.0
22101.679436444985, 75, 1.0
22108.750207600573, 44, -1.0
22110.670504096262, 75, 1.0
22117.168321691624, 75, -1.0
22118.98379565418, 152, -1.0
22124.530384931357, 35, -1.0
22126.480510121557, 101, 1.0
22127.14699335275, 103, -1.0
22129.62363870596, 75, -1.0
22134.342048368788, 75, -1.0
22145.49200482372, 101, 1.0
22163.124313518983, 148, -1.0
22165.66153992419, 44, -1.0
22170.071049047117, 75, 1.0
22171.010301384667, 101, 1.0
22177.455624235194, 44, -1.0
22196.34856334082, 154, 1.0
22201.065946983854, 103, 1.0
22205.757080351952, 148, -1.0
22214.976914378203, 35, -1.0
22216.233283712474, 148, -1.0
22222.96897817122, 44, -1.0
22238.97849314516, 154, 1.0
22242.936788487154, 35, -1.0
22244.23400789084, 103, 1.0
22250.412651604543, 152, 1.0
22250.70627543064, 75, 1.0
22251.88934806888, 101, 1.0
22258.625433570167, 35, -1.0
22259.40225840061, 148, 1.0
22265.691422894164, 103, 1.0
22272.35667286635, 103, 1.0
22275.3744568641, 44, -1.0
22275.509960916726, 154, -1.0
22276.88693802566, 148, -1.0
22279.249155851547, 44, -1.0
22282.954191442575, 44, -1.0
22291.580845106473, 154, 1.0
22297.0632124297, 35, 1.0
22306.3620852101, 101, 1.0
22322.987793241096, 75, -1.0
22324.18824261719, 103, -1.0
22326.111527356137, 154, 1.0
22328.10215127704, 75, 1.0
22329.780876827877, 101, -1.0
22339.054788683545, 148, -1.0
22339.478161305127, 154, 1.0
22341.36127484765, 44, -1.0
22353.147358287817, 44, -1.0
22353.495421383515, 35, 1.0
22367.941783316903, 148, -1.0
22368.82450244809, 44, -1.0
22369.88336654867, 154, 1.0
22371.67530052445, 101, -1.0
22376.465970504294, 103, 1.0
22378.291688399757, 35, 1.0
22378.406816241357, 35, -1.0
22402.199721099176, 75, 1.0
22403.74187810893, 152, -1.0
22406.86659440076, 152, -1.0
22429.77320896131, 101, 1.0
22431.540857681743, 103, 1.0
22438.36890018714, 148, -1.0
22439.22480126076, 148, -1.0
22441.60398838212, 154, -1.0
22442.54596497938, 75, -1.0
22447.838853650283, 154, 1.0
22449.46476793374, 148, -1.0
22452.572020641994, 44, -1.0
22454.192402036988, 35, 1.0
22457.63378723753, 154, 1.0
22474.248148679155, 75, 1.0
22474.76903422779, 103, 1.0
22475.647817699777, 35, 1.0
22476.81131287548, 75, -1.0
22478.064956082617, 75, 1.0
22483.591411889825, 75, -1.0
22488.06107407645, 75, 1.0
22491.92944697362, 154, 1.0
22519.129142434853, 75, 1.0
22519.53241370224, 154, 1.0
22519.88337630655, 148, 1.0
22522.217812700437, 154, 1.0
22525.324088170142, 148, -1.0
22530.321096284868, 154, 1.0
22537.543183588197, 154, -1.0
22550.338222490354, 154, 1.0
22551.804841766105, 35, -1.0
22553.5144601479, 154, 1.0
22558.936724940133, 44, -1.0
22578.181984801784, 152, -1.0
22580.18804640134, 154, 1.0
22581.62204730889, 154, 1.0
22591.093809722403, 101, 1.0
22592.880443513324, 101, 1.0
22596.541485357768, 103, 1.0
22597.277171476755, 152, -1.0
22598.712382282312, 101, -1.0
22614.367869730595, 103, 1.0
22619.117386820853, 101, -1.0
22622.6137925846, 154, 1.0
22629.464427503317, 152, -1.0
22630.574677482775, 101, 1.0
22632.394661703278, 152, -1.0
22633.796989512655, 44, -1.0
22637.353101777615, 44, -1.0
22648.323026450216, 75, -1.0
22656.808880886427, 35, -1.0
22660.722172107406, 75, -1.0
22671.6623224922, 103, 1.0
22712.72683349102, 101, -1.0
22715.101289093727, 75, -1.0
22721.508426971042, 75, 1.0
22725.04286754521, 44, -1.0
22726.144351619063, 103, 1.0
22728.993078360276, 152, 1.0
22735.584244330537, 75, 1.0
22736.60481269827, 75, -1.0
22739.166920579082, 154, -1.0
22744.897216851754, 103, -1.0
22745.96134551922, 103, 1.0
22748.717112591057, 44, -1.0
22755.21572158084, 154, 1.0
22758.22034262703, 75, -1.0
22760.181058115217, 35, -1.0
22761.73866465691, 75, 1.0
22763.859324918365, 152, -1.0
22766.17194501267, 35, -1.0
22770.453363067503, 101, -1.0
22770.759485865034, 75, -1.0
22773.25038342794, 103, 1.0
22779.38144409147, 103, -1.0
22790.59490400953, 75, 1.0
22791.361459558826, 44, -1.0
22801.98720879479, 154, 1.0
22806.625315973957, 103, 1.0
22807.67342618421, 152, -1.0
22808.3286808362, 152, -1.0
22814.633291126673, 152, -1.0
22827.410838436193, 44, -1.0
22834.49584343297, 148, -1.0
22835.18695086067, 103, 1.0
22838.289257162345, 103, -1.0
22843.98963757287, 101, -1.0
22846.21324681057, 103, 1.0
22846.256598807708, 148, -1.0
22847.06814748245, 35, -1.0
22854.575240919756, 103, -1.0
22855.39026920143, 148, -1.0
22858.279129684975, 154, 1.0
22886.57848463701, 103, 1.0
22898.286059785245, 44, -1.0
22898.995919250214, 148, -1.0
22899.96351124525, 35, 1.0
22902.69819499452, 75, 1.0
22907.21638433868, 152, 1.0
22908.68257861078, 35, -1.0
22912.41896755465, 152, 1.0
22925.93403275957, 152, -1.0
22931.1808937508, 152, -1.0
22949.738668879083, 44, -1.0
22951.9530049099, 101, 1.0
22955.879866845553, 44, -1.0
22959.526799835287, 103, 1.0
22970.481939935067, 44, -1.0
22970.667601609122, 75, 1.0
22980.156886927834, 44, -1.0
22985.125891075713, 75, 1.0
22988.291834041134, 154, -1.0
22991.75457216418, 103, 1.0
22992.590156113667, 154, 1.0
22997.43898208191, 75, 1.0
22999.34764081897, 152, -1.0
23006.61476014557, 101, -1.0
23014.11479137471, 148, -1.0
23016.30396534191, 75, -1.0
23016.6655531213, 101, 1.0
23018.68585442088, 103, -1.0
23026.04796718395, 44, -1.0
23028.90603003886, 44, -1.0
23030.122502226746, 152, 1.0
23033.70964439824, 148, -1.0
23034.54601252525, 44, -1.0
23039.02754764202, 152, -1.0
23040.12399513232, 148, -1.0
23040.221711265865, 75, 1.0
23042.432761569158, 154, -1.0
23043.68058159468, 101, 1.0
23045.493459482674, 148, -1.0
23047.01978878759, 75, 1.0
23049.90024290033, 101, 1.0
23053.80448310225, 103, -1.0
23054.317497729153, 44, -1.0
23059.0650329597, 75, 1.0
23072.295296468517, 154, 1.0
23074.293350280223, 148, -1.0
23075.098253076285, 154, 1.0
23076.73397597881, 103, 1.0
23076.792899851283, 103, 1.0
23094.205139162743, 101, 1.0
23095.062119871065, 75, -1.0
23099.424707904167, 148, 1.0
23099.5764044104, 148, -1.0
23104.73598352965, 103, 1.0
23108.967669043366, 35, 1.0
23113.445498235156, 101, 1.0
23123.424928500488, 148, -1.0
23129.15621402346, 154, -1.0
23140.562893851595, 103, 1.0
23141.833478380413, 101, 1.0
23147.78338715585, 154, -1.0
23149.439567399084, 35, -1.0
23149.53098665059, 154, 1.0
23156.13719004913, 103, 1.0
23159.959925406492, 75, -1.0
23161.357136947663, 75, 1.0
23161.495832828627, 152, 1.0
23161.59235738152, 44, -1.0
23163.314856582856, 35, -1.0
23167.051810417033, 75, 1.0
23168.29248218983, 154, -1.0
23171.74367119139, 154, 1.0
23172.219802522523, 154, 1.0
23187.803126767547, 103, 1.0
23195.61590982089, 44, -1.0
23196.209489770717, 152, -1.0
23196.463871258144, 101, 1.0
23199.242810884127, 35, -1.0
23200.920627666605, 75, 1.0
23202.557109439047, 148, -1.0
23205.675819002136, 154, -1.0
23206.44634085435, 35, -1.0
23206.975344905648, 44, -1.0
23215.21448269021, 103, 1.0
23217.767430830947, 75, 1.0
23221.90668404539, 101, 1.0
23226.215336298596, 35, -1.0
23227.548623023187, 101, 1.0
23227.86138217392, 148, -1.0
23230.126590538777, 152, -1.0
23239.120726800436, 154, -1.0
23239.62331819113, 154, 1.0
23241.505382786203, 152, -1.0
23245.94557265801, 44, -1.0
23248.054267162992, 154, 1.0
23249.835676975286, 44, -1.0
23249.991920008866, 103, 1.0
23253.624785608656, 103, 1.0
23273.383624181555, 75, -1.0
23285.12361706638, 152, -1.0
23286.20376502545, 154, 1.0
23301.14182616797, 35, -1.0
23309.988265768927, 44, -1.0
23317.107835133975, 154, 1.0
23317.340774639495, 152, -1.0
23325.47614448035, 35, -1.0
23334.90422354736, 154, 1.0
23341.629234586337, 103, -1.0
23342.70200879694, 148, -1.0
23349.40973393629, 75, -1.0
23353.48772777959, 75, -1.0
23360.522345099107, 154, 1.0
23361.43809822669, 101, 1.0
23361.66775357047, 101, 1.0
23363.35181334558, 103, 1.0
23370.15572319634, 148, 1.0
23383.166942158252, 35, -1.0
23389.97859902123, 148, -1.0
23395.80042893284, 44, -1.0
23396.937322732465, 35, -1.0
23404.5241706197, 148, -1.0
23406.9729183171, 35, 1.0
23411.047157312016, 75, -1.0
23412.55383010384, 101, 1.0
23412.78968194955, 75, -1.0
23418.463390432564, 101, 1.0
23418.651502598477, 154, 1.0
23423.79669350648, 75, -1.0
23430.376031602587, 103, 1.0
23448.649420762715, 35, -1.0
23453.415548245397, 148, -1.0
23457.518351307906, 154, 1.0
23458.144601024578, 154, 1.0
23458.957656705694, 44, -1.0
23461.271991833462, 101, 1.0
23461.66008137059, 152, 1.0
23463.28930553136, 44, 1.0
23467.84051934857, 75, 1.0
23470.955498287825, 75, 1.0
23474.804565546026, 154, 1.0
23476.947960001347, 101, 1.0
23478.66209372168, 35, 1.0
23488.54004294329, 148, -1.0
23491.196942464798, 75, 1.0
23503.529240083182, 152, 1.0
23504.517413895475, 44, -1.0
23506.519686804033, 103, 1.0
23506.87357850471, 75, 1.0
23508.52583337842, 103, -1.0
23510.931350622588, 148, -1.0
23514.85469141431, 75, 1.0
23518.136798699605, 35, -1.0
23523.541573932005, 44, -1.0
23526.865984401924, 103, 1.0
23536.13793851391, 75, -1.0
23536.75583711417, 44, -1.0
23553.25325775209, 103, 1.0
23559.05757733598, 148, -1.0
23559.349078832583, 75, -1.0
23564.465161304295, 148, -1.0
23572.144585805978, 75, 1.0
23576.306990652287, 75, -1.0
23580.3059587227, 101, 1.0
23584.720903395646, 101, 1.0
23589.345282527538, 44, -1.0
23590.17662897324, 152, 1.0
23592.529785061528, 103, 1.0
23599.21693988164, 75, -1.0
23599.350036860153, 154, 1.0
23603.3230827492, 75, -1.0
23605.668248452017, 44, -1.0
23609.58120540948, 103, 1.0
23610.94935527828, 103, 1.0
23615.873426739912, 35, -1.0
23620.78903070728, 154, 1.0
23624.674890825387, 154, 1.0
23627.53574772356, 148, -1.0
23629.3523797722, 101, 1.0
23648.908228868062, 101, 1.0
23660.396577754163, 152, -1.0
23664.53249420323, 148, -1.0
23668.48054489971, 75, 1.0
23672.46261178324, 75, 1.0
23677.393000647196, 101, -1.0
23687.851099764983, 152, -1.0
23692.46603259629, 75, 1.0
23700.461469013648, 44, -1.0
23714.740250685732, 152, -1.0
23714.74361908371, 101, -1.0
23721.563269776518, 35, 1.0
23722.281692371118, 101, 1.0
23730.606300947504, 75, 1.0
23733.191313508178, 152, -1.0
23738.77590060982, 101, 1.0
23739.0306588827, 75, -1.0
23740.803604919172, 103, 1.0
23743.438910116514, 103, 1.0
23746.8608911124, 152, -1.0
23749.204780511212, 152, 1.0
23763.505992863047, 75, 1.0
23765.213581037817, 101, 1.0
23768.899395860586, 35, -1.0
23790.365688802696, 44, -1.0
23792.691511070952, 75, 1.0
23798.803476683956, 154, 1.0
23803.434747247895, 35, -1.0
23805.133693064676, 101, -1.0
23807.952372068412, 152, -1.0
23808.150857886812, 75, -1.0
23813.952038584845, 75, -1.0
23821.208917647244, 148, -1.0
23823.20330496544, 75, 1.0
23830.71313040094, 154, 1.0
23831.91003339993, 154, 1.0
23834.185101365176, 101, -1.0
23840.4258650445, 35, -1.0
23842.385826570848, 44, -1.0
23843.52938743383, 101, 1.0
23843.57004148265, 44, -1.0
23854.191098484454, 154, 1.0
23860.170442667022, 103, 1.0
23871.53986305799, 75, 1.0
23885.709040722428, 101, 1.0
23891.952715776708, 101, 1.0
23892.708404557376, 35, -1.0
23893.670460563433, 103, -1.0
23910.992553035936, 152, -1.0
23918.709724413267, 154, -1.0
23919.09312371842, 44, -1.0
23919.435560854294, 35, -1.0
23921.458000966188, 148, -1.0
23932.926704060526, 75, 1.0
23933.303071668368, 103, 1.0
23934.544885266867, 44, -1.0
23935.667811787374, 75, 1.0
23936.123322241434, 75, -1.0
23943.109016634946, 75, -1.0
23955.175314702326, 103, -1.0
23957.693550748496, 35, 1.0
23965.81669740345, 75, 1.0
23966.249182949294, 35, 1.0
23972.65353293152, 103, 1.0
23979.37793572418, 35, -1.0
23984.06112157655, 35, -1.0
23987.387756492637, 154, 1.0
23989.856831186084, 75, 1.0
23991.22221609994, 148, -1.0
24002.18936915549, 154, 1.0
24002.81709949474, 103, 1.0
24002.896425813662, 154, 1.0
24003.158504957, 103, 1.0
24008.404583991825, 152, 1.0
24008.98915198077, 75, 1.0
24014.72263237242, 101, 1.0
24028.035219312478, 35, -1.0
24053.899238932157, 35, -1.0
24077.054005036374, 101, 1.0
24077.81714353663, 101, 1.0
24083.567331235205, 148, -1.0
24085.43573274092, 103, 1.0
24090.30942120703, 154, 1.0
24098.822749083516, 103, 1.0
24101.993881389688, 44, -1.0
24102.545842692707, 75, 1.0
24103.959981386677, 35, -1.0
24107.936662711567, 35, -1.0
24110.626424198384, 75, -1.0
24113.912705738523, 44, -1.0
24129.004293242244, 75, 1.0
24129.267364908752, 75, -1.0
24133.484870845663, 103, 1.0
24138.001164422705, 103, 1.0
24140.182663819804, 148, -1.0
24147.398267835928, 154, 1.0
24162.037343279044, 154, 1.0
24164.77722715843, 44, -1.0
24169.428509592035, 75, 1.0
24180.02303323752, 148, -1.0
24182.436076988986, 103, -1.0
24189.027245360103, 152, -1.0
24197.04938888993, 44, -1.0
24202.252587154493, 103, 1.0
24204.38784812776, 152, -1.0
24206.74652662153, 44, -1.0
24210.851634148756, 101, 1.0
24221.08056272671, 152, 1.0
24221.47803465542, 44, -1.0
24227.47471071455, 154, 1.0
24236.57528433004, 35, -1.0
24241.507758794687, 148, 1.0
24242.244810011955, 75, 1.0
24244.364139417838, 103, 1.0
24253.157036567492, 154, 1.0
24254.44014896271, 35, 1.0
24262.593201417185, 44, -1.0
24278.88075844736, 152, -1.0
24292.20746863279, 35, 1.0
24293.089835689418, 148, -1.0
24303.156163098596, 44, 1.0
24311.057088073147, 148, -1.0
24311.541785693877, 154, 1.0
24319.198061325544, 44, -1.0
24326.69312871283, 101, -1.0
24327.598956699338, 101, 1.0
24338.98369342519, 152, -1.0
24340.073719395594, 103, 1.0
24340.145102986262, 35, -1.0
24352.507532032534, 44, -1.0
24359.032464805987, 148, -1.0
24359.410741322747, 154, 1.0
24362.148213006178, 154, 1.0
24365.714596288602, 101, 1.0
24366.06124871743, 75, -1.0
24369.041761825225, 101, -1.0
24371.76700419805, 103, 1.0
24377.45123401227, 152, 1.0
24382.897286624604, 103, 1.0
24389.36950595895, 103, 1.0
24391.206993417203, 152, -1.0
24391.49990587426, 101, 1.0
24393.093735155642, 101, 1.0
24394.005677171026, 44, 1.0
24404.665075329507, 154, 1.0
24411.88489317379, 103, 1.0
24413.595741188332, 101, 1.0
24414.495355805382, 154, 1.0
24415.606675037812, 148, -1.0
24449.414187533854, 103, 1.0
24472.33441153551, 35, 1.0
24474.594420875557, 101, 1.0
24484.57534593692, 103, 1.0
24485.888078758333, 152, -1.0
24488.230309533854, 35, -1.0
24488.609619770832, 44, -1.0
24494.756258626476, 101, 1.0
24505.987529585498, 44, -1.0
24508.939628030486, 103, 1.0
24514.213949048804, 103, -1.0
24518.418526933452, 44, -1.0
24520.267782411047, 103, -1.0
24528.369345162428, 103, -1.0
24534.886832338532, 103, 1.0
24536.76467817962, 103, 1.0
24541.704414056876, 44, -1.0
24555.605065473614, 103, 1.0
24561.506663485143, 152, -1.0
24573.351506126837, 152, -1.0
24574.82779688744, 152, -1.0
24585.20856424614, 154, -1.0
24585.34946777931, 75, 1.0
24585.529261235508, 103, 1.0
24595.635275843375, 35, -1.0
24598.82625175647, 44, 1.0
24609.84676839703, 101, 1.0
24613.316659332133, 154, -1.0
24620.781482552036, 101, 1.0
24625.747672529997, 148, -1.0
24633.588431846358, 154, 1.0
24634.59360868793, 75, -1.0
24637.643563728558, 44, -1.0
24639.114224574743, 101, 1.0
24653.74188327016, 148, -1.0
24654.367981357933, 152, -1.0
24654.769414568596, 35, 1.0
24666.957522904886, 75, -1.0
24667.23265810246, 103, 1.0
24678.20862756005, 44, -1.0
24678.27701282516, 101, 1.0
24679.20875338598, 154, 1.0
24685.716671350543, 75, -1.0
24691.821504504605, 75, 1.0
24693.200844838764, 75, 1.0
24697.05781279697, 154, 1.0
24698.97181832418, 103, -1.0
24704.281930772922, 35, -1.0
24708.306997348103, 103, 1.0
24709.12139076344, 103, 1.0
24710.39917125382, 44, -1.0
24723.546391794433, 148, -1.0
24729.0148806632, 75, 1.0
24730.376454869947, 35, -1.0
24736.014344765827, 101, 1.0
24736.06692945602, 75, 1.0
24741.519670757487, 44, -1.0
24757.039601366596, 101, 1.0
24762.389369104538, 75, 1.0
24765.9244941152, 44, -1.0
24782.338982742393, 101, 1.0
24790.145398548608, 75, -1.0
24790.61457929984, 152, -1.0
24807.06831353073, 75, 1.0
24815.66775145262, 148, -1.0
24815.835618823432, 152, -1.0
24816.42807781554, 44, -1.0
24823.453479581825, 103, 1.0
24828.560491446187, 75, -1.0
24832.7836799323, 35, -1.0
24834.509899927467, 148, -1.0
24837.480440486062, 148, -1.0
24839.597342503348, 101, 1.0
24840.02022336572, 35, -1.0
24840.950935352732, 75, 1.0
24850.75548541117, 75, 1.0
24853.423838366278, 75, 1.0
24853.65209700548, 35, -1.0
24856.493582705374, 101, -1.0
24860.85970326966, 44, -1.0
24873.05299844345, 154, 1.0
24873.833774480798, 44, -1.0
24875.393277651714, 75, 1.0
24878.42169842829, 148, -1.0
24882.888713694025, 154, 1.0
24884.995001150797, 101, -1.0
24893.193733465614, 75, -1.0
24904.40823349647, 35, -1.0
24907.387342030946, 152, -1.0
24914.00818016527, 101, 1.0
24919.704902214482, 44, -1.0
24936.42659192395, 152, -1.0
24945.26131823692, 148, 1.0
24945.69438719367, 44, -1.0
24945.72727899, 35, -1.0
24946.45449036878, 101, 1.0
24955.1543102938, 103, 1.0
24969.37368216911, 101, 1.0
24970.118620984227, 44, -1.0
24981.282240623146, 44, -1.0
24982.31062864167, 44, -1.0
24987.433988588822, 103, 1.0
24988.466588463776, 75, -1.0
24994.62213001147, 154, 1.0
24997.15503281052, 152, -1.0
25001.078585496143, 75, 1.0
25003.83706003558, 44, -1.0
25012.026492341225, 148, -1.0
25019.738282018778, 101, 1.0
25024.541491614837, 101, 1.0
25024.70546874992, 152, -1.0
25026.636873121533, 35, -1.0
25031.326981344722, 75, 1.0
25035.6933458993, 154, 1.0
25038.53270366547, 75, 1.0
25050.75209968607, 101, 1.0
25053.964740097348, 103, 1.0
25054.39164142152, 152, -1.0
25067.294562270552, 44, -1.0
25070.217394537645, 154, 1.0
25070.237569651184, 75, -1.0
25070.425201725233, 44, -1.0
25076.78991182695, 44, 1.0
25077.3035105825, 103, 1.0
25078.492384982295, 44, -1.0
25079.09191078712, 101, -1.0
25081.445370882633, 103, 1.0
25085.40421716724, 148, -1.0
25088.02230875653, 152, -1.0
25093.37290402173, 44, -1.0
25094.037732086406, 152, -1.0
25097.50763561694, 35, -1.0
25103.439857131256, 44, -1.0
25104.77521703173, 101, 1.0
25108.698429752643, 35, -1.0
25111.70429930333, 75, -1.0
25114.26077754757, 154, -1.0
25130.35247332098, 44, -1.0
25133.698400947622, 44, -1.0
25134.264949191485, 152, -1.0
25137.88020067864, 101, 1.0
25146.422062861904, 35, 1.0
25146.423222367674, 103, 1.0
25146.805785195527, 75, -1.0
25149.68998965072, 152, -1.0
25151.230293193505, 154, 1.0
25155.26505952823, 103, 1.0
25157.165142787475, 35, -1.0
25161.05922417085, 152, 1.0
25166.172915540155, 152, -1.0
25167.91689608161, 75, 1.0
25168.83163388516, 75, 1.0
25171.556893864137, 44, -1.0
25183.024598740627, 35, -1.0
25189.074050280557, 154, -1.0
25190.56006258347, 154, 1.0
25190.838363969742, 103, 1.0
25193.435341584533, 75, 1.0
25194.45818692454, 75, -1.0
25195.614051827037, 35, -1.0
25203.606988719195, 101, 1.0
25205.548290184677, 35, -1.0
25208.09039138799, 35, -1.0
25208.438776182596, 75, 1.0
25223.092791350533, 35, 1.0
25226.28946603748, 103, 1.0
25230.47232314565, 75, 1.0
25241.206208707936, 154, 1.0
25246.540225851855, 148, 1.0
25254.529964095036, 75, 1.0
25258.12770848335, 154, 1.0
25266.289779597002, 75, -1.0
25267.651032571426, 75, 1.0
25277.525831869556, 101, -1.0
25283.599969343453, 101, -1.0
25286.22409634292, 35, -1.0
25299.22314755874, 152, -1.0
25312.28509850418, 154, 1.0
25325.379060013052, 152, -1.0
25327.640768830985, 35, -1.0
25333.518618613085, 35, -1.0
25334.57236599861, 152, 1.0
25334.981811385205, 35, -1.0
25339.15549339903, 35, -1.0
25340.074826254575, 103, -1.0
25343.94982252017, 101, -1.0
25350.86490304109, 75, -1.0
25351.178811779326, 152, -1.0
25353.000417848096, 152, -1.0
25355.810054461228, 101, 1.0
25359.18386015932, 154, 1.0
25360.946000334377, 101, 1.0
25361.76465915652, 75, -1.0
25362.773953450902, 103, 1.0
25365.66666189746, 44, -1.0
25371.459942461723, 35, 1.0
25378.038669028654, 101, -1.0
25380.64001250555, 103, 1.0
25390.325581508932, 154, 1.0
25399.52991211288, 103, 1.0
25401.08989673242, 35, 1.0
25401.78348781745, 35, 1.0
25407.046825767982, 101, -1.0
25417.357152625216, 152, -1.0
25432.821277241706, 101, 1.0
25439.32701526725, 103, 1.0
25440.3858683767, 101, -1.0
25449.024361051983, 44, -1.0
25449.901270357288, 35, -1.0
25455.662648246558, 35, 1.0
25459.64588328273, 75, 1.0
25469.98990489888, 35, -1.0
25474.71519994155, 101, -1.0
25476.468503083193, 101, -1.0
25479.40962367602, 152, -1.0
25479.811590695088, 75, 1.0
25479.813118080787, 103, 1.0
25485.811834014887, 75, 1.0
25486.176338187106, 103, -1.0
25495.888336524324, 75, 1.0
25497.606901539013, 103, 1.0
25499.113360555344, 75, 1.0
25499.696235913612, 103, 1.0
25501.364400457034, 75, 1.0
25505.847833556465, 103, 1.0
25506.854440857056, 154, 1.0
25519.756333199635, 75, 1.0
25525.88924827054, 103, 1.0
25526.10835360191, 103, 1.0
25530.280396777234, 101, 1.0
25532.48059670423, 35, 1.0
25538.967366532645, 103, 1.0
25556.645238473662, 152, 1.0
25570.430277878924, 152, -1.0
25579.70994762344, 154, 1.0
25586.24096746047, 101, -1.0
25592.612222855754, 103, 1.0
25594.592326156366, 35, -1.0
25595.74364318213, 35, 1.0
25604.45201783799, 101, 1.0
25612.496019106573, 35, 1.0
25634.819914472395, 75, -1.0
25635.582127356312, 44, -1.0
25640.81678202839, 154, -1.0
25643.2766164621, 103, 1.0
25650.202192045246, 75, 1.0
25656.884578914414, 35, -1.0
25661.414251148082, 154, -1.0
25670.531789841174, 75, 1.0
25671.47156263224, 103, 1.0
25671.69968579509, 154, 1.0
25676.86293322025, 44, -1.0
25680.67221462513, 44, -1.0
25680.842339876144, 103, 1.0
25696.291911958146, 103, 1.0
25697.34355123444, 103, 1.0
25697.834391131848, 103, 1.0
25706.611423836217, 101, 1.0
25710.464899432467, 35, -1.0
25720.846883631846, 35, -1.0
25721.277871867915, 75, 1.0
25725.876326309648, 35, -1.0
25744.31466965369, 152, -1.0
25748.861265989344, 75, 1.0
25770.56672395069, 35, 1.0
25802.05574842866, 101, -1.0
25802.090436749695, 154, -1.0
25808.540611767014, 154, 1.0
25815.277625289695, 35, -1.0
25839.286060870738, 152, -1.0
25842.248524710983, 35, -1.0
25842.596253341075, 35, -1.0
25843.141648727124, 152, -1.0
25850.355276084825, 103, -1.0
25864.92850218005, 103, 1.0
25880.919283612653, 103, 1.0
25882.523803993645, 101, 1.0
25885.33065019279, 103, 1.0
25892.44649076765, 35, -1.0
25893.38629937715, 44, -1.0
25899.03083310381, 103, 1.0
25911.889827248655, 103, 1.0
25914.220770143067, 154, 1.0
25918.51688577686, 44, -1.0
25922.12066025952, 35, 1.0
25925.287061463823, 75, 1.0
25925.596471939247, 35, -1.0
25944.801719273248, 75, -1.0
25945.91109951492, 35, -1.0
25946.907484308904, 101, 1.0
25951.398466506296, 103, 1.0
25959.344689579306, 101, -1.0
25982.159141707194, 154, 1.0
25992.89683242189, 35, 1.0
25994.94428940049, 35, 1.0
26010.04481117552, 152, 1.0
26018.096526243986, 154, -1.0
26021.748164226374, 44, -1.0
26022.459576833313, 44, -1.0
26022.587801725338, 75, 1.0
26023.939485277246, 103, 1.0
26036.720561316997, 103, 1.0
26042.09731995557, 35, -1.0
26051.671226308885, 154, 1.0
26053.652985151464, 101, -1.0
26065.569305828307, 75, 1.0
26070.35518735869, 103, 1.0
26076.097645926693, 75, -1.0
26076.38719154944, 44, -1.0
26080.264546160794, 103, 1.0
26081.27928800129, 101, 1.0
26082.2847140251, 103, 1.0
26088.809033563477, 35, 1.0
26101.348952417327, 35, -1.0
26105.872653262584, 35, 1.0
26106.573995073795, 75, -1.0
26108.7191242332, 154, -1.0
26110.77603753572, 103, 1.0
26130.203299787976, 103, 1.0
26136.131847800883, 101, -1.0
26143.572059537135, 35, -1.0
26161.42369548895, 75, 1.0
26161.685763227106, 75, -1.0
26164.746408990515, 154, 1.0
26164.95541584355, 152, 1.0
26171.388524023263, 44, -1.0
26173.59357059707, 152, -1.0
26177.07196934352, 152, -1.0
26181.11257492545, 44, -1.0
26188.219682990006, 75, -1.0
26191.433383065338, 101, 1.0
26193.9855858093, 35, 1.0
26201.7415589059, 35, -1.0
26203.886463275456, 75, 1.0
26205.016110486777, 35, -1.0
26215.305320512798, 103, 1.0
26218.437656338003, 152, -1.0
26225.74055654701, 35, -1.0
26232.782436749178, 148, -1.0
26236.964309485124, 103, 1.0
26238.01732221356, 44, -1.0
26239.219987713026, 75, 1.0
26241.672479318713, 152, 1.0
26248.613475492686, 103, -1.0
26255.71264278409, 152, 1.0
26257.326453273516, 103, 1.0
26259.827195943468, 148, -1.0
26266.62498660496, 101, 1.0
26271.998469942035, 148, 1.0
26275.191439434264, 44, -1.0
26279.758606277028, 75, -1.0
26281.59798717101, 152, -1.0
26283.995872015523, 101, 1.0
26285.434470435353, 103, 1.0
26313.206594672112, 35, 1.0
26319.909994865506, 35, 1.0
26322.201511817824, 75, 1.0
26325.138544843936, 101, -1.0
26327.150318914748, 35, 1.0
26331.4116993846, 35, 1.0
26333.055238460154, 152, -1.0
26333.618739439273, 103, 1.0
26335.69404538207, 101, 1.0
26336.886889966303, 35, -1.0
26338.963206616925, 75, 1.0
26344.44015170633, 103, 1.0
26353.979501736972, 75, 1.0
26357.942003802833, 101, -1.0
26360.05080629396, 44, 1.0
26368.08975917531, 35, -1.0
26378.248937870903, 101, 1.0
26382.337764389773, 154, -1.0
26383.048135701803, 154, 1.0
26383.100538109986, 75, -1.0
26383.969780141026, 35, -1.0
26385.56000584733, 101, 1.0
26391.60292827373, 44, -1.0
26402.972632829416, 154, 1.0
26407.526642970086, 75, 1.0
26411.029745270618, 152, -1.0
26426.31890632266, 75, 1.0
26428.454264160664, 103, 1.0
26434.94425491564, 75, 1.0
26441.87726056066, 103, 1.0
26442.61441405959, 103, 1.0
26443.12044692764, 154, 1.0
26449.008762665104, 101, 1.0
26449.560846166623, 44, -1.0
26452.811161396185, 103, -1.0
26456.472474162285, 152, 1.0
26465.005423033548, 103, 1.0
26467.217312082837, 103, 1.0
26472.504901587385, 101, 1.0
26479.43497509009, 35, 1.0
26484.696261150548, 35, -1.0
26486.387914972194, 101, 1.0
26496.047575473473, 101, 1.0
26503.37291801776, 103, 1.0
26505.23261922157, 103, 1.0
26507.359303436744, 75, -1.0
26509.75467766798, 75, 1.0
26512.208952730703, 103, 1.0
26516.21122062853, 101, -1.0
26522.06398589352, 152, -1.0
26525.579347257582, 103, 1.0
26525.986346368947, 103, -1.0
26527.54483387623, 35, -1.0
26527.687972485546, 75, 1.0
26527.96543901404, 103, -1.0
26533.40832572944, 103, 1.0
26537.75850664697, 35, 1.0
26538.419203485835, 35, -1.0
26548.12495267534, 103, 1.0
26550.74881931214, 152, -1.0
26553.015507007636, 35, 1.0
26556.766595546305, 103, 1.0
26564.20311259423, 75, -1.0
26581.314467948978, 75, 1.0
26581.844797625898, 35, -1.0
26581.905486923508, 75, 1.0
26583.409415442045, 35, 1.0
26586.154467869223, 103, -1.0
26588.643491678806, 75, 1.0
26589.925034960026, 35, -1.0
26591.528966224196, 103, 1.0
26600.661909183804, 103, 1.0
26603.502401114878, 35, 1.0
26608.381328451615, 103, -1.0
26612.672287234058, 152, -1.0
26616.492190696845, 101, 1.0
26620.238687912813, 103, 1.0
26622.055839321143, 103, -1.0
26622.492887401775, 152, 1.0
26623.870721880492, 35, -1.0
26624.71394500055, 35, 1.0
26626.15151368852, 103, 1.0
26627.074029727166, 35, -1.0
26641.01947843519, 35, -1.0
26657.50858821936, 103, 1.0
26657.79605948759, 103, 1.0
26667.173506209903, 152, 1.0
26667.564467924178, 101, 1.0
26673.683854331935, 154, -1.0
26673.937105321173, 154, 1.0
26682.299879594215, 154, -1.0
26682.59750082012, 44, -1.0
26687.874632698422, 152, -1.0
26692.98808022434, 154, -1.0
26696.14796528895, 103, 1.0
26696.238950249273, 103, -1.0
26697.722566231056, 101, 1.0
26703.056441957127, 35, -1.0
26703.713319243016, 154, -1.0
26706.175137902468, 44, -1.0
26707.247356432275, 101, -1.0
26707.951963457934, 44, -1.0
26735.65232115163, 75, -1.0
26736.873648022865, 103, 1.0
26751.44132788894, 103, 1.0
26753.429706280698, 35, -1.0
26756.7588579125, 103, 1.0
26758.269823706072, 103, 1.0
26768.896231318628, 35, 1.0
26772.46926099399, 154, 1.0
26774.499573284225, 35, -1.0
26776.569808013497, 44, -1.0
26777.716776833473, 75, 1.0
26778.29045268566, 103, 1.0
26784.54722317924, 152, 1.0
26786.19291079666, 154, -1.0
26790.848682761367, 103, -1.0
26792.476518377003, 101, -1.0
26793.516846382405, 75, -1.0
26795.06294645254, 101, 1.0
26795.0918128932, 103, 1.0
26800.43051183794, 101, -1.0
26804.054367522665, 101, -1.0
26809.639538892967, 44, 1.0
26815.339674739327, 152, 1.0
26831.448102629067, 103, 1.0
26837.07853250295, 101, -1.0
26841.88305465907, 154, 1.0
26855.27340298342, 44, -1.0
26858.28775061289, 154, -1.0
26864.699235997377, 101, 1.0
26871.64204815197, 152, -1.0
26875.582199880017, 154, 1.0
26881.11971633774, 44, -1.0
26885.20926846444, 154, 1.0
26888.823158168685, 75, 1.0
26889.604630232676, 75, 1.0
26908.408898186426, 154, 1.0
26916.71538658482, 35, -1.0
26922.61818709534, 148, -1.0
26922.81875711521, 103, 1.0
26924.142541532965, 75, -1.0
26927.287755870548, 152, -1.0
26932.283531266916, 103, 1.0
26932.92952490162, 152, 1.0
26943.344186707567, 154, 1.0
26946.443142760545, 152, -1.0
26947.120202778868, 35, 1.0
26949.888124863544, 44, -1.0
26949.993038540393, 44, -1.0
26961.26730085162, 75, 1.0
26966.809339301886, 103, 1.0
26972.396614177404, 152, -1.0
26976.724019480578, 75, -1.0
26980.870545405745, 154, 1.0
26999.991938198138, 75, 1.0
27001.77331004102, 152, -1.0
27003.699874675312, 35, -1.0
27004.849332670765, 103, 1.0
27006.906982877026, 35, -1.0
27025.78883649459, 103, 1.0
27031.8582141908, 75, -1.0
27033.353032389485, 35, -1.0
27033.995027951365, 35, -1.0
27035.998480753566, 103, -1.0
27043.10869130549, 154, 1.0
27045.80875247411, 35, -1.0
27055.02388031914, 35, -1.0
27055.237771546123, 75, 1.0
27059.028857341178, 101, -1.0
27067.298204667208, 154, 1.0
27079.88450950429, 154, 1.0
27081.856365262072, 154, 1.0
27085.143945412074, 75, 1.0
27090.554934237647, 101, 1.0
27093.19358604124, 103, 1.0
27111.31352793267, 35, -1.0
27113.85445984654, 103, -1.0
27117.84132077448, 75, 1.0
27118.434893073118, 35, 1.0
27118.668809694253, 35, 1.0
27123.029466922566, 35, 1.0
27132.63546066832, 35, -1.0
27133.562121664683, 152, 1.0
27136.973456846667, 101, 1.0
27141.889401095654, 103, 1.0
27142.498015574383, 35, -1.0
27149.02404059319, 103, -1.0
27156.0937608959, 75, -1.0
27163.160939927166, 75, -1.0
27169.184110504342, 75, -1.0
27169.444010797648, 154, 1.0
27172.320091158734, 103, 1.0
27172.39099247534, 35, 1.0
27173.142597265127, 154, 1.0
27175.12818149487, 103, -1.0
27181.436381920004, 75, 1.0
27187.897127167395, 103, 1.0
27201.413481041327, 152, -1.0
27206.36218059509, 101, -1.0
27207.899438275446, 101, 1.0
27215.831241744676, 75, 1.0
27221.029763534258, 101, 1.0
27222.548677396815, 35, -1.0
27224.798000681745, 101, -1.0
27226.151460886445, 101, 1.0
27228.63166955292, 44, -1.0
27231.64483315785, 35, -1.0
27236.92593748098, 101, -1.0
27237.584358521828, 148, 1.0
27247.21445482254, 103, 1.0
27254.577052170098, 103, 1.0
27257.297296566052, 101, 1.0
27260.99346015944, 44, -1.0
27262.698795983215, 75, 1.0
27267.518683953782, 35, -1.0
27271.680905552395, 103, 1.0
27285.64966056236, 101, 1.0
27293.320553002468, 103, 1.0
27296.036353165084, 44, -1.0
27297.49537137389, 35, 1.0
27298.64849195521, 35, -1.0
27307.951004057835, 103, 1.0
27330.182780323074, 35, -1.0
27331.699038012604, 152, -1.0
27338.39524564612, 154, 1.0
27340.01432278876, 75, 1.0
27342.899015008985, 75, 1.0
27343.71114818897, 35, -1.0
27344.560384942637, 75, 1.0
27354.774414668133, 154, 1.0
27361.885425293458, 103, 1.0
27364.56084685612, 44, -1.0
27378.483026986, 75, -1.0
27390.916853595852, 101, 1.0
27392.139628836445, 154, -1.0
27397.79416276017, 154, 1.0
27398.859008462132, 154, 1.0
27400.21662201562, 154, 1.0
27404.154345032992, 35, -1.0
27405.24211474367, 75, -1.0
27406.817955046747, 35, 1.0
27409.293141892915, 35, -1.0
27411.448846329266, 152, 1.0
27411.864660838215, 148, 1.0
27415.95600004795, 35, -1.0
27416.79110492808, 103, 1.0
27430.442052383725, 103, 1.0
27452.242952215136, 35, -1.0
27452.968015734717, 35, -1.0
27456.145605022884, 103, 1.0
27457.316823741385, 103, 1.0
27459.3812971175, 75, 1.0
27463.823958794328, 75, 1.0
27472.32313212389, 35, 1.0
27473.65670977522, 101, 1.0
27481.353490921203, 103, 1.0
27482.714994739934, 75, 1.0
27482.811899970435, 154, 1.0
27489.830155255484, 35, -1.0
27493.643374257495, 101, -1.0
27496.402196266477, 75, 1.0
27496.86218109543, 75, 1.0
27499.97993975032, 152, 1.0
27504.745549121144, 154, 1.0
27506.1522863958, 101, 1.0
27509.39248522254, 152, -1.0
27509.881519280134, 75, 1.0
27510.53636547717, 35, 1.0
27510.74236328817, 44, 1.0
27511.906014595526, 35, -1.0
27519.654377550833, 35, 1.0
27528.457324510142, 101, 1.0
27530.522612919514, 75, 1.0
27535.181141152385, 101, 1.0
27544.103539119897, 101, 1.0
27547.796524133653, 154, -1.0
27554.211798552205, 103, -1.0
27556.75679130974, 103, 1.0
27561.222100540126, 154, -1.0
27585.094114505097, 44, -1.0
27593.222662975553, 35, -1.0
27607.23171498907, 101, -1.0
27609.82979774897, 154, 1.0
27610.77212290109, 35, 1.0
27617.389632265174, 75, 1.0
27622.304327327944, 35, -1.0
27626.459755911103, 75, 1.0
27628.54485051802, 75, -1.0
27629.69973870062, 152, 1.0
27634.370336403892, 35, -1.0
27639.029701945627, 101, 1.0
27643.441079485536, 101, 1.0
27647.824186405665, 75, 1.0
27650.62504147726, 44, -1.0
27658.959498161392, 75, -1.0
27660.697807345758, 35, -1.0
27668.251233575458, 103, 1.0
27680.271577354746, 103, 1.0
27683.9842139875, 35, -1.0
27693.915179492607, 35, 1.0
27697.169549863214, 152, -1.0
27710.300510707722, 103, 1.0
27713.21392709553, 75, 1.0
27718.60690520233, 35, -1.0
27729.040914831556, 103, 1.0
27735.982142913042, 75, 1.0
27737.279225140257, 103, 1.0
27744.2123895576, 35, -1.0
27749.32955118482, 35, -1.0
27759.858985088886, 152, -1.0
27763.23421263399, 35, -1.0
27763.976892988296, 44, -1.0
27780.0243364925, 103, -1.0
27780.195867645325, 103, 1.0
27780.59256242577, 152, -1.0
27788.336060537073, 35, -1.0
27789.25542988384, 75, 1.0
27790.31153677331, 75, 1.0
27799.922646978328, 44, -1.0
27800.868127597525, 35, 1.0
27807.49109661797, 75, 1.0
27810.022237728906, 103, 1.0
27810.04311018572, 103, 1.0
27813.540452039677, 44, -1.0
27823.311411873503, 148, -1.0
27825.60482047322, 152, 1.0
27832.338449262083, 75, 1.0
27832.5382602435, 35, -1.0
27841.53273682919, 35, -1.0
27843.598120604172, 103, 1.0
27849.667738943852, 101, 1.0
27852.239915169655, 75, -1.0
27858.887304528747, 75, -1.0
27859.752224898948, 103, 1.0
27872.08593443473, 154, -1.0
27872.883016367072, 35, -1.0
27874.617398351784, 75, 1.0
27876.054755007106, 154, -1.0
27892.642433907826, 154, 1.0
27894.421964418583, 101, 1.0
27896.698511730698, 75, 1.0
27898.709639361907, 103, 1.0
27899.958178260073, 44, -1.0
27902.48738414785, 44, -1.0
27907.46708803048, 35, -1.0
27908.77869485428, 44, 1.0
27911.97982424231, 152, -1.0
27933.995336596556, 35, -1.0
27936.25836238162, 35, -1.0
27939.930953967123, 35, -1.0
27940.02917638448, 101, -1.0
27957.35443492876, 75, 1.0
27960.303544073056, 75, -1.0
27972.870996792026, 35, -1.0
27973.035695159506, 35, 1.0
27973.5338108311, 101, 1.0
27988.954283212905, 75, 1.0
27996.51623324366, 35, -1.0
28001.46411785223, 75, -1.0
28003.093851463174, 35, 1.0
28003.677373856975, 152, 1.0
28006.65362883306, 75, 1.0
28009.150710407946, 103, 1.0
28012.28718959003, 75, -1.0
28015.906934196064, 75, 1.0
28020.268662183837, 103, 1.0
28035.625877868555, 75, 1.0
28040.763067301403, 35, -1.0
28046.076086873745, 35, 1.0
28055.092283632737, 35, -1.0
28061.080665187277, 154, 1.0
28062.074061556337, 154, -1.0
28066.392481188836, 35, -1.0
28070.7458363751, 152, -1.0
28075.05169339376, 101, -1.0
28079.616380481053, 35, -1.0
28080.35918211971, 44, 1.0
28084.68085611251, 152, -1.0
28094.843756810402, 101, 1.0
28108.440947599403, 35, -1.0
28122.376707486095, 75, 1.0
28124.10645833918, 154, -1.0
28128.02708895056, 75, -1.0
28140.116968852737, 44, -1.0
28145.504268537414, 75, 1.0
28156.26706217095, 35, -1.0
28163.252633470656, 154, 1.0
28175.631740037577, 35, 1.0
28190.919897445325, 75, 1.0
28192.805157008843, 75, -1.0
28202.39431567018, 154, 1.0
28205.80797843491, 35, 1.0
28208.16976800468, 152, -1.0
28209.200378171707, 152, -1.0
28209.71067251036, 103, -1.0
28220.74187496237, 154, 1.0
28222.567155105964, 75, 1.0
28222.899197366114, 101, 1.0
28234.195726703394, 103, -1.0
28234.320151832533, 148, 1.0
28236.701689737383, 101, 1.0
28238.618000154675, 44, -1.0
28240.60326193225, 35, 1.0
28250.001114919043, 44, -1.0
28254.75548119008, 35, -1.0
28277.166805046854, 103, 1.0
28279.64770962625, 35, -1.0
28281.867566164907, 35, 1.0
28282.818356644257, 103, 1.0
28285.56835457864, 103, 1.0
28292.96477276693, 154, 1.0
28293.263304960165, 103, 1.0
28306.068777105218, 75, 1.0
28313.822869795367, 75, -1.0
28322.357404343522, 154, -1.0
28324.154489017357, 103, 1.0
28325.76935889164, 35, -1.0
28328.159142376957, 101, 1.0
28330.30029307215, 154, 1.0
28345.533201415023, 75, 1.0
28351.140841674194, 154, 1.0
28356.025565932898, 152, -1.0
28359.763055692238, 154, 1.0
28379.436329951874, 152, 1.0
28386.46314908187, 103, 1.0
28393.455526884827, 75, 1.0
28397.243209621025, 101, -1.0
28402.109291267974, 75, 1.0
28406.45243846196, 154, 1.0
28415.100222509103, 35, -1.0
28416.55109368259, 101, 1.0
28417.784848431816, 152, -1.0
28434.02066566167, 152, -1.0
28438.449699799872, 35, 1.0
28448.57443987408, 103, -1.0
28454.216537502452, 103, 1.0
28456.224774390692, 75, -1.0
28460.821492457406, 154, 1.0
28460.913886171842, 103, 1.0
28469.997311933206, 154, 1.0
28473.324586072064, 152, -1.0
28479.481578739746, 152, -1.0
28480.70572024124, 35, -1.0
28484.053979394284, 35, -1.0
28484.931382322015, 44, -1.0
28497.352421099622, 103, 1.0
28503.798033467876, 75, -1.0
28503.85317970926, 75, -1.0
28522.140327756362, 103, 1.0
28524.327658931874, 103, 1.0
28526.671735638483, 103, 1.0
28531.820746937716, 44, -1.0
28536.700981678987, 154, 1.0
28536.791897095187, 103, -1.0
28539.743281009916, 152, -1.0
28547.258425182743, 75, -1.0
28553.017453214426, 35, -1.0
28570.727914623036, 152, -1.0
28572.236837370518, 103, 1.0
28573.65051958217, 75, 1.0
28574.709024708016, 44, -1.0
28580.801671724876, 152, -1.0
28581.721107968107, 75, 1.0
28586.684687210887, 103, -1.0
28599.488067232116, 44, -1.0
28600.16682954532, 101, -1.0
28603.182355665776, 75, 1.0
28612.873689714303, 101, 1.0
28615.876619063914, 101, -1.0
28620.657236848678, 152, -1.0
28623.70050565094, 103, 1.0
28630.099842669286, 152, 1.0
28639.882776058115, 103, 1.0
28644.55208420999, 75, 1.0
28651.302048344194, 75, 1.0
28652.41527304731, 103, -1.0
28656.998464768887, 101, 1.0
28658.609144827326, 103, 1.0
28668.479935618703, 75, 1.0
28675.289307698586, 44, -1.0
28693.46004570145, 75, 1.0
28693.724801856602, 148, -1.0
28694.53186999437, 101, 1.0
28696.682578496035, 154, 1.0
28698.030217265914, 101, 1.0
28708.518122025973, 35, -1.0
28715.96580771251, 103, 1.0
28716.835733774664, 103, -1.0
28718.374514506606, 103, 1.0
28728.290205815563, 101, 1.0
28732.62579877127, 152, 1.0
28736.305259751993, 103, 1.0
28738.376749795858, 103, 1.0
28742.61654612756, 154, 1.0
28753.12188531478, 35, -1.0
28753.612221593583, 103, 1.0
28772.004405289306, 103, 1.0
28782.788545700132, 148, 1.0
28782.790373121996, 35, -1.0
28783.4926792084, 152, -1.0
28785.076893777445, 152, -1.0
28789.43001395565, 148, 1.0
28795.638558552655, 75, -1.0
28800.33407616468, 154, -1.0
28812.0017762044, 35, -1.0
28819.510691014213, 75, 1.0
28820.945629650007, 152, -1.0
28822.04620957395, 75, 1.0
28841.274438964945, 35, -1.0
28841.522858155335, 75, 1.0
28843.78412136697, 35, -1.0
28855.325127704815, 35, -1.0
28857.01426432134, 35, -1.0
28857.489339336214, 75, 1.0
28858.229460807066, 35, -1.0
28864.19535414716, 103, 1.0
28868.570528440334, 75, 1.0
28868.652562340252, 35, -1.0
28869.10975764289, 35, -1.0
28874.146903650984, 148, -1.0
28878.85027992957, 44, 1.0
28905.124272192286, 35, -1.0
28907.37430315942, 75, 1.0
28907.528507701838, 101, -1.0
28918.951767622613, 75, 1.0
28923.755500935447, 35, 1.0
28925.035083566872, 148, -1.0
28925.29997424423, 101, 1.0
28939.339325121702, 75, 1.0
28944.695651825587, 35, -1.0
28947.634505681424, 75, 1.0
28956.57999519424, 35, 1.0
28958.576064254354, 75, 1.0
28964.16802227991, 75, -1.0
28980.106064270276, 103, 1.0
28980.139396576094, 103, 1.0
28993.844997613003, 35, 1.0
28994.15288980054, 35, -1.0
28994.211335155396, 35, -1.0
28995.9904354443, 75, 1.0
29021.42006628005, 35, -1.0
29030.772512715528, 103, 1.0
29042.407260970962, 35, 1.0
29051.77191550826, 101, 1.0
29052.262750174425, 148, 1.0
29054.795533216577, 75, 1.0
29061.342431066918, 35, 1.0
29062.37964174814, 148, -1.0
29064.183681131686, 152, 1.0
29067.723937396055, 101, 1.0
29081.978821322115, 35, -1.0
29084.6367556533, 103, 1.0
29088.478572504835, 75, -1.0
29089.91257045255, 35, -1.0
29090.219559220455, 154, 1.0
29100.950024387097, 75, 1.0
29102.499104455706, 75, 1.0
29106.620968152907, 101, 1.0
29110.997309035298, 154, 1.0
29115.14735763026, 35, -1.0
29122.581526871283, 75, 1.0
29138.219644728117, 101, -1.0
29138.514871117306, 35, -1.0
29143.223137659294, 75, 1.0
29145.217789666414, 103, 1.0
29146.751185543166, 148, -1.0
29147.494295063632, 148, -1.0
29147.671363853493, 75, -1.0
29154.387399225605, 75, -1.0
29156.94130154797, 152, -1.0
29158.97707860937, 35, -1.0
29173.070152073247, 101, 1.0
29178.930207390506, 75, -1.0
29181.279817120256, 35, -1.0
29184.534924320713, 154, 1.0
29189.987406479384, 75, 1.0
29190.114661350242, 154, -1.0
29193.270405681513, 35, -1.0
29195.088372986123, 35, -1.0
29209.766560809494, 154, 1.0
29213.93415311415, 148, -1.0
29218.6791558349, 148, -1.0
29229.084529536194, 152, 1.0
29231.032892001993, 152, 1.0
29252.510007109217, 101, 1.0
29254.473946277598, 35, -1.0
29277.51203974838, 101, 1.0
29288.99063340345, 75, -1.0
29296.64197312404, 75, 1.0
29306.89054357518, 154, -1.0
29308.954334410897, 75, 1.0
29311.160624403645, 35, -1.0
29312.204765349466, 103, 1.0
29312.271826288918, 75, 1.0
29313.849299205198, 103, 1.0
29314.384260631137, 44, -1.0
29332.2434895472, 75, 1.0
29346.0209606152, 148, -1.0
29366.12117048526, 103, 1.0
29372.491158809797, 101, -1.0
29377.483941249575, 35, 1.0
29379.16188375891, 75, -1.0
29385.389164724023, 148, -1.0
29388.006130414324, 75, 1.0
29395.232562381494, 75, 1.0
29412.76187726619, 152, -1.0
29423.561718545654, 75, 1.0
29423.584332127662, 35, 1.0
29427.316637399985, 35, -1.0
29428.49945640753, 152, 1.0
29431.966014441783, 148, -1.0
29460.254013952926, 103, 1.0
29465.739693551564, 101, -1.0
29471.82112174781, 35, -1.0
29472.07592464441, 35, -1.0
29472.68889357703, 75, -1.0
29472.917419280537, 148, -1.0
29475.970223580203, 154, 1.0
29478.842878936262, 35, -1.0
29479.80722843529, 35, 1.0
29482.473432109906, 152, 1.0
29486.853091499648, 154, 1.0
29493.084061979953, 103, 1.0
29507.725514998252, 75, 1.0
29510.54992250002, 101, -1.0
29514.376436416635, 103, 1.0
29524.945389775137, 101, -1.0
29526.000828449443, 75, 1.0
29526.095749556167, 152, 1.0
29530.638409659154, 154, 1.0
29531.264408357794, 154, 1.0
29536.681790819835, 103, 1.0
29540.4182062537, 154, 1.0
29544.27007506073, 35, 1.0
29544.87771895405, 148, -1.0
29546.149849613874, 44, -1.0
29548.439978677725, 35, -1.0
29550.226848904604, 101, 1.0
29560.115959185932, 75, 1.0
29569.48705486714, 35, -1.0
29571.64389463646, 152, -1.0
29595.579431857055, 44, -1.0
29596.85400488415, 148, -1.0
29602.119923031227, 154, 1.0
29612.788455532114, 35, -1.0
29613.51187110049, 44, 1.0
29622.32512472504, 35, 1.0
29628.285057903497, 35, -1.0
29630.496947883745, 75, 1.0
29632.329689402788, 148, -1.0
29633.555082046943, 35, 1.0
29637.579546761488, 35, -1.0
29639.566307587353, 103, 1.0
29642.92699198351, 75, 1.0
29647.890980116248, 154, 1.0
29657.829510692325, 35, 1.0
29682.065617080596, 35, -1.0
29692.376420703476, 35, -1.0
29710.05348931179, 35, 1.0
29710.60506546868, 35, 1.0
29714.54979314948, 101, -1.0
29714.88384900731, 154, -1.0
29715.84785458704, 75, 1.0
29722.265834689268, 154, -1.0
29731.52671341635, 75, 1.0
29742.63912377683, 103, 1.0
29742.726164274063, 35, -1.0
29742.85947412537, 101, -1.0
29762.110554627812, 75, 1.0
29767.350572957173, 75, 1.0
29768.269164772086, 35, -1.0
29772.675709081916, 35, 1.0
29774.287470841904, 35, -1.0
29776.723354442987, 75, 1.0
29783.461350530702, 35, 1.0
29784.114277374316, 35, 1.0
29787.401055185106, 75, 1.0
29797.297113288652, 75, 1.0
29800.940567670223, 154, 1.0
29802.436565281507, 35, -1.0
29806.070020263545, 35, 1.0
29809.90298436469, 75, 1.0
29816.62058459859, 75, 1.0
29824.420249439125, 35, -1.0
29842.202261812436, 148, 1.0
29865.89172154569, 152, 1.0
29874.950924817553, 35, -1.0
29881.713741341755, 35, -1.0
29887.470683528558, 75, 1.0
29891.211795474057, 148, -1.0
29895.009955300233, 75, -1.0
29901.897679076694, 35, -1.0
29921.107976743147, 35, 1.0
29923.983143426427, 154, -1.0
29926.6663394825, 75, 1.0
29928.00656944023, 103, 1.0
29928.029996820533, 103, 1.0
29944.76032947857, 44, 1.0
29945.968225995057, 154, 1.0
29954.326012189184, 35, -1.0
29954.906941816967, 75, 1.0
29959.100632918162, 154, -1.0
29960.461005691595, 35, -1.0
29974.087335312182, 35, 1.0
29982.01130764623, 35, -1.0
29985.874115832154, 35, 1.0
29994.71559810792, 75, 1.0
29996.105429959312, 152, 1.0
29999.72430384032, 103, 1.0
30004.18525939459, 75, 1.0
30015.680231305672, 154, -1.0
30025.51785641375, 103, 1.0
30028.002792238793, 75, 1.0
30036.36590620379, 103, 1.0
30037.144450014617, 103, 1.0
30041.021506696645, 75, -1.0
30041.314305902924, 35, -1.0
30044.3351672488, 154, 1.0
30053.96264344426, 35, 1.0
30058.654636176736, 44, 1.0
30059.959521803772, 101, -1.0
30074.581983162592, 101, -1.0
30075.41796696641, 35, 1.0
30081.192534415928, 75, 1.0
30092.843250166086, 101, -1.0
30094.804766592486, 35, 1.0
30103.931978937264, 148, -1.0
30107.377841236495, 35, -1.0
30107.484979708526, 35, 1.0
30118.579616006795, 154, 1.0
30119.414042185486, 75, 1.0
30124.90180928901, 154, 1.0
30134.434815631088, 35, -1.0
30140.993127750273, 148, -1.0
30142.40453333753, 35, -1.0
30143.939916669155, 148, -1.0
30144.93769237724, 75, 1.0
30149.38821129148, 152, -1.0
30154.057913525292, 101, 1.0
30157.18028541965, 103, 1.0
30158.731373320636, 35, -1.0
30163.176636204607, 154, 1.0
30164.03842804295, 75, 1.0
30167.892448830124, 148, -1.0
30186.878165533915, 35, -1.0
30192.13704642933, 103, 1.0
30193.04409291492, 35, -1.0
30193.555415686278, 35, 1.0
30209.31964414603, 101, -1.0
30221.555271836703, 152, -1.0
30229.85967760021, 148, -1.0
30232.11150389085, 101, -1.0
30243.74490698709, 35, -1.0
30255.750111681453, 148, -1.0
30270.164236329285, 35, 1.0
30271.046120055584, 101, -1.0
30280.984044341036, 75, -1.0
30282.278559276358, 44, -1.0
30284.95230640728, 103, 1.0
30301.272464230005, 152, 1.0
30313.39634124556, 75, 1.0
30326.622148256356, 103, 1.0
30326.92139972719, 154, -1.0
30329.53663215121, 75, 1.0
30332.57342647848, 35, -1.0
30340.853193760653, 75, 1.0
30344.53216100745, 35, -1.0
30362.819416031507, 35, -1.0
30372.004964327294, 148, -1.0
30374.6295174978, 154, 1.0
30377.24528881452, 75, 1.0
30386.44249103548, 75, 1.0
30388.22687055557, 75, 1.0
30392.950036445007, 101, 1.0
30407.615688583675, 103, 1.0
30409.817753205956, 148, -1.0
30422.022397369197, 35, 1.0
30422.298990586827, 154, 1.0
30425.767552114707, 103, 1.0
30426.892822942867, 35, -1.0
30430.196355451113, 75, 1.0
30432.77757567269, 44, -1.0
30435.10041712434, 154, -1.0
30437.68296802492, 148, -1.0
30442.544493679572, 148, -1.0
30446.252356342928, 35, 1.0
30452.503528253976, 75, 1.0
30457.74360652587, 101, -1.0
30463.34981034483, 101, -1.0
30469.06348802048, 152, -1.0
30470.21319198814, 101, 1.0
30472.63221874138, 148, -1.0
30478.164797639824, 101, -1.0
30480.891269598025, 152, 1.0
30490.982999882515, 35, -1.0
30491.89815272366, 75, 1.0
30510.508512569482, 35, -1.0
30512.50128362119, 35, -1.0
30513.69718248468, 103, 1.0
30525.102737519624, 101, 1.0
30527.758388686965, 152, -1.0
30536.552045161457, 35, -1.0
30544.74551559769, 101, 1.0
30549.507263959855, 152, 1.0
30551.91852268563, 101, -1.0
30558.00346918976, 101, -1.0
30558.158468571455, 101, 1.0
30570.8549769549, 101, -1.0
30587.5104843095, 75, 1.0
30603.382817138965, 154, -1.0
30608.712653100865, 35, 1.0
30611.259280490554, 101, -1.0
30611.92046806803, 103, 1.0
30617.805784058324, 35, -1.0
30620.63652087908, 75, 1.0
30625.059949104965, 35, -1.0
30627.72969553211, 75, 1.0
30638.664540053098, 75, 1.0
30643.76995700869, 75, 1.0
30645.748790678645, 35, 1.0
30650.198289152293, 35, -1.0
30651.94485579694, 101, -1.0
30653.79832451701, 154, 1.0
30658.128771960917, 35, 1.0
30667.154251922435, 75, 1.0
30669.653006425164, 75, 1.0
30677.565175623546, 148, 1.0
30682.58416223447, 148, -1.0
30684.834304218184, 35, -1.0
30687.867252789394, 35, -1.0
30695.368941474517, 103, 1.0
30698.87775522548, 154, 1.0
30699.59430474493, 152, 1.0
30706.31633241756, 75, -1.0
30720.87296153224, 35, 1.0
30727.14919535037, 35, 1.0
30731.886490710218, 101, -1.0
30733.874352394512, 101, 1.0
30736.257630987937, 154, -1.0
30736.660376474112, 35, -1.0
30739.82051541014, 101, 1.0
30742.706948872037, 75, 1.0
30743.383346399845, 35, 1.0
30745.348846920482, 152, -1.0
30749.079855975437, 35, 1.0
30752.322219988535, 101, -1.0
30761.942084914408, 148, 1.0
30763.09695791784, 35, 1.0
30765.121834631944, 35, -1.0
30767.237671088777, 154, 1.0
30768.47426220929, 75, 1.0
30775.841283849073, 75, 1.0
30778.755019043652, 75, -1.0
30780.08482915724, 101, -1.0
30788.349725026288, 75, -1.0
30790.236433645674, 148, -1.0
30792.947227655954, 75, 1.0
30798.71637067815, 75, 1.0
30802.81822852819, 75, 1.0
30804.324558704262, 101, -1.0
30818.948138770786, 44, -1.0
30823.563663770783, 103, 1.0
30833.682716650746, 101, 1.0
30842.97535999495, 148, -1.0
30849.29617001421, 75, 1.0
30852.058774670688, 152, -1.0
30861.99159973024, 35, -1.0
30862.407355823812, 148, -1.0
30862.510093871206, 35, 1.0
30873.66400716907, 75, 1.0
30874.296446893717, 75, 1.0
30875.10310777543, 75, 1.0
30883.873133989327, 101, -1.0
30885.105264004407, 103, 1.0
30886.309529513564, 35, -1.0
30890.635142570616, 75, 1.0
30893.6692532374, 152, -1.0
30899.475528018967, 44, -1.0
30900.878745703772, 35, -1.0
30903.00125988259, 103, 1.0
30903.81287244102, 35, 1.0
30908.2725085839, 35, 1.0
30909.541702420815, 152, 1.0
30910.167457756645, 75, 1.0
30925.299467391218, 101, 1.0
30933.419238990762, 75, 1.0
30952.665540581314, 75, 1.0
30955.81660991839, 75, 1.0
30962.503920158895, 35, 1.0
30964.651507807423, 103, 1.0
30966.814949780677, 103, -1.0
30974.396428759588, 75, 1.0
30976.024055757895, 148, -1.0
30978.39420000845, 148, -1.0
30989.815215595187, 35, 1.0
31000.019742872013, 148, -1.0
31000.219035937767, 35, -1.0
31002.32121403254, 103, 1.0
31005.66799754755, 35, 1.0
31006.39229067747, 148, 1.0
31007.94475364754, 75, 1.0
31008.745181545208, 35, -1.0
31009.64882661062, 35, -1.0
31024.20665945796, 35, -1.0
31025.251005578895, 152, -1.0
31033.530427812926, 148, 1.0
31037.876177584763, 101, -1.0
31039.05725073098, 35, -1.0
31040.240999737485, 35, -1.0
31043.40249853617, 75, 1.0
31046.89675523699, 154, 1.0
31050.469258570633, 35, 1.0
31056.407955137816, 152, 1.0
31077.7555723283, 154, 1.0
31089.890842976027, 101, -1.0
31096.056740157335, 101, 1.0
31098.453895207913, 103, 1.0
31103.759427516474, 103, 1.0
31104.506634849662, 35, -1.0
31105.154191845064, 75, 1.0
31105.83437531195, 75, 1.0
31106.273127552427, 103, 1.0
31111.454817113125, 35, 1.0
31125.230615920573, 75, 1.0
31127.00374060578, 103, 1.0
31133.801084538823, 148, -1.0
31135.794806502076, 75, 1.0
31139.29472034535, 75, -1.0
31145.29882493858, 101, -1.0
31158.20750714017, 152, 1.0
31158.684372587835, 75, 1.0
31159.89018920488, 101, 1.0
31169.386792575515, 75, -1.0
31170.06857313233, 103, 1.0
31176.351415737452, 75, 1.0
31179.464233517825, 35, -1.0
31187.856436529386, 35, -1.0
31192.9167504839, 44, -1.0
31202.627817929402, 101, -1.0
31207.637361360445, 148, -1.0
31211.037931514453, 154, 1.0
31212.628066825637, 152, 1.0
31213.35432975109, 75, 1.0
31231.3322124045, 148, -1.0
31231.401996998327, 35, -1.0
31232.16816340712, 101, 1.0
31242.25687160546, 75, 1.0
31245.72319886442, 148, -1.0
31252.878984955696, 75, 1.0
31261.034820909015, 35, 1.0
31264.357004631886, 75, 1.0
31265.99183581709, 35, 1.0
31267.576022304645, 148, -1.0
31273.51790128978, 75, 1.0
31287.28661483827, 75, 1.0
31295.95481128589, 75, 1.0
31303.079979897284, 154, 1.0
31313.70657447097, 35, -1.0
31326.135669784897, 101, -1.0
31329.816091493696, 103, 1.0
31332.964620266896, 75, -1.0
31334.83697588185, 35, 1.0
31362.282399114396, 44, -1.0
31367.192944633774, 75, 1.0
31374.97385745665, 148, -1.0
31376.369259455747, 75, 1.0
31376.463153483666, 103, 1.0
31377.16417070005, 44, -1.0
31382.691992393455, 101, -1.0
31389.35516902395, 148, -1.0
31404.181123554612, 35, 1.0
31414.15482741166, 35, 1.0
31414.625779365604, 35, -1.0
31419.170821830907, 35, -1.0
31428.256480457454, 152, 1.0
31433.658804859013, 148, -1.0
31435.825711469326, 154, 1.0
31443.119985373833, 103, 1.0
31443.92437932664, 75, 1.0
31450.295718313177, 75, 1.0
31456.14890952004, 35, 1.0
31461.79790486535, 35, -1.0
31465.887401037297, 75, 1.0
31474.593786842663, 148, -1.0
31482.521104030086, 152, 1.0
31485.481110292483, 101, -1.0
31485.577065239806, 35, 1.0
31485.666034526992, 101, -1.0
31487.934901936744, 35, -1.0
31490.581397617483, 154, -1.0
31497.814993840773, 44, -1.0
31501.24100001767, 152, -1.0
31510.317631750506, 101, -1.0
31515.67489303027, 75, 1.0
31524.772110156264, 152, -1.0
31525.562602780403, 101, 1.0
31532.636576121462, 75, 1.0
31539.024921163124, 75, 1.0
31573.581236137907, 148, 1.0
31573.769041910095, 75, 1.0
31579.344797411075, 75, 1.0
31579.50142132197, 154, 1.0
31590.42406754651, 101, -1.0
31596.548862563526, 35, -1.0
31599.080985323893, 101, -1.0
31604.14814818171, 44, -1.0
31611.43954144676, 35, -1.0
31616.517283370864, 35, -1.0
31625.876403185313, 103, 1.0
31627.25598573949, 35, 1.0
31628.708963063327, 154, 1.0
31634.24069023715, 154, -1.0
31636.87461497306, 148, -1.0
31641.644324383793, 101, 1.0
31648.2663716778, 101, -1.0
31649.9768479361, 148, -1.0
31671.36628899713, 75, -1.0
31673.19098953563, 75, 1.0
31685.500430089614, 101, -1.0
31702.351140356954, 101, 1.0
31705.617803270285, 148, -1.0
31707.08231213846, 35, -1.0
31711.705519733645, 148, -1.0
31727.277594876643, 148, -1.0
31739.1962678331, 152, 1.0
31743.346692731157, 101, 1.0
31752.39482497048, 75, 1.0
31757.467525335214, 101, -1.0
31758.843922628806, 75, 1.0
31761.386036706088, 101, -1.0
31763.109783644417, 101, -1.0
31771.344310204855, 154, 1.0
31774.32989879559, 101, -1.0
31785.749387376556, 75, 1.0
31790.817661273442, 148, -1.0
31808.12768331155, 152, 1.0
31809.028781578232, 101, 1.0
31812.552131436987, 75, 1.0
31813.760234144644, 75, 1.0
31822.99384454342, 35, 1.0
31831.133834234217, 75, 1.0
31838.70819802914, 101, 1.0
31844.309568903005, 35, -1.0
31848.595934311692, 101, -1.0
31853.28347274937, 35, 1.0
31854.726427698883, 75, 1.0
31862.453337455212, 148, -1.0
31868.488110579146, 35, -1.0
31871.643972892933, 35, 1.0
31876.670274000997, 35, 1.0
31880.022745223247, 75, -1.0
31886.72798196799, 75, 1.0
31895.04011911852, 103, 1.0
31899.0817059616, 35, 1.0
31904.56235281311, 75, 1.0
31907.687218760962, 35, -1.0
31912.615775810154, 154, 1.0
31913.361418833272, 103, 1.0
31917.720208727143, 152, 1.0
31918.646498886752, 75, 1.0
31924.45711089211, 103, 1.0
31929.402929955097, 75, 1.0
31938.430790750892, 35, 1.0
31939.238317505668, 75, 1.0
31947.42500439183, 75, 1.0
31953.640145830264, 35, -1.0
31956.849874648655, 75, 1.0
31960.093604636575, 152, -1.0
31962.73349098176, 101, -1.0
31974.48226756162, 148, -1.0
32000.076011431716, 35, 1.0
32000.149787312712, 101, -1.0
32000.805573949212, 75, 1.0
32008.540674727356, 75, 1.0
32008.543835855795, 103, 1.0
32011.38025675127, 75, 1.0
32015.73869899218, 101, -1.0
32025.625922244733, 35, -1.0
32028.19633003593, 75, 1.0
32031.067849164207, 154, 1.0
32036.86007575703, 101, 1.0
32037.669415910947, 101, -1.0
32045.027724613006, 148, -1.0
32049.70324822766, 75, 1.0
32057.568747385434, 148, -1.0
32058.290244427702, 154, 1.0
32060.721139804635, 75, -1.0
32062.54863071046, 148, -1.0
32065.735954335778, 103, 1.0
32071.829768187083, 35, -1.0
32074.52679793992, 101, -1.0
32076.014364344974, 154, 1.0
32076.25315305621, 148, -1.0
32095.876745706544, 154, 1.0
32099.00482125988, 35, 1.0
32108.32654612366, 35, -1.0
32120.13718788184, 148, -1.0
32127.16467894775, 35, 1.0
32130.59733569032, 44, -1.0
32132.25533764347, 148, -1.0
32133.266284795653, 148, 1.0
32133.28626812288, 35, 1.0
32149.419398748487, 148, -1.0
32152.042947581474, 101, 1.0
32154.2420450481, 101, -1.0
32162.370165336768, 75, 1.0
32207.950737668285, 35, -1.0
32211.75396475586, 44, 1.0
32212.663909445917, 75, 1.0
32222.338671577807, 101, 1.0
32223.635800593584, 35, -1.0
32224.13364386667, 103, 1.0
32225.63925900788, 152, 1.0
32225.85534885217, 75, 1.0
32230.491240521773, 103, 1.0
32237.8760386184, 35, -1.0
32239.72371623503, 75, 1.0
32249.388635504143, 75, 1.0
32249.52504198064, 35, 1.0
32259.316106655817, 101, -1.0
32269.837279761752, 148, -1.0
32284.812437629826, 148, -1.0
32295.84217289433, 35, 1.0
32297.070409472723, 44, -1.0
32318.752611555563, 75, 1.0
32320.603084130744, 75, 1.0
32340.21004152213, 35, -1.0
32346.555938858597, 35, -1.0
32347.955385776517, 44, -1.0
32371.93069502908, 75, 1.0
32382.393509141082, 101, 1.0
32390.686679926264, 75, 1.0
32405.90985134876, 35, -1.0
32406.949007333864, 152, 1.0
32407.39143427817, 101, -1.0
32415.32443003657, 101, 1.0
32430.810563997115, 101, -1.0
32431.80142846385, 44, -1.0
32435.424147599064, 152, -1.0
32435.468958006186, 154, -1.0
32441.829189700256, 35, 1.0
32447.321284758742, 35, -1.0
32447.75924786812, 75, -1.0
32453.149144137253, 148, -1.0
32467.880022979527, 101, 1.0
32472.78065727077, 35, 1.0
32484.61161754616, 103, 1.0
32486.085160057162, 154, -1.0
32487.913948422723, 103, -1.0
32491.353861203424, 35, -1.0
32502.52254600676, 103, 1.0
32505.061143227507, 101, 1.0
32505.17645733637, 75, -1.0
32505.766946453336, 154, -1.0
32509.4232670065, 152, 1.0
32520.672988920498, 75, -1.0
32526.361526147746, 154, -1.0
32529.69996515614, 101, 1.0
32530.872085406852, 35, -1.0
32536.51155805638, 152, -1.0
32537.048908666413, 101, 1.0
32539.48436871139, 35, -1.0
32539.745590330604, 44, -1.0
32543.69329000722, 152, -1.0
32556.751044170134, 101, 1.0
32558.52306957275, 101, -1.0
32564.26669475992, 44, -1.0
32566.828468978343, 103, 1.0
32577.15245918724, 148, -1.0
32582.601458498633, 75, -1.0
32587.045133864653, 101, 1.0
32588.567718524893, 152, -1.0
32595.40553415448, 75, -1.0
32599.991322749327, 35, -1.0
32603.904713051274, 35, -1.0
32604.701862373822, 154, 1.0
32607.793491998567, 35, -1.0
32609.99106805792, 148, 1.0
32614.97173352556, 101, 1.0
32620.557726111077, 35, -1.0
32621.136553757296, 101, 1.0
32621.709263299374, 101, 1.0
32624.69103445985, 154, -1.0
32625.83377260701, 35, -1.0
32635.145284339946, 103, -1.0
32639.664642961885, 101, 1.0
32649.549536243318, 154, 1.0
32649.94933112326, 101, 1.0
32651.312642913486, 101, -1.0
32655.889246686587, 152, -1.0
32667.916343764722, 101, 1.0
32668.708530858814, 148, -1.0
32670.28863245594, 35, 1.0
32671.299734513275, 103, 1.0
32673.689678792736, 101, 1.0
32679.23865544199, 35, -1.0
32685.214635711836, 152, -1.0
32696.316167589, 35, 1.0
32701.882874702143, 35, 1.0
32705.161973567574, 101, 1.0
32705.485823961026, 152, 1.0
32709.35435634379, 101, 1.0
32713.117702056443, 103, 1.0
32722.387379454853, 35, 1.0
32733.250934847114, 154, -1.0
32737.421298207708, 103, 1.0
32739.364594045575, 35, -1.0
32741.64054724893, 152, 1.0
32743.175474553867, 152, -1.0
32747.740115325098, 101, 1.0
32751.859961514205, 101, 1.0
32752.62853183781, 103, -1.0
32754.511959307376, 154, -1.0
32755.63462096765, 101, 1.0
32759.641505580752, 103, -1.0
32764.57562444557, 35, -1.0
32767.296300504942, 44, -1.0
32769.25051149685, 152, -1.0
32772.89206466485, 103, 1.0
32786.235344364075, 148, -1.0
32793.60842311291, 44, -1.0
32799.51195225557, 35, -1.0
32802.91057363419, 75, -1.0
32810.57943956248, 103, 1.0
32818.13784870082, 101, 1.0
32818.46468453555, 101, 1.0
32819.59707626171, 154, 1.0
32821.328891603356, 75, 1.0
32823.11464138257, 75, 1.0
32825.835578315644, 35, -1.0
32832.45441304591, 35, -1.0
32834.035870422995, 103, 1.0
32834.164980007205, 101, 1.0
32837.94962527711, 35, 1.0
32840.16605022586, 101, 1.0
32848.20619215359, 101, 1.0
32852.41324977647, 101, 1.0
32869.9118347988, 35, 1.0
32873.785710486874, 101, -1.0
32876.90211685608, 75, -1.0
32880.60930287893, 148, 1.0
32882.503016360686, 35, -1.0
32883.76679407988, 152, -1.0
32890.57108212851, 35, -1.0
32896.413849683864, 103, -1.0
32900.077356431204, 154, -1.0
32901.67499385751, 152, -1.0
32902.782051025126, 148, -1.0
32905.97716794796, 101, 1.0
32938.27745959333, 75, -1.0
32940.00068707218, 35, 1.0
32962.79084188504, 154, -1.0
32974.76314600341, 152, 1.0
32996.36135209242, 148, -1.0
33000.81066375754, 101, -1.0
33004.3638465343, 148, -1.0
33005.230855576294, 103, -1.0
33006.57910527259, 152, 1.0
33007.875230081285, 35, -1.0
33011.41816706652, 152, -1.0
33025.493104544636, 152, -1.0
33027.77999274484, 152, -1.0
33029.879212474865, 101, 1.0
33030.53078599894, 101, 1.0
33031.15733478276, 35, -1.0
33037.04432032228, 75, -1.0
33054.04613424099, 152, -1.0
33057.327907592175, 154, -1.0
33064.32376614724, 101, 1.0
33067.37540550761, 148, -1.0
33082.776207710536, 35, -1.0
33084.04331139311, 44, -1.0
33085.40522250332, 152, 1.0
33089.47827804401, 75, -1.0
33095.178882358654, 148, 1.0
33096.32318200536, 154, -1.0
33098.76889402354, 148, -1.0
33100.08072736841, 35, 1.0
33108.972657827864, 75, -1.0
33114.72172626729, 35, -1.0
33115.63610273233, 35, 1.0
33115.80777201109, 103, -1.0
33117.87252154515, 148, -1.0
33119.3247532682, 103, 1.0
33128.04344743472, 101, 1.0
33133.00625077296, 75, -1.0
33135.18532383585, 152, -1.0
33137.454817143385, 103, 1.0
33137.519338205755, 101, 1.0
33138.12046390346, 35, 1.0
33142.369173989806, 154, -1.0
33149.59382678286, 35, -1.0
33149.86443296354, 103, 1.0
33156.14401933685, 152, -1.0
33156.882104109616, 101, 1.0
33163.07862296334, 75, -1.0
33168.757137132474, 101, 1.0
33177.233149361185, 101, 1.0
33179.20609542384, 154, -1.0
33179.78064777879, 152, -1.0
33186.380350015286, 148, 1.0
33187.89319179845, 101, 1.0
33191.410340198665, 101, -1.0
33194.39919626299, 148, -1.0
33197.143988698735, 101, 1.0
33197.36671547091, 35, -1.0
33200.89898255723, 35, 1.0
33208.23346786111, 44, 1.0
33209.54933213647, 152, -1.0
33211.89472619712, 103, -1.0
33214.25070389265, 35, -1.0
33223.86465391303, 148, -1.0
33230.38230511718, 103, 1.0
33230.582330603895, 152, -1.0
33234.240752506084, 35, -1.0
33240.87339617374, 101, -1.0
33240.88138725608, 35, -1.0
33242.54475756572, 148, 1.0
33245.10728989821, 103, 1.0
33246.21919656654, 148, -1.0
33249.61045878558, 35, 1.0
33251.73475490612, 35, 1.0
33256.472294435946, 35, -1.0
33257.087341406914, 44, -1.0
33257.206858985955, 148, -1.0
33257.90159036729, 154, -1.0
33261.4811749964, 152, 1.0
33262.6074993191, 152, -1.0
33273.6933392811, 75, -1.0
33278.184787485945, 101, 1.0
33280.44413816356, 148, -1.0
33281.42090887306, 101, 1.0
33282.502431203415, 148, -1.0
33288.17582025063, 154, -1.0
33294.1292746145, 154, 1.0
33296.52131367514, 154, -1.0
33306.55464608588, 152, -1.0
33306.73040260532, 75, -1.0
33309.816777711, 152, -1.0
33311.08640851837, 154, 1.0
33312.95894139452, 44, -1.0
33323.78433622004, 148, -1.0
33335.72330978429, 152, -1.0
33337.41927865755, 101, 1.0
33340.70554753347, 35, 1.0
33341.37790331712, 148, -1.0
33344.87234720414, 152, -1.0
33349.17982031725, 35, -1.0
33350.72057772575, 148, -1.0
33351.78797611568, 154, -1.0
33357.55821172902, 103, -1.0
33358.65556823488, 75, -1.0
33362.63737514185, 101, -1.0
33374.32821869163, 75, -1.0
33377.47609696743, 101, 1.0
33378.53874476719, 103, -1.0
33380.64647519411, 152, 1.0
33383.9432271225, 152, -1.0
33393.028078910764, 44, -1.0
33399.934084788496, 154, 1.0
33400.333223506896, 75, -1.0
33404.111589980166, 148, -1.0
33413.836562310666, 103, 1.0
33433.40922875327, 35, -1.0
33441.935286508604, 75, -1.0
33444.172112541804, 101, 1.0
33457.49711093117, 101, 1.0
33458.958189749435, 152, -1.0
33460.49293067963, 152, -1.0
33462.841502024705, 101, 1.0
33463.9702421925, 152, -1.0
33467.04898894259, 101, 1.0
33468.022019674805, 44, -1.0
33477.74416780312, 152, -1.0
33484.09493020952, 35, 1.0
33485.609817321354, 103, 1.0
33492.419677278944, 154, 1.0
33492.96023823011, 103, 1.0
33495.05218496141, 101, 1.0
33499.73781146394, 154, 1.0
33501.74148506773, 35, 1.0
33507.60780114888, 75, -1.0
33510.241438960504, 152, -1.0
33524.697626173314, 148, -1.0
33525.083339919416, 75, -1.0
33535.918001865306, 154, -1.0
33536.14778025172, 148, 1.0
33539.29486443282, 101, 1.0
33540.997350139354, 75, 1.0
33554.74822579863, 75, -1.0
33563.110135106974, 101, 1.0
33563.19951981998, 154, -1.0
33569.11630820689, 103, -1.0
33574.81219255331, 103, 1.0
33575.73132597068, 101, 1.0
33582.18378245886, 101, 1.0
33586.315549863204, 103, 1.0
33588.41160363101, 152, -1.0
33611.22937554019, 148, -1.0
33613.70031906809, 101, 1.0
33617.130445301445, 101, 1.0
33617.879228299236, 154, -1.0
33618.43157335453, 35, -1.0
33627.563533827866, 103, 1.0
33627.94655846121, 152, -1.0
33628.52373725581, 101, 1.0
33628.57732534936, 101, 1.0
33628.98760243568, 44, -1.0
33629.70190809971, 103, 1.0
33630.99575055702, 101, 1.0
33638.1568409229, 35, -1.0
33641.39754092017, 44, 1.0
33642.84537171186, 154, 1.0
33657.08696654796, 75, -1.0
33659.36313932674, 101, 1.0
33665.3895121767, 152, -1.0
33666.26955539165, 75, -1.0
33667.54249297618, 103, 1.0
33677.87851950693, 44, -1.0
33678.11854424934, 152, -1.0
33682.12952890782, 103, 1.0
33689.86674339817, 101, 1.0
33697.965203837935, 101, 1.0
33702.34608012835, 152, -1.0
33704.37092665082, 101, 1.0
33706.760998661935, 35, -1.0
33709.20499533533, 75, -1.0
33713.61042521803, 75, -1.0
33735.31406217097, 101, 1.0
33741.26503909643, 103, -1.0
33741.89142707294, 101, -1.0
33745.01640368454, 75, -1.0
33747.2035895576, 103, -1.0
33750.54208335306, 44, -1.0
33754.13930455352, 152, -1.0
33759.27266392228, 101, 1.0
33766.82037373993, 101, 1.0
33768.488106322045, 152, -1.0
33773.86191692198, 148, 1.0
33777.364434925985, 35, 1.0
33780.90923932208, 103, 1.0
33781.03892014673, 101, 1.0
33784.60958729224, 101, 1.0
33786.58838010913, 103, -1.0
33786.817989894516, 148, -1.0
33794.930407178916, 35, -1.0
33795.956652460634, 101, 1.0
33809.35691641439, 152, -1.0
33810.48882267933, 154, -1.0
33822.13818381258, 35, -1.0
33827.553957342985, 101, 1.0
33828.98451046204, 101, 1.0
33829.78160627018, 44, 1.0
33832.48366797635, 101, 1.0
33836.664148774384, 103, 1.0
33838.03647508391, 152, -1.0
33838.75117562124, 101, 1.0
33845.95580150573, 148, 1.0
33848.445335840384, 152, -1.0
33851.74478849373, 152, 1.0
33852.75309425942, 154, -1.0
33859.299574869496, 152, -1.0
33863.571952075756, 35, 1.0
33868.23394687499, 101, 1.0
33868.444589215665, 148, -1.0
33877.907090790504, 35, -1.0
33888.39411418111, 103, -1.0
33889.817571453816, 152, -1.0
33890.388021706094, 75, -1.0
33891.722573381834, 101, 1.0
33897.01938846383, 103, -1.0
33898.710877612146, 148, -1.0
33901.10466019239, 101, -1.0
33908.810885603256, 103, 1.0
33912.41488838554, 154, -1.0
33914.67152359662, 101, 1.0
33916.46490695745, 75, -1.0
33920.17903820531, 101, 1.0
33931.454722393275, 103, -1.0
33932.26832508206, 103, 1.0
33937.07035094722, 35, -1.0
33944.351708329945, 148, -1.0
33951.00031773978, 148, 1.0
33960.491281741655, 75, -1.0
33968.554307398386, 35, 1.0
33988.51845902005, 154, -1.0
33988.80089092929, 154, -1.0
33989.60356670409, 103, 1.0
33992.84787347153, 101, -1.0
33997.66990622114, 75, -1.0
33999.06183188742, 103, -1.0
33999.13173801068, 101, 1.0
33999.79344857427, 103, 1.0
34005.77945530134, 75, -1.0
34011.894382250364, 75, -1.0
34019.502973211296, 148, 1.0
34024.659278907544, 103, 1.0
34028.277969234674, 148, -1.0
34029.85825011121, 103, 1.0
34034.17117479399, 101, 1.0
34036.68032467636, 75, -1.0
34037.67732288995, 44, -1.0
34038.46876126553, 35, 1.0
34039.556318759525, 103, -1.0
34047.338774208605, 44, -1.0
34074.028511035096, 154, 1.0
34084.1614539204, 101, 1.0
34085.731792608116, 35, -1.0
34085.80476503834, 103, -1.0
34089.112686071494, 148, -1.0
34094.316761223665, 103, 1.0
34107.92269187678, 154, -1.0
34109.97369617301, 148, 1.0
34119.20417381093, 44, 1.0
34120.16617441249, 101, 1.0
34130.80875480478, 35, -1.0
34140.67220008275, 148, -1.0
34143.7220596542, 154, -1.0
34150.8841164771, 103, -1.0
34170.77193927213, 152, 1.0
34189.264087205105, 154, -1.0
34194.96332422875, 35, -1.0
34195.92043713464, 35, -1.0
34195.951544126736, 35, -1.0
34200.192994260775, 75, -1.0
34205.78175185272, 152, -1.0
34206.87460880476, 75, -1.0
34211.798506939485, 101, 1.0
34212.82322245286, 148, -1.0
34214.04456158145, 148, -1.0
34216.92104854554, 35, -1.0
34220.7082193644, 101, 1.0
34225.71759184637, 101, 1.0
34233.803004796224, 148, -1.0
34247.41203962619, 152, -1.0
34252.91787432238, 101, -1.0
34255.157379976685, 35, 1.0
34257.1510156082, 103, 1.0
34269.68856354398, 35, 1.0
34277.490553123556, 35, -1.0
34291.330115815, 103, 1.0
34300.30747128678, 154, -1.0
34304.675581951255, 35, 1.0
34313.33307771229, 75, -1.0
34315.340230554146, 101, 1.0
34349.53624246347, 35, 1.0
34357.56592542044, 35, -1.0
34367.165990695765, 35, -1.0
34376.737255098946, 101, 1.0
34377.746443097465, 35, 1.0
34378.284270712276, 101, 1.0
34382.81245177995, 103, -1.0
34383.93979553772, 152, -1.0
34384.899161605186, 101, 1.0
34392.51727611278, 101, -1.0
34393.27949479482, 154, -1.0
34393.88015320792, 75, -1.0
34396.62478377745, 103, 1.0
34397.321917933645, 152, -1.0
34398.869769950594, 103, 1.0
34403.39265389271, 152, -1.0
34403.5061383932, 75, -1.0
34413.228053839484, 148, -1.0
34416.35006794822, 101, -1.0
34421.27165114337, 154, -1.0
34425.15000732485, 101, 1.0
34428.95891097486, 35, 1.0
34438.69626456732, 152, -1.0
34438.8365705985, 35, 1.0
34444.91489451178, 154, -1.0
34454.2075263263, 101, 1.0
34462.92936681583, 103, -1.0
34482.658339201545, 154, 1.0
34490.10173503792, 35, -1.0
34496.44995535871, 44, -1.0
34507.63801915402, 75, 1.0
34514.962199052745, 103, 1.0
34519.49254435968, 75, 1.0
34520.948744960086, 35, 1.0
34525.39483100763, 101, 1.0
34529.234217120276, 101, -1.0
34535.73466885846, 101, 1.0
34536.804663445495, 101, 1.0
34537.185069943705, 152, -1.0
34557.29030179956, 101, 1.0
34568.47797694582, 101, 1.0
34570.77335832837, 75, -1.0
34573.448856122406, 101, 1.0
34573.48329525453, 75, -1.0
34576.04687728832, 75, -1.0
34578.2187037767, 152, -1.0
34580.63296525202, 35, 1.0
34587.2704884575, 75, -1.0
34590.92702920172, 75, -1.0
34597.98814431735, 35, -1.0
34619.030314793155, 35, -1.0
34638.55836770209, 152, -1.0
34646.01599870863, 35, -1.0
34658.115720541704, 35, -1.0
34659.2927322076, 148, 1.0
34660.270833024166, 103, 1.0
34661.41418182085, 75, -1.0
34661.506621654175, 35, 1.0
34667.773668657705, 35, 1.0
34668.06996735009, 152, -1.0
34671.89670641634, 103, -1.0
34686.42477861346, 101, 1.0
34694.99786550879, 148, -1.0
34695.68679499426, 152, -1.0
34695.74219225569, 35, 1.0
34697.24983137888, 101, 1.0
34697.36326260229, 103, 1.0
34698.05066997954, 35, -1.0
34698.107417072555, 75, -1.0
34702.96234601714, 35, 1.0
34717.290470267304, 101, 1.0
34717.4196174819, 75, -1.0
34719.58236422402, 152, -1.0
34720.68758232232, 35, -1.0
34721.914407463315, 101, 1.0
34728.51750920845, 35, 1.0
34729.73611675804, 75, -1.0
34729.833279578714, 152, 1.0
34730.95840396905, 44, -1.0
34731.07603576161, 44, 1.0
34732.87172296691, 103, 1.0
34740.56186091435, 154, -1.0
34749.48778071563, 101, 1.0
34752.192142571854, 35, 1.0
34752.73695127296, 148, -1.0
34757.91756299441, 154, -1.0
34762.02072527043, 101, 1.0
34764.48797854083, 103, 1.0
34770.667116133154, 101, 1.0
34771.86878180082, 154, -1.0
34774.073165354544, 103, -1.0
34778.61460871736, 75, -1.0
34780.84380307951, 152, -1.0
34788.510831706546, 152, 1.0
34793.994510584715, 35, -1.0
34795.40526681894, 101, 1.0
34798.99729657162, 75, -1.0
34802.593834986175, 75, -1.0
34821.91348404112, 148, -1.0
34826.87258792577, 75, -1.0
34827.39768603739, 103, -1.0
34830.40149278844, 101, 1.0
34838.08040092248, 101, 1.0
34843.02447657686, 103, 1.0
34846.9778091338, 35, -1.0
34849.326485587575, 35, 1.0
34852.29313741654, 148, 1.0
34862.69857513691, 152, -1.0
34862.781113956735, 101, 1.0
34863.9258257953, 35, -1.0
34866.5913808081, 152, -1.0
34870.915438058335, 103, -1.0
34874.54621781215, 148, -1.0
34876.58049396343, 101, -1.0
34879.7430103051, 154, -1.0
34884.725437770634, 152, -1.0
34887.20005741323, 101, 1.0
34887.35187460313, 101, 1.0
34888.25183216561, 35, 1.0
34888.517620403145, 154, 1.0
34888.84898878093, 101, 1.0
34891.967158500454, 103, -1.0
34897.37965654829, 35, -1.0
34926.03560585126, 101, 1.0
34926.1158208906, 35, -1.0
34930.0241295263, 148, -1.0
34931.57672081733, 35, -1.0
34937.04095074388, 75, -1.0
34945.03572103862, 35, -1.0
34950.71085108816, 152, -1.0
34951.65447862121, 101, 1.0
34953.36120878425, 152, 1.0
34954.7134910146, 101, 1.0
34956.18917253197, 75, -1.0
34961.42698066159, 35, 1.0
34967.10647236988, 35, 1.0
34973.48769046549, 103, -1.0
34975.17788778292, 101, 1.0
34982.48437302796, 154, 1.0
35002.033172060794, 101, 1.0
35002.47229311244, 103, 1.0
35003.790144429855, 35, -1.0
35005.25097351399, 75, -1.0
35013.04976704147, 101, 1.0
35013.84170764621, 101, 1.0
35017.28758008802, 35, -1.0
35027.76612307819, 35, -1.0
35043.13793524227, 35, -1.0
35045.20622503095, 35, 1.0
35045.374336161876, 152, -1.0
35051.822468312275, 154, 1.0
35054.58039643909, 75, -1.0
35057.982893762055, 154, -1.0
35060.80469150028, 35, -1.0
35062.33065261189, 101, 1.0
35072.724255039386, 35, 1.0
35083.588628801925, 152, -1.0
35090.32425895332, 101, 1.0
35095.778431232706, 101, 1.0
35095.83940496654, 35, -1.0
35103.65047532336, 101, 1.0
35107.02000070811, 75, -1.0
35112.48528547764, 103, -1.0
35126.956141879295, 101, -1.0
35139.78423752034, 101, -1.0
35152.372819746524, 35, -1.0
35157.501669272446, 35, -1.0
35164.937334963244, 35, -1.0
35186.19259505341, 101, 1.0
35191.95208227153, 101, 1.0
35199.68088392853, 35, 1.0
35202.82992598564, 44, -1.0
35205.58680251225, 101, 1.0
35222.874841555764, 44, 1.0
35222.89952438558, 101, 1.0
35223.58880964713, 101, 1.0
35224.838590908505, 101, -1.0
35228.824037246784, 152, -1.0
35236.719005448605, 101, -1.0
35239.7273866273, 75, -1.0
35242.096651995176, 148, 1.0
35253.0949099118, 103, 1.0
35259.711688363706, 35, -1.0
35259.78427980144, 101, 1.0
35262.49597553947, 152, -1.0
35265.43024184344, 101, 1.0
35265.88818631089, 75, -1.0
35274.738542810315, 154, -1.0
35283.19543565406, 75, -1.0
35284.7282997541, 101, 1.0
35298.83685777827, 152, -1.0
35302.39552897598, 148, -1.0
35310.70256199587, 44, -1.0
35314.807749938074, 103, 1.0
35314.836074480976, 148, -1.0
35317.56083396132, 101, -1.0
35321.2587318963, 35, -1.0
35331.48505369133, 75, 1.0
35337.67894055497, 154, -1.0
35343.46698902306, 101, 1.0
35354.59085288889, 101, -1.0
35366.46532816706, 35, 1.0
35376.304494963886, 101, 1.0
35377.27644250566, 101, 1.0
35390.78121208251, 35, -1.0
35399.84697508283, 152, 1.0
35408.1240803733, 101, 1.0
35410.10451269802, 148, -1.0
35412.724177644086, 75, -1.0
35422.444721474065, 101, -1.0
35422.625382404956, 103, -1.0
35431.36631759419, 101, 1.0
35435.266012683576, 44, -1.0
35439.62728882146, 75, -1.0
35440.09469755537, 154, -1.0
35449.9849913169, 35, 1.0
35450.91815588485, 152, -1.0
35451.57257632797, 101, 1.0
35453.26915505094, 101, 1.0
35459.5832926165, 35, 1.0
35463.17496747074, 75, -1.0
35467.31724767978, 35, -1.0
35467.85087269554, 101, 1.0
35478.10013821849, 35, -1.0
35485.85248469609, 103, 1.0
35491.200014207236, 101, 1.0
35496.42146641035, 152, -1.0
35506.71233706679, 75, -1.0
35512.65579752306, 35, -1.0
35513.99178090066, 152, -1.0
35514.67622090288, 35, -1.0
35522.16871151683, 35, -1.0
35524.15012328712, 101, 1.0
35531.429417864034, 103, -1.0
35532.86721245142, 35, 1.0
35547.036528750476, 152, -1.0
35547.274814475015, 35, -1.0
35547.47024039661, 152, 1.0
35554.21466778071, 154, 1.0
35563.4838304557, 101, 1.0
35565.16809798758, 75, -1.0
35568.25532034628, 154, -1.0
35576.35153695117, 148, -1.0
35577.0845930686, 148, -1.0
35583.48040433075, 44, -1.0
35592.52297617423, 103, 1.0
35595.99838282944, 101, 1.0
35607.94401043366, 152, -1.0
35611.71458131827, 148, -1.0
35613.50586966149, 154, 1.0
35613.547163871306, 103, -1.0
35619.4831003632, 103, -1.0
35620.028969969004, 75, 1.0
35623.25823242954, 101, -1.0
35623.56105332103, 35, -1.0
35626.563194663286, 75, -1.0
35630.17536833714, 154, -1.0
35636.041964004224, 152, 1.0
35653.51763195124, 35, -1.0
35660.35501200917, 75, 1.0
35672.19298321276, 101, 1.0
35688.434009162695, 152, -1.0
35690.08947065453, 35, 1.0
35690.72174509901, 101, 1.0
35700.947697368516, 35, -1.0
35708.91021523619, 101, 1.0
35711.563915901075, 101, 1.0
35714.057810310514, 148, -1.0
35714.32532414445, 44, -1.0
35720.20575260215, 75, -1.0
35720.79636211841, 35, -1.0
35723.86952433746, 154, -1.0
35724.36724837981, 101, -1.0
35727.1966533704, 152, -1.0
35730.90197737278, 154, -1.0
35735.96227691998, 44, -1.0
35738.808206019, 103, 1.0
35747.12980285081, 35, 1.0
35749.98770342638, 101, -1.0
35764.409089528504, 101, 1.0
35774.934995896285, 35, -1.0
35781.21833801908, 35, -1.0
35782.37903684455, 35, -1.0
35787.52047174399, 101, 1.0
35789.55107627342, 154, -1.0
35798.005045684156, 75, -1.0
35801.849186406376, 101, 1.0
35805.95611107284, 35, 1.0
35822.318569637486, 75, -1.0
35829.66016574587, 152, -1.0
35830.70211042394, 75, -1.0
35832.878829858804, 44, -1.0
35840.62546453504, 35, -1.0
35847.19020024683, 101, 1.0
35851.178478180074, 75, -1.0
35852.86706097415, 35, -1.0
35861.44769467163, 35, -1.0
35864.46925237108, 44, 1.0
35877.00100440756, 103, 1.0
35881.31369584663, 101, 1.0
35885.37340759743, 35, -1.0
35892.9160091488, 101, -1.0
35894.47943570952, 75, -1.0
35896.00477149569, 75, -1.0
35896.67153342924, 75, -1.0
35900.0073015315, 35, -1.0
35908.77569596084, 101, -1.0
35910.675864513374, 152, -1.0
35913.37660675183, 75, -1.0
35913.52359623232, 75, -1.0
35913.670204549584, 152, -1.0
35915.2660792665, 103, -1.0
35918.82288843999, 75, -1.0
35934.72184029411, 152, -1.0
35936.192667489115, 75, -1.0
35938.29083779819, 101, 1.0
35945.19752228058, 101, -1.0
35946.367804966525, 75, -1.0
35951.02742944226, 35, -1.0
35952.03635688425, 152, -1.0
35952.672169585654, 75, -1.0
35953.34576662745, 101, -1.0
35954.03505697525, 35, 1.0
35956.592966285345, 35, -1.0
35958.67074993482, 103, 1.0
35963.45603219988, 35, -1.0
35965.377584683396, 152, 1.0
35966.03398646588, 154, -1.0
35968.046480154335, 35, -1.0
35972.428620066334, 103, 1.0
35982.587208745594, 103, 1.0
35989.26815525959, 101, -1.0
35991.28246653272, 75, -1.0
