21607.264704998768, 103, 1.0
21611.54070302815, 148, -1.0
21613.886389088082, 103, 1.0
21619.75628516103, 154, -1.0
21620.829111827694, 101, -1.0
21621.919489529573, 101, -1.0
21625.132526539925, 35, -1.0
21628.022502533157, 148, -1.0
21628.27098828966, 101, 1.0
21628.348530494455, 103, 1.0
21634.332282011717, 101, 1.0
21645.406937558, 148, -1.0
21646.759378588184, 75, 1.0
21647.85168687166, 154, 1.0
21652.000064025164, 44, -1.0
21660.51219034574, 103, 1.0
21660.879338862334, 35, -1.0
21667.03542978879, 154, 1.0
21668.322996766536, 152, 1.0
21687.004882160887, 154, 1.0
21690.27355770077, 148, -1.0
21691.95525288405, 35, -1.0
21700.96802785761, 75, 1.0
21702.36912277198, 75, 1.0
21710.134445242467, 75, 1.0
21713.65493220124, 75, 1.0
21725.903168005676, 103, 1.0
21727.08027508779, 44, -1.0
21729.551122125475, 35, -1.0
21747.945975656996, 148, 1.0
21749.76742717112, 75, 1.0
21756.547668932875, 152, 1.0
21757.980910565526, 75, -1.0
21758.591742699675, 103, 1.0
21761.840521733233, 154, 1.0
21763.40825742526, 75, 1.0
21771.241543231212, 154, 1.0
21773.025631403823, 103, 1.0
21789.482487742847, 75, -1.0
21790.476104781705, 75, -1.0
21798.880113449115, 154, 1.0
21817.118165098866, 154, 1.0
21817.858782795887, 75, -1.0
21818.019966518164, 75, -1.0
21819.178735058555, 101, -1.0
21819.54924461921, 101, -1.0
21823.64503712255, 75, -1.0
21823.85260352178, 35, -1.0
21831.14139913685, 152, -1.0
21832.56725846373, 154, 1.0
21841.10661496235, 154, 1.0
21845.073990491273, 35, -1.0
21845.557131183927, 154, 1.0
21857.33076933447, 148, -1.0
21858.0351210105, 148, -1.0
21859.178684681676, 103, 1.0
21860.202599509204, 154, 1.0
21863.45830655403, 148, -1.0
21867.145092054874, 152, -1.0
21876.730836859453, 35, -1.0
21877.625690643785, 75, 1.0
21882.851053130777, 44, -1.0
21883.84335213478, 75, 1.0
21890.170693835636, 154, 1.0
21890.30409824115, 103, 1.0
21894.765625088705, 35, -1.0
21896.256324470058, 75, 1.0
21898.07419359752, 35, -1.0
21906.803380334884, 152, -1.0
21924.344913205932, 101, 1.0
21927.617050141656, 44, -1.0
21935.583374024434, 35, -1.0
21946.984499689603, 75, -1.0
21965.3508903326, 154, 1.0
21973.36776650033, 154, 1.0
21973.452982490704, 154, 1.0
21982.884171453818, 75, -1.0
21983.089152749428, 154, 1.0
21983.15441513311, 152, -1.0
21988.109808405563, 152, -1.0
21988.71433975516, 154, 1.0
21996.383886747208, 103, 1.0
21996.796433186857, 101, 1.0
21999.38281323947, 103, 1.0
22018.780788853423, 35, -1.0
22024.036926212215, 35, -1.0
22026.79282942299, 148, -1.0
22027.311505733654, 75, 1.0
22028.71162354413, 154, 1.0
22030.231924225296, 103, 1.0
22033.447594150966, 148, -1.0
22034.901136583874, 35, -1.0
22043.466869184987, 103, 1.0
22043.774857670425, 75, 1.0
22045.35388192403, 75, 1.0
22049.623761239513, 148, -1.0
22050.327090870836, 154, 1.0
22064.53852831904, 148, -1.0
22065.962127115134, 35, -1.0
22067.925794014027, 101, 1.0
22072.756474655765, 35, -1.0
22079.07411403291, 35, -1.0
22086.086356892643, 101, -1.0
22088.11954384776, 154, 1.0
22088.40355766554, 35, -1.0
22105.823067289173, 101, 1.0
22108.451966587545, 75, 1.0
22112.680636943554, 35, -1.0
22115.05041026876, 148, -1.0
22116.716039820578, 44, -1.0
22121.505736187402, 44, -1.0
22122.194013925804, 154, 1.0
22124.71688928425, 154, 1.0
22132.597859147376, 152, -1.0
22134.028269798157, 154, -1.0
22139.359065679848, 152, -1.0
22139.488422432874, 75, 1.0
22142.03237851585, 148, -1.0
22148.29732651647, 35, -1.0
22148.846733487877, 35, -1.0
22157.87957319578, 103, -1.0
22161.93392859453, 35, -1.0
22173.564079906875, 148, -1.0
22195.545677813163, 103, 1.0
22197.845319509845, 101, 1.0
22199.27137195741, 44, 1.0
22214.865176191408, 154, 1.0
22216.498310322022, 75, -1.0
22220.02639974384, 101, -1.0
22232.017197929592, 154, -1.0
22236.113633633046, 148, -1.0
22240.857815599964, 101, 1.0
22245.83684830836, 75, 1.0
22251.082352364523, 152, 1.0
22257.054448629213, 154, 1.0
22258.765474540658, 75, 1.0
22262.999472143398, 75, 1.0
22269.010483059337, 152, 1.0
22270.989496850714, 101, 1.0
22274.189657137962, 154, 1.0
22274.246603141368, 103, 1.0
22276.626292634857, 44, -1.0
22284.585433810134, 154, -1.0
22287.7400351599, 35, -1.0
22287.801466812663, 101, 1.0
22291.181977900702, 148, -1.0
22292.414133142018, 35, -1.0
22295.050800606186, 154, 1.0
22296.376042651278, 103, -1.0
22297.7256091841, 75, 1.0
22306.474343614253, 152, -1.0
22313.34977792804, 101, -1.0
22314.787964002342, 35, -1.0
22317.15142748144, 103, 1.0
22317.31887631552, 154, 1.0
22318.986778020866, 75, 1.0
22320.316478919132, 154, -1.0
22324.9583526908, 75, 1.0
22334.080171622045, 152, 1.0
22341.305913571665, 148, -1.0
22344.267993402544, 35, -1.0
22346.28616557915, 154, 1.0
22346.641515966054, 103, 1.0
22350.615225088277, 103, 1.0
22356.87653795682, 148, -1.0
22363.938085147056, 75, 1.0
22375.527407666832, 35, -1.0
22379.708329892816, 152, 1.0
22381.91167914304, 35, 1.0
22381.939771591624, 154, 1.0
22382.19221350575, 154, 1.0
22383.208412948694, 154, 1.0
22386.19677914086, 101, -1.0
22398.548277304042, 101, 1.0
22403.519566380517, 101, 1.0
22410.2447728935, 101, 1.0
22410.95486834288, 75, 1.0
22419.299944772487, 148, -1.0
22431.74701793922, 101, 1.0
22434.051830823748, 148, -1.0
22435.580394034387, 103, 1.0
22442.75798264951, 75, 1.0
22445.872459101556, 35, -1.0
22449.01562584391, 154, 1.0
22449.31901487207, 35, 1.0
22455.404000067694, 44, -1.0
22460.350894536736, 101, -1.0
22465.839782675066, 44, -1.0
22473.981834313414, 152, -1.0
22478.01000995342, 152, 1.0
22484.460481865666, 103, 1.0
22489.281866643996, 44, 1.0
22497.910668095567, 103, 1.0
22499.557115391486, 148, -1.0
22500.082786731877, 103, 1.0
22502.57216716738, 35, -1.0
22507.45064405034, 35, -1.0
22507.639668067128, 35, -1.0
22511.157424457648, 44, -1.0
22514.942834792768, 35, -1.0
22515.517551915065, 148, -1.0
22516.97273799826, 75, 1.0
22528.830283106297, 35, -1.0
22532.53357522259, 154, 1.0
22534.883740273068, 148, -1.0
22535.281182560706, 154, 1.0
22538.927512925857, 35, -1.0
22548.887330262056, 35, -1.0
22550.091038709084, 35, -1.0
22553.489490896573, 101, -1.0
22560.526979456416, 103, 1.0
22568.983685605184, 154, -1.0
22579.780062884627, 44, -1.0
22585.03554288175, 154, 1.0
22588.203480123164, 154, 1.0
22593.75663236519, 154, 1.0
22600.881233653326, 154, 1.0
22618.753566128642, 148, -1.0
22619.211514293223, 35, -1.0
22621.74666844029, 148, -1.0
22623.89241346675, 44, -1.0
22629.53230396262, 101, 1.0
22634.47662912315, 154, 1.0
22638.343051493965, 75, -1.0
22646.15859474169, 154, 1.0
22648.673500938352, 152, 1.0
22648.881549961014, 35, -1.0
22659.215796416975, 154, 1.0
22669.300459373604, 154, 1.0
22671.625927879682, 152, -1.0
22682.237173438185, 75, -1.0
22682.90212994778, 101, -1.0
22685.501707260715, 35, -1.0
22699.570800360714, 154, -1.0
22713.266497345776, 148, -1.0
22713.99892250269, 75, 1.0
22717.06851906031, 154, 1.0
22719.2216020517, 75, 1.0
22720.3390412136, 75, 1.0
22721.46157650544, 75, 1.0
22724.245530025197, 103, 1.0
22744.26469060476, 103, 1.0
22745.216945092212, 101, 1.0
22745.74020805052, 148, -1.0
22755.362974830205, 101, 1.0
22760.77728738546, 75, -1.0
22762.053568006526, 44, -1.0
22762.17079977683, 154, 1.0
22762.96222439728, 75, 1.0
22763.318611637904, 75, -1.0
22763.704760347933, 35, -1.0
22765.154833132976, 154, 1.0
22774.688402693726, 101, 1.0
22778.36833425875, 75, 1.0
22780.83679668745, 75, 1.0
22801.944279835992, 152, 1.0
22802.202571315716, 35, -1.0
22802.73526391649, 154, 1.0
22808.44613071992, 154, -1.0
22808.48909516985, 35, -1.0
22809.181255241267, 35, -1.0
22814.828416844837, 154, 1.0
22823.137629773646, 35, -1.0
22824.363933142595, 35, -1.0
22831.45243731388, 148, -1.0
22835.059213868262, 154, -1.0
22839.70089062708, 103, 1.0
22856.20664800184, 75, -1.0
22859.32156252672, 148, -1.0
22862.988261990475, 35, -1.0
22863.439911984573, 101, 1.0
22864.743909465018, 152, -1.0
22864.806390184192, 103, 1.0
22865.638922713195, 154, 1.0
22874.651982380477, 35, 1.0
22880.75841746615, 75, -1.0
22886.660848216517, 154, 1.0
22891.337643439878, 154, -1.0
22892.026102546584, 154, -1.0
22897.0487300685, 103, 1.0
22901.603510998084, 44, -1.0
22903.291269937996, 101, -1.0
22906.1544108514, 44, -1.0
22912.689676290596, 75, -1.0
22912.690908584827, 103, 1.0
22917.030956051574, 75, 1.0
22919.86577338128, 154, 1.0
22920.30384000304, 154, 1.0
22927.101309406138, 103, 1.0
22930.10928537298, 44, -1.0
22930.192621908274, 103, 1.0
22930.641614516746, 154, 1.0
22942.35602491609, 154, 1.0
22942.703395999823, 101, 1.0
22944.46835363966, 148, -1.0
22945.27547013872, 152, -1.0
22951.02134257312, 148, -1.0
22951.45191161797, 148, -1.0
22972.259700618237, 35, -1.0
22976.965684197854, 75, -1.0
22985.8519990276, 152, -1.0
22989.34518783526, 148, -1.0
22997.377966655113, 35, -1.0
23002.605490734855, 101, -1.0
23002.736676312208, 35, 1.0
23005.180011460783, 35, 1.0
23010.588254306782, 44, -1.0
23020.04820204064, 154, 1.0
23020.132474887523, 103, 1.0
23020.33954738708, 35, 1.0
23024.27686991835, 148, -1.0
23025.35436580332, 75, 1.0
23025.504280163525, 154, 1.0
23045.52978735775, 44, -1.0
23046.081475795403, 101, -1.0
23049.835176054024, 75, 1.0
23050.489818003804, 75, -1.0
23051.114050762786, 101, 1.0
23051.63773549573, 152, -1.0
23060.720768938692, 148, -1.0
23068.190789216358, 148, -1.0
23069.474106910933, 148, -1.0
23074.69206058457, 148, -1.0
23088.407436098263, 75, -1.0
23092.446235340816, 75, -1.0
23104.542134800366, 154, 1.0
23105.233161203505, 103, 1.0
23107.67971100111, 152, -1.0
23108.91163041722, 103, 1.0
23110.6525368674, 148, -1.0
23116.783482662475, 101, -1.0
23129.86533464512, 154, 1.0
23133.109026651517, 35, -1.0
23136.52214063766, 148, -1.0
23144.497150150833, 35, -1.0
23144.854241119134, 103, 1.0
23151.03951729409, 75, -1.0
23161.21207213727, 35, -1.0
23165.168473045593, 75, -1.0
23166.555673250605, 44, -1.0
23184.62213572278, 35, -1.0
23185.810125844146, 154, 1.0
23186.54910718679, 75, 1.0
23186.76504024314, 35, -1.0
23188.919873476774, 154, 1.0
23189.12112951567, 101, 1.0
23190.14544054613, 148, -1.0
23197.181879725526, 44, -1.0
23199.676855263147, 154, 1.0
23200.561530077604, 101, 1.0
23206.99937957644, 148, -1.0
23207.63185298604, 35, -1.0
23216.342977148524, 75, -1.0
23219.810943569177, 35, -1.0
23220.058377489982, 103, 1.0
23228.375270076638, 35, -1.0
23229.9612575533, 103, 1.0
23232.645601200988, 75, 1.0
23234.699507874808, 44, -1.0
23238.38932805752, 152, -1.0
23238.46062270517, 101, 1.0
23241.12309854967, 101, 1.0
23242.08908907096, 103, 1.0
23244.738331776272, 44, -1.0
23247.838459676652, 148, -1.0
23254.483265540104, 148, -1.0
23258.454721544556, 35, -1.0
23259.457041008292, 154, 1.0
23262.004466490347, 75, 1.0
23264.512077185213, 152, -1.0
23267.964757268346, 154, -1.0
23279.86923078824, 103, 1.0
23287.147012950747, 154, -1.0
23303.347654097262, 154, 1.0
23304.995040533442, 148, -1.0
23305.38499285581, 75, 1.0
23306.750860608878, 75, -1.0
23316.943756322205, 154, 1.0
23318.436356704304, 103, 1.0
23324.91310098206, 148, -1.0
23325.45774875743, 148, -1.0
23334.419971753163, 101, 1.0
23351.260145897035, 148, -1.0
23351.744152640495, 103, 1.0
23359.439077639297, 154, 1.0
23362.289319670883, 103, 1.0
23363.079070199998, 154, 1.0
23363.285008212424, 148, -1.0
23371.24330257772, 148, -1.0
23380.540718901906, 35, -1.0
23380.95493173539, 75, 1.0
23384.19698890988, 148, -1.0
23388.509360344327, 101, 1.0
23389.382166782936, 35, 1.0
23409.4984159726, 103, 1.0
23414.706910743756, 154, 1.0
23416.93725205094, 103, 1.0
23424.786447668674, 101, -1.0
23425.7435867505, 154, 1.0
23426.181034575773, 44, -1.0
23427.434890346856, 154, 1.0
23431.40688280347, 35, 1.0
23433.566735206077, 154, 1.0
23443.981932744897, 103, 1.0
23448.2081737579, 154, -1.0
23449.707417510173, 103, 1.0
23451.73232773154, 152, 1.0
23453.11000430552, 35, 1.0
23453.89471671472, 75, 1.0
23454.54073593358, 75, 1.0
23457.767552285703, 75, -1.0
23459.589218423396, 35, -1.0
23462.07181330753, 101, -1.0
23463.31903828977, 101, -1.0
23465.091302133118, 101, -1.0
23477.697641620227, 75, 1.0
23486.622672720358, 101, -1.0
23491.805528783207, 44, -1.0
23498.387532876026, 75, 1.0
23514.376249824272, 75, 1.0
23516.838090691297, 148, -1.0
23519.25584731033, 152, -1.0
23526.385831727872, 44, -1.0
23530.610201932865, 103, 1.0
23532.36613205431, 154, 1.0
23536.382860704733, 75, -1.0
23539.263794941417, 35, -1.0
23539.570677256263, 103, 1.0
23543.387571392712, 75, 1.0
23545.63730365147, 152, 1.0
23546.896260036803, 35, -1.0
23548.319513782986, 148, -1.0
23549.661135802082, 35, -1.0
23550.633236941118, 154, 1.0
23551.9441995879, 44, -1.0
23552.833643322258, 152, 1.0
23554.181346085163, 152, -1.0
23556.783443572815, 154, 1.0
23558.98981520319, 35, -1.0
23566.538158365332, 75, 1.0
23568.13225390211, 154, 1.0
23571.506158469783, 152, -1.0
23576.08246910862, 44, -1.0
23576.750379424408, 35, -1.0
23577.602697310624, 152, -1.0
23578.58422112542, 75, 1.0
23578.96249992996, 152, -1.0
23579.1445552255, 103, 1.0
23579.875147222516, 44, -1.0
23583.883235441393, 152, 1.0
23584.91357716694, 101, 1.0
23588.483886681115, 44, -1.0
23592.9828978726, 148, -1.0
23595.92532152393, 75, 1.0
23598.607164227826, 35, -1.0
23604.48929404809, 75, -1.0
23604.859387559463, 152, -1.0
23608.300000704774, 75, -1.0
23608.801870427786, 101, -1.0
23610.10942860687, 103, 1.0
23614.7517001774, 148, -1.0
23623.65166166202, 35, -1.0
23634.95160118908, 148, -1.0
23636.52010756355, 101, 1.0
23641.41078468013, 148, -1.0
23648.977219823068, 75, 1.0
23655.653653752637, 154, -1.0
23661.31691381264, 154, 1.0
23662.62576558619, 35, -1.0
23676.077609537027, 101, 1.0
23684.299435246663, 103, 1.0
23685.33210184531, 154, -1.0
23690.992490000426, 152, -1.0
23694.04151149308, 75, 1.0
23695.6482732641, 154, -1.0
23699.429804033065, 75, -1.0
23699.77342425382, 154, -1.0
23703.891168572725, 75, 1.0
23703.923970931097, 154, 1.0
23723.596498020284, 44, -1.0
23724.5646079692, 154, 1.0
23727.968731342677, 154, 1.0
23728.432738039755, 154, 1.0
23729.174937349944, 75, 1.0
23731.254584144113, 154, 1.0
23733.699554306615, 154, -1.0
23736.085753090374, 44, 1.0
23743.78587533507, 103, -1.0
23744.470582877526, 154, 1.0
23744.555167101484, 154, 1.0
23753.969850194844, 75, 1.0
23757.77899676366, 103, 1.0
23757.8449242578, 44, 1.0
23760.450029230477, 75, -1.0
23766.108673187577, 101, 1.0
23767.116494689308, 154, -1.0
23767.160659040233, 35, -1.0
23767.177924701413, 148, -1.0
23768.3585311506, 154, 1.0
23781.700946985646, 152, -1.0
23793.542758466392, 75, 1.0
23795.22512860927, 35, -1.0
23796.671569708316, 103, 1.0
23797.543573663235, 75, 1.0
23800.627561545552, 103, 1.0
23800.699761848507, 75, -1.0
23811.78237644471, 103, 1.0
23812.827435770676, 152, -1.0
23813.903998667352, 75, 1.0
23817.285193203395, 103, 1.0
23832.38050834728, 103, -1.0
23833.15487701721, 75, 1.0
23837.52587313408, 35, -1.0
23838.978758645673, 148, -1.0
23841.777948717812, 44, -1.0
23853.207806167164, 44, -1.0
23856.783783259903, 44, -1.0
23861.20046614369, 44, -1.0
23863.911549362103, 148, -1.0
23864.559653486387, 148, -1.0
23866.844966966015, 75, -1.0
23877.37830357238, 35, -1.0
23878.73030826781, 154, 1.0
23880.76921375823, 152, -1.0
23881.567695339734, 103, 1.0
23890.217879380194, 103, 1.0
23890.257013816466, 148, -1.0
23890.833816971546, 154, 1.0
23890.86984245306, 152, -1.0
23894.890138911014, 148, -1.0
23902.11141780967, 103, 1.0
23911.02651326641, 101, 1.0
23911.261132258158, 35, -1.0
23913.688850666407, 75, 1.0
23933.500929404116, 44, -1.0
23936.006509937077, 103, -1.0
23940.056112139966, 75, 1.0
23943.624342412233, 148, 1.0
23953.296775013172, 75, 1.0
23955.718161915058, 103, 1.0
23956.53577212063, 103, 1.0
23957.039162703622, 103, 1.0
23957.10861710932, 35, -1.0
23965.469381297695, 148, -1.0
23971.673045214004, 101, -1.0
23971.925660845005, 44, -1.0
23973.247522229063, 75, 1.0
23976.539433040198, 35, -1.0
23978.37247331139, 75, 1.0
23986.521188091403, 152, -1.0
23987.064950488526, 101, 1.0
23990.512927151147, 148, -1.0
23990.92053577732, 103, 1.0
23991.077889817276, 154, 1.0
23991.565833813973, 75, -1.0
23992.098313933806, 148, -1.0
23993.49471028716, 75, 1.0
23995.629256406577, 75, -1.0
24004.7771997281, 103, 1.0
24011.94835178498, 152, -1.0
24015.230402184505, 75, 1.0
24019.677419843687, 75, -1.0
24019.770147701267, 148, -1.0
24026.53718803117, 101, -1.0
24026.90959856184, 75, 1.0
24034.672543868764, 154, 1.0
24045.168065535123, 75, -1.0
24046.928805183066, 75, 1.0
24053.562493580535, 154, 1.0
24057.13426537746, 148, -1.0
24062.439568160953, 75, 1.0
24064.724334797418, 75, 1.0
24066.93359534006, 75, 1.0
24073.03324412461, 75, 1.0
24074.92056237863, 154, 1.0
24075.297927174375, 75, 1.0
24075.986952236384, 75, -1.0
24077.11980982367, 35, -1.0
24078.632830610535, 103, 1.0
24083.505381029543, 103, 1.0
24086.074235295473, 154, 1.0
24094.835325296088, 44, -1.0
24103.1924542833, 75, 1.0
24106.507124005107, 152, -1.0
24110.303689901713, 101, 1.0
24112.141462767468, 75, 1.0
24113.206137981084, 75, 1.0
24115.493812134173, 154, 1.0
24115.77743425507, 103, 1.0
24123.089951161866, 75, -1.0
24127.22843334995, 75, 1.0
24133.037234342017, 101, -1.0
24137.230183341726, 75, 1.0
24144.791976450157, 154, 1.0
24144.93890912864, 103, 1.0
24158.013435018835, 103, 1.0
24166.651979407554, 75, 1.0
24167.33026177407, 103, 1.0
24170.07357074592, 44, -1.0
24170.61809586165, 103, 1.0
24171.91823016684, 154, 1.0
24176.570591815962, 101, 1.0
24180.065665711943, 35, -1.0
24193.543736389496, 101, -1.0
24198.517064946762, 152, -1.0
24200.366199024273, 101, 1.0
24204.397278593835, 35, -1.0
24205.29479419436, 75, 1.0
24215.680326527647, 148, -1.0
24236.374473692144, 75, 1.0
24252.944624413118, 35, -1.0
24257.284241201884, 154, -1.0
24258.16351991747, 75, -1.0
24260.349549626062, 148, -1.0
24260.62629794924, 154, 1.0
24260.864195620896, 75, 1.0
24265.254935811772, 101, -1.0
24268.935525048575, 148, 1.0
24269.07031816758, 35, -1.0
24270.499300952764, 35, -1.0
24272.572526990643, 154, 1.0
24275.61282719848, 44, -1.0
24278.146021695615, 75, 1.0
24279.729804226645, 152, -1.0
24283.23333465815, 44, -1.0
24283.37334445952, 75, 1.0
24294.497496501128, 35, -1.0
24298.32332362848, 154, 1.0
24302.61348070975, 44, -1.0
24302.891175231187, 101, -1.0
24305.195189386475, 75, 1.0
24309.000613518932, 35, -1.0
24309.88698398725, 35, -1.0
24315.7657375711, 35, -1.0
24318.9299913203, 35, -1.0
24322.871729226383, 44, -1.0
24323.23547365522, 35, -1.0
24328.40874890658, 35, -1.0
24330.20520653866, 75, -1.0
24331.758275633587, 44, -1.0
24339.40964107177, 154, -1.0
24341.83806509825, 148, -1.0
24345.03567871449, 154, 1.0
24347.22471495433, 35, -1.0
24352.434783261735, 148, -1.0
24353.44252059077, 154, 1.0
24357.37398879079, 101, 1.0
24360.334448651345, 148, -1.0
24360.712044889482, 44, 1.0
24365.237283201557, 103, 1.0
24366.301356748114, 35, -1.0
24368.052906670884, 103, 1.0
24373.46405874058, 35, -1.0
24379.799718904986, 101, -1.0
24381.549875439483, 152, 1.0
24403.31122654755, 103, 1.0
24404.439953409634, 35, -1.0
24412.359338805072, 75, 1.0
24413.285513396888, 103, 1.0
24420.31334693013, 75, -1.0
24420.53379757578, 44, -1.0
24423.92400523509, 35, -1.0
24428.858123328708, 44, -1.0
24431.3793843632, 154, 1.0
24442.38475288953, 103, 1.0
24444.499846643153, 152, -1.0
24444.55940644871, 44, -1.0
24449.506253403262, 75, -1.0
24455.873796494598, 35, 1.0
24457.88509080016, 154, 1.0
24464.394653193158, 154, 1.0
24465.33576910918, 148, -1.0
24466.715742852197, 103, 1.0
24477.48839923907, 75, -1.0
24480.784865617454, 44, 1.0
24480.892404121147, 152, -1.0
24482.256273695282, 35, -1.0
24492.8753705649, 152, -1.0
24493.97004368014, 103, 1.0
24501.16152442122, 152, -1.0
24515.277601870108, 154, 1.0
24519.092513135056, 154, 1.0
24519.37778895675, 35, -1.0
24521.004412755647, 154, -1.0
24521.41553211437, 75, 1.0
24548.435514405577, 148, -1.0
24555.366442047958, 148, -1.0
24558.006875189218, 101, -1.0
24560.312827496444, 35, -1.0
24565.46203250933, 35, -1.0
24568.835140076597, 152, -1.0
24569.362533136115, 44, -1.0
24571.04899932921, 103, 1.0
24572.35713141589, 154, 1.0
24579.105116934425, 154, -1.0
24579.586086942207, 103, 1.0
24581.9907337478, 148, -1.0
24585.13177415983, 154, 1.0
24604.638621437072, 103, 1.0
24615.41726555003, 35, -1.0
24616.198396337633, 75, -1.0
24619.83584818312, 148, -1.0
24620.1347874356, 154, 1.0
24634.714989800596, 75, 1.0
24637.795286085136, 154, 1.0
24650.722923348065, 44, -1.0
24664.42408921539, 44, -1.0
24666.387615447555, 75, 1.0
24669.288730286044, 35, -1.0
24674.58318351514, 35, -1.0
24690.566802699985, 103, 1.0
24694.67216838291, 154, 1.0
24695.426065344334, 44, 1.0
24698.23722115428, 103, 1.0
24698.325676554174, 75, -1.0
24698.437457984433, 35, -1.0
24705.04152482486, 152, 1.0
24713.00560880278, 75, -1.0
24718.09798347789, 35, -1.0
24732.025202129407, 152, 1.0
24741.77920061584, 103, 1.0
24742.835655509745, 148, -1.0
24754.617825854206, 103, 1.0
24756.19535177211, 35, -1.0
24756.670681611624, 44, -1.0
24762.359576314007, 35, -1.0
24766.764721615473, 75, -1.0
24773.380109735313, 35, -1.0
24774.944331189785, 103, 1.0
24777.51309526292, 148, 1.0
24777.549475077518, 152, 1.0
24789.202340862026, 35, -1.0
24793.03544167387, 152, 1.0
24795.165862396876, 75, 1.0
24797.675737678343, 154, 1.0
24807.040484377005, 75, 1.0
24816.381882162525, 75, 1.0
24820.40008096701, 148, -1.0
24824.645865061088, 101, 1.0
24825.040597421335, 44, -1.0
24826.47136624203, 35, -1.0
24831.17107519432, 101, 1.0
24832.79609071332, 154, 1.0
24835.258907074505, 35, -1.0
24837.55522295592, 75, 1.0
24843.532467421723, 75, -1.0
24845.12539707731, 101, 1.0
24851.16076131064, 44, -1.0
24859.79586343453, 148, -1.0
24860.792148436987, 103, -1.0
24864.217500191953, 148, -1.0
24864.715222010294, 101, 1.0
24874.523996699016, 101, -1.0
24892.136640015997, 75, 1.0
24892.302437195, 154, 1.0
24892.92416252821, 35, 1.0
24893.065684211288, 101, 1.0
24895.0733084975, 44, -1.0
24905.89911874474, 154, 1.0
24909.72867242703, 148, -1.0
24912.364631337045, 154, 1.0
24917.46921882199, 101, -1.0
24923.17228578564, 75, -1.0
24930.732544032602, 35, 1.0
24937.4455362435, 152, -1.0
24949.027606088057, 154, 1.0
24953.87107913815, 148, -1.0
24955.508744982246, 44, -1.0
24957.549278087667, 44, -1.0
24963.22062405125, 154, 1.0
24966.794147857134, 103, 1.0
24971.475697832157, 101, 1.0
24975.26721994152, 75, -1.0
24980.13875144289, 103, 1.0
24981.32270603401, 35, -1.0
24986.10718354951, 75, 1.0
24992.619717458845, 101, 1.0
24994.71933034199, 35, 1.0
24996.493880085683, 154, 1.0
24997.623861395463, 152, -1.0
25003.80464732827, 148, -1.0
25005.80541318621, 44, -1.0
25008.861080467494, 103, 1.0
25010.199090187416, 148, 1.0
25019.117389772087, 148, -1.0
25022.332446729393, 44, -1.0
25035.03055022725, 103, 1.0
25035.3094292938, 103, 1.0
25040.824626985494, 75, -1.0
25042.876628971448, 75, 1.0
25047.297498444186, 35, -1.0
25047.842779603896, 44, -1.0
25050.649510545067, 152, -1.0
25050.856979541182, 44, -1.0
25052.434450958943, 148, -1.0
25061.45201937715, 75, -1.0
25061.93482350629, 44, -1.0
25065.42936809618, 35, -1.0
25067.06605858247, 103, 1.0
25072.393966852556, 44, -1.0
25076.923395016896, 75, 1.0
25080.307512121773, 35, -1.0
25083.81049288499, 154, 1.0
25085.54482891671, 152, 1.0
25085.576212169024, 103, 1.0
25087.58064877322, 154, 1.0
25088.68000300704, 101, 1.0
25090.051732550157, 35, -1.0
25098.781109252446, 44, -1.0
25099.963191620463, 75, -1.0
25100.73882520561, 154, 1.0
25107.34609060098, 152, -1.0
25112.43481362242, 75, 1.0
25119.677744905544, 148, 1.0
25120.21261942663, 152, -1.0
25120.66539192405, 154, 1.0
25121.83904031007, 154, 1.0
25122.016410039498, 101, -1.0
25122.930178490617, 75, -1.0
25127.012353823196, 44, -1.0
25129.237599849544, 152, 1.0
25129.968851380847, 154, 1.0
25151.807658645008, 103, 1.0
25155.31786819254, 35, 1.0
25156.414722779955, 103, 1.0
25160.68243528756, 44, -1.0
25161.401053169717, 75, 1.0
25164.621810589266, 75, -1.0
25165.06231685217, 152, -1.0
25165.950787526963, 101, 1.0
25167.593302180412, 103, -1.0
25171.58065536728, 35, -1.0
25173.699128288474, 101, 1.0
25179.1168859495, 154, 1.0
25181.90568131286, 103, 1.0
25185.14094000474, 75, -1.0
25213.374939777652, 103, 1.0
25215.7924842177, 152, -1.0
25219.039948981128, 148, -1.0
25232.6561903978, 101, 1.0
25237.53903323007, 44, -1.0
25239.102105363025, 75, -1.0
25240.549856783236, 44, 1.0
25249.55380086122, 101, 1.0
25259.40167986555, 75, 1.0
25262.477888475118, 44, 1.0
25265.371246386676, 103, 1.0
25268.074918722457, 154, 1.0
25268.701985918946, 101, -1.0
25269.531763774183, 152, -1.0
25272.73632169189, 152, -1.0
25274.808516683184, 35, -1.0
25275.9122415478, 103, 1.0
25279.26754180358, 148, -1.0
25281.294305989926, 35, -1.0
25281.86750667612, 101, 1.0
25292.796290560433, 103, -1.0
25299.93051332198, 75, 1.0
25300.41782031751, 103, 1.0
25306.680535493604, 101, -1.0
25310.621029805454, 35, -1.0
25318.59174853084, 152, -1.0
25326.723438801273, 101, 1.0
25326.949180290892, 35, -1.0
25339.083530844622, 154, 1.0
25354.58217334296, 152, -1.0
25354.83574626942, 154, 1.0
25359.351090486565, 101, 1.0
25365.680559401648, 103, 1.0
25373.26799728258, 75, 1.0
25373.48410871767, 75, -1.0
25382.4584554131, 35, 1.0
25389.682153713653, 152, -1.0
25395.743098687642, 152, 1.0
25399.035382673082, 103, 1.0
25399.485868720967, 154, 1.0
25407.82006846631, 154, 1.0
25408.76667266213, 75, 1.0
25410.965865774575, 154, 1.0
25411.774223564946, 75, 1.0
25415.497144970384, 103, 1.0
25421.182694400137, 101, 1.0
25426.54768449389, 154, 1.0
25444.24488350724, 148, -1.0
25450.306649193182, 101, 1.0
25450.893541439284, 148, -1.0
25452.512817149178, 35, 1.0
25459.341154254307, 75, -1.0
25461.179733090925, 103, 1.0
25470.25592452754, 101, 1.0
25470.92629140892, 154, 1.0
25472.557792141306, 154, 1.0
25484.30917686278, 103, 1.0
25484.439174348285, 101, -1.0
25484.629761215903, 148, -1.0
25488.82227915971, 44, -1.0
25493.386699324285, 35, -1.0
25494.597201430217, 103, 1.0
25497.109949754114, 154, 1.0
25497.20149336696, 75, 1.0
25497.658235310857, 154, 1.0
25498.553008659783, 44, -1.0
25498.72267450406, 75, 1.0
25502.481572794874, 44, -1.0
25503.85790791415, 103, 1.0
25509.530375717855, 101, 1.0
25509.99752474949, 101, 1.0
25523.033858846553, 154, 1.0
25528.62715847276, 101, 1.0
25531.929554635917, 103, -1.0
25540.98996065428, 75, 1.0
25542.84223786803, 154, 1.0
25544.93149419429, 152, -1.0
25549.177873812183, 148, -1.0
25553.795300470167, 75, 1.0
25558.190967259958, 103, -1.0
25558.464057151923, 152, 1.0
25563.49396860036, 101, 1.0
25563.772319722346, 152, 1.0
25566.382738161352, 35, 1.0
25573.30166058038, 154, 1.0
25576.62209864208, 35, -1.0
25585.421583466632, 152, -1.0
25588.0151072961, 101, 1.0
25589.550230824094, 35, 1.0
25589.88927657409, 35, -1.0
25602.827346212853, 35, 1.0
25604.703794580375, 148, -1.0
25606.8859896366, 152, -1.0
25610.370962109053, 101, 1.0
25614.000015825266, 75, -1.0
25615.508880560643, 103, 1.0
25622.285829581873, 44, -1.0
25624.059917106544, 152, 1.0
25624.49803386703, 75, 1.0
25625.45073851205, 148, -1.0
25628.669918178508, 35, -1.0
25633.793019192446, 148, -1.0
25641.942458050973, 35, 1.0
25647.1799720578, 35, -1.0
25649.58588048082, 35, -1.0
25655.37548428745, 44, -1.0
25667.41207289732, 103, 1.0
25669.81412382611, 152, -1.0
25682.888275858175, 148, 1.0
25685.026259921768, 154, 1.0
25689.885676002854, 35, -1.0
25690.990894781546, 103, 1.0
25701.204762940903, 101, 1.0
25712.44676872571, 103, 1.0
25720.220981244223, 148, -1.0
25720.34614515898, 101, -1.0
25720.848668066035, 101, 1.0
25723.741131644183, 103, 1.0
25725.76713644404, 35, -1.0
25726.074121279125, 152, -1.0
25727.692738347414, 35, -1.0
25728.013032253763, 154, 1.0
25729.400100540784, 148, -1.0
25736.50290327002, 148, -1.0
25742.05506959591, 101, 1.0
25743.328897190582, 35, -1.0
25749.86426308704, 35, -1.0
25752.667689506823, 152, 1.0
25753.657027141533, 35, -1.0
25753.98505575589, 35, -1.0
25756.09511294647, 154, 1.0
25760.305251758866, 75, 1.0
25777.88177307772, 154, 1.0
25778.401198775606, 103, 1.0
25779.826400190865, 103, 1.0
25780.873550480064, 35, -1.0
25783.550382550206, 152, -1.0
25792.687151341503, 35, 1.0
25800.91965367236, 35, -1.0
25800.993319543268, 75, -1.0
25804.40065398582, 101, 1.0
25808.84413083103, 75, 1.0
25808.950866303367, 35, -1.0
25815.108023585923, 148, -1.0
25815.651051062043, 152, -1.0
25820.675998346644, 35, 1.0
25826.7803638158, 35, -1.0
25827.617268519123, 35, -1.0
25831.883611355803, 101, 1.0
25832.154611019265, 35, 1.0
25838.733916624908, 154, 1.0
25841.104194386477, 152, 1.0
25841.68588969532, 152, 1.0
25854.105845472735, 35, 1.0
25855.21540602002, 44, -1.0
25862.72034816192, 148, -1.0
25864.700443946524, 152, 1.0
25868.709834440797, 154, 1.0
25875.11824374005, 152, -1.0
25877.271177930845, 152, 1.0
25881.919880851827, 35, -1.0
25887.766577863404, 148, -1.0
25888.36056492602, 103, 1.0
25891.855469425715, 75, 1.0
25899.25556185026, 154, 1.0
25899.942856108606, 35, -1.0
25905.957893172053, 75, 1.0
25907.115819028862, 103, 1.0
25913.559955169483, 101, -1.0
25914.43293368417, 101, 1.0
25914.5339051979, 154, -1.0
25914.643594362435, 152, 1.0
25918.889773641255, 152, -1.0
25920.24358166802, 101, 1.0
25931.60823505641, 35, 1.0
25933.29752480136, 35, 1.0
25933.410505409498, 152, 1.0
25940.729159082304, 101, -1.0
25945.991337501517, 152, -1.0
25951.61156077157, 152, -1.0
25951.785134075326, 35, -1.0
25963.816181473052, 35, 1.0
25970.38157765418, 103, 1.0
25975.786358096317, 154, 1.0
25984.548649467244, 148, -1.0
25987.023037726292, 101, -1.0
25988.861450236865, 101, -1.0
25994.08006305245, 103, 1.0
25995.8088198331, 101, 1.0
26000.631784089834, 101, 1.0
26001.027181613365, 152, 1.0
26004.944041518844, 103, 1.0
26009.25715513285, 152, -1.0
26009.613898965512, 101, 1.0
26010.449357771548, 154, 1.0
26011.25717542929, 75, 1.0
26038.061271061888, 103, 1.0
26041.06391052989, 35, -1.0
26046.032030729148, 101, -1.0
26048.458082698504, 101, -1.0
26057.58292101446, 101, -1.0
26068.553290549877, 35, 1.0
26068.906352601327, 148, -1.0
26069.7057248952, 35, -1.0
26073.332669891766, 148, -1.0
26075.307977678494, 103, 1.0
26090.802699635984, 154, 1.0
26098.328024839175, 148, -1.0
26102.985774041637, 103, 1.0
26104.748799186615, 101, 1.0
26104.765036617522, 148, -1.0
26107.795798979907, 35, -1.0
26110.196912746134, 103, -1.0
26110.337081602884, 103, -1.0
26117.27960954639, 101, -1.0
26118.381591003304, 154, 1.0
26123.427329458504, 75, -1.0
26129.95060157637, 101, 1.0
26130.186826122714, 75, 1.0
26130.425062676117, 35, 1.0
26139.552551210687, 35, 1.0
26143.253162193098, 103, 1.0
26144.14507577763, 75, -1.0
26146.046166831948, 152, -1.0
26153.93325613794, 75, -1.0
26154.366809036655, 103, 1.0
26160.32527158728, 148, -1.0
26162.041346202503, 35, -1.0
26165.48444236204, 75, 1.0
26168.513874485445, 35, 1.0
26180.82614900089, 148, -1.0
26185.259027207307, 148, -1.0
26188.874037040237, 103, 1.0
26202.419061360408, 75, 1.0
26212.779954197882, 154, 1.0
26221.398490484924, 154, 1.0
26221.95243896978, 35, 1.0
26229.347668971965, 44, -1.0
26232.09491948384, 101, 1.0
26234.998572794397, 148, -1.0
26235.090536648826, 44, -1.0
26236.006151312853, 101, 1.0
26240.1319241179, 101, -1.0
26241.521858130483, 35, 1.0
26244.720795230427, 103, 1.0
26245.94475835307, 103, -1.0
26250.462898783353, 101, -1.0
26252.229550950608, 35, 1.0
26268.274695282962, 35, -1.0
26268.779199615696, 154, 1.0
26279.639003242726, 154, 1.0
26280.04685018582, 148, -1.0
26290.814477316955, 75, 1.0
26293.453932576947, 148, -1.0
26294.58702376205, 101, 1.0
26297.565360648954, 75, 1.0
26300.11866954178, 103, 1.0
26306.158771833925, 103, 1.0
26318.525298234024, 35, -1.0
26322.88370731187, 75, 1.0
26323.490456189378, 35, -1.0
26324.388637731456, 148, -1.0
26324.648182487308, 101, -1.0
26330.350283820087, 152, 1.0
26335.24939107735, 101, 1.0
26339.60615822909, 103, 1.0
26350.477506834686, 101, -1.0
26351.90162724077, 35, -1.0
26357.611520924725, 75, 1.0
26357.63290003787, 148, -1.0
26357.65839116568, 44, -1.0
26360.298655665105, 75, 1.0
26376.813243259785, 152, -1.0
26377.387127506277, 103, 1.0
26379.389624716045, 152, -1.0
26401.427976908682, 152, -1.0
26409.023315862665, 148, -1.0
26413.38819352465, 35, -1.0
26418.439823891906, 35, -1.0
26420.838525125273, 148, -1.0
26423.92669560547, 103, 1.0
26426.437202726527, 154, 1.0
26429.11958739869, 44, 1.0
26429.47160782126, 148, -1.0
26447.381253088162, 75, 1.0
26450.016173089545, 75, 1.0
26451.285000187563, 35, -1.0
26460.511890569585, 75, 1.0
26467.767921798357, 154, 1.0
26487.158454344564, 103, -1.0
26491.14989878755, 148, -1.0
26500.314063434922, 103, 1.0
26506.160143638037, 44, -1.0
26508.980015654535, 35, -1.0
26521.40893381526, 154, 1.0
26524.445521823225, 152, 1.0
26525.33666390524, 101, 1.0
26535.745312312865, 154, 1.0
26537.751023651013, 152, -1.0
26537.9294347231, 35, 1.0
26538.42427883314, 103, -1.0
26546.288642139134, 148, -1.0
26551.07247358464, 35, -1.0
26557.10613189502, 103, 1.0
26557.926674372204, 75, 1.0
26559.007420091926, 152, 1.0
26567.98076661025, 101, 1.0
26588.84415639916, 75, 1.0
26588.898543199626, 35, 1.0
26589.895066778812, 152, -1.0
26599.07391356401, 44, -1.0
26605.600182826103, 35, -1.0
26607.78233069448, 148, -1.0
26609.048483611128, 101, -1.0
26612.89741592537, 101, -1.0
26623.18263553739, 101, -1.0
26623.65734457594, 148, -1.0
26624.11428650802, 148, -1.0
26627.46795157455, 101, 1.0
26627.536983926795, 101, 1.0
26631.148186194205, 75, 1.0
26632.784314081488, 103, -1.0
26637.92670738943, 35, 1.0
26642.045115284873, 152, -1.0
26647.417371065632, 101, 1.0
26649.60498116968, 35, -1.0
26654.261832603264, 154, 1.0
26656.629306026163, 35, -1.0
26670.97925184549, 35, -1.0
26673.160314744877, 103, 1.0
26681.332599538186, 103, 1.0
26682.015857523405, 154, 1.0
26689.703201459346, 101, -1.0
26697.124169499904, 101, 1.0
26713.536334938, 148, -1.0
26717.28489256373, 35, 1.0
26719.413300139706, 148, -1.0
26723.16491764265, 152, -1.0
26725.131054105434, 44, -1.0
26725.836309829734, 103, -1.0
26745.649862980626, 103, 1.0
26754.019656975037, 148, -1.0
26762.466731881144, 35, -1.0
26762.723896966432, 35, -1.0
26764.64905593404, 35, 1.0
26769.52490057828, 75, 1.0
26772.098531787193, 152, 1.0
26775.855435682373, 75, -1.0
26779.75862894199, 35, -1.0
26787.852569116396, 75, -1.0
26788.76260293467, 103, 1.0
26800.19845729091, 148, -1.0
26802.646015835177, 101, 1.0
26808.084488936653, 35, -1.0
26814.4298955486, 148, -1.0
26820.519172652934, 75, -1.0
26823.335083633006, 35, 1.0
26825.520477134316, 103, 1.0
26832.336130830376, 148, -1.0
26837.89616826768, 154, 1.0
26838.446002199427, 154, 1.0
26839.735087079283, 35, -1.0
26844.973955472993, 148, -1.0
26854.58479062996, 154, 1.0
26872.96792864875, 103, 1.0
26877.482668398196, 103, 1.0
26877.57245752306, 103, 1.0
26883.509138245132, 103, 1.0
26893.03994999577, 148, -1.0
26894.524935240104, 35, -1.0
26898.12580466705, 154, 1.0
26903.3134670926, 35, -1.0
26910.066063253027, 35, 1.0
26910.076779498264, 44, -1.0
26913.230670188954, 152, -1.0
26913.986598268322, 148, -1.0
26916.557723289316, 35, -1.0
26919.111249711365, 148, -1.0
26929.944420260585, 101, -1.0
26931.05764074951, 35, 1.0
26935.993059931985, 103, 1.0
26942.087862611465, 152, 1.0
26942.72951097178, 35, -1.0
26957.48107075244, 101, 1.0
26958.46550959534, 154, 1.0
26961.476242147357, 152, -1.0
26963.851915466854, 35, -1.0
26965.784708182302, 35, 1.0
26966.687023544546, 152, -1.0
26969.653954806592, 101, -1.0
26970.430341404113, 154, 1.0
26977.476009343176, 35, -1.0
26978.41093372238, 103, 1.0
26984.30581525609, 103, 1.0
26992.11190037251, 152, -1.0
26994.757976662455, 75, 1.0
26996.921707607267, 103, 1.0
27009.018740515956, 35, -1.0
27012.397023320467, 148, -1.0
27015.785790260205, 101, 1.0
27019.12123926456, 101, 1.0
27019.783141085238, 101, 1.0
27025.179057056972, 35, -1.0
27026.71525171946, 148, -1.0
27027.399868039483, 154, 1.0
27033.193389540116, 103, 1.0
27036.649982433424, 35, 1.0
27043.97771481033, 35, -1.0
27045.50168166821, 148, -1.0
27066.79546406256, 148, -1.0
27070.207203718302, 103, 1.0
27070.624478619804, 103, 1.0
27072.16084754809, 44, -1.0
27072.216861047007, 35, 1.0
27079.407492721788, 75, 1.0
27080.319443343684, 35, -1.0
27081.006024599323, 103, 1.0
27085.93088483688, 154, 1.0
27086.840080893264, 148, -1.0
27087.452330254968, 35, -1.0
27089.17956765636, 148, -1.0
27091.172060071716, 35, -1.0
27103.13819065264, 75, 1.0
27118.37996483381, 152, 1.0
27122.48898792101, 154, 1.0
27140.005824048985, 154, 1.0
27141.695797085937, 148, -1.0
27147.878616579786, 148, -1.0
27148.110177922492, 103, 1.0
27160.830056453146, 103, -1.0
27185.356895849374, 154, 1.0
27192.993978395865, 101, 1.0
27220.056342125135, 35, -1.0
27224.960121971533, 75, -1.0
27227.33304740164, 152, -1.0
27236.123534223352, 148, -1.0
27238.284231014542, 152, 1.0
27240.677630983628, 35, -1.0
27247.95503207817, 152, 1.0
27253.905046056774, 152, -1.0
27259.952264049563, 35, -1.0
27267.111006004645, 101, -1.0
27267.85017521833, 101, 1.0
27272.615534149885, 154, 1.0
27282.21876148222, 103, 1.0
27285.064294964137, 152, 1.0
27287.877445718234, 154, -1.0
27291.315796845065, 101, -1.0
27303.63699717697, 101, 1.0
27308.34106802438, 101, -1.0
27309.71566798097, 154, 1.0
27312.640246263083, 35, -1.0
27323.509132702777, 154, -1.0
27330.418605171257, 152, -1.0
27338.97221306827, 148, -1.0
27339.78875832501, 75, 1.0
27342.586310268438, 101, 1.0
27353.268262783466, 148, -1.0
27353.334013763688, 103, -1.0
27358.14323943206, 103, 1.0
27372.89511617367, 101, 1.0
27373.08306002333, 35, 1.0
27374.63012420322, 154, 1.0
27375.144646737335, 75, 1.0
27375.70248756722, 101, -1.0
27378.181113045674, 101, -1.0
27378.51103148573, 152, -1.0
27383.434667390073, 101, 1.0
27390.262347630465, 103, -1.0
27391.836885598605, 101, 1.0
27391.972144893087, 154, 1.0
27394.076713851373, 152, -1.0
27402.679092110044, 152, -1.0
27406.55585263696, 101, -1.0
27408.37517260117, 75, 1.0
27413.24191093113, 35, 1.0
27417.602439583443, 152, -1.0
27418.207981217383, 101, 1.0
27420.83990202443, 154, 1.0
27424.371493415176, 103, 1.0
27429.486130824924, 101, 1.0
27433.655776639647, 154, -1.0
27442.736548777055, 152, -1.0
27443.79235680342, 75, 1.0
27446.187647685274, 101, -1.0
27447.333637693213, 75, 1.0
27447.6314736261, 154, 1.0
27447.721194254176, 101, 1.0
27447.963306688987, 152, 1.0
27448.02883423815, 75, 1.0
27452.79004627691, 35, -1.0
27455.842011844066, 101, 1.0
27471.98213189187, 154, 1.0
27474.359534946183, 101, 1.0
27483.259742400613, 75, 1.0
27483.639627561995, 152, 1.0
27502.451013374106, 101, 1.0
27512.546880284568, 101, 1.0
27512.796680355674, 148, -1.0
27525.301060441798, 35, -1.0
27527.561830717288, 152, -1.0
27528.70087761305, 75, 1.0
27530.248561109587, 35, -1.0
27536.599309027148, 75, 1.0
27542.29582442632, 148, -1.0
27542.706450978774, 101, -1.0
27545.264619140333, 101, 1.0
27554.165235802036, 101, 1.0
27562.30334035302, 152, -1.0
27564.242365815826, 148, -1.0
27569.89737875149, 103, 1.0
27573.586740324896, 154, 1.0
27573.609573252914, 35, -1.0
27578.11633781147, 75, -1.0
27580.812944818324, 75, 1.0
27593.887557161666, 75, 1.0
27594.47001406152, 148, -1.0
27600.992562466035, 101, -1.0
27604.439450368656, 148, -1.0
27609.67086757947, 154, 1.0
27619.479121175515, 75, -1.0
27636.328376438047, 148, -1.0
27643.38892658705, 152, -1.0
27644.183552588584, 35, -1.0
27647.17475316167, 103, 1.0
27648.771914436777, 152, -1.0
27652.88149113538, 152, 1.0
27659.463810219186, 103, 1.0
27663.807804865242, 103, 1.0
27675.913404770003, 103, 1.0
27678.999027962884, 103, 1.0
27679.520280520468, 148, -1.0
27680.171167454042, 101, -1.0
27693.373420362335, 148, -1.0
27697.434747449523, 148, -1.0
27709.83441353233, 148, -1.0
27710.60636406067, 148, -1.0
27712.4721600005, 44, -1.0
27713.80606319725, 152, 1.0
27716.159676483883, 101, -1.0
27737.65433589993, 35, 1.0
27738.385466485903, 154, 1.0
27745.026998281428, 103, 1.0
27761.404434805223, 148, -1.0
27776.14874308316, 44, -1.0
27781.097251656443, 152, -1.0
27781.526560336577, 154, 1.0
27785.100096687096, 154, 1.0
27786.20184953095, 154, 1.0
27792.37411976127, 101, -1.0
27792.904746719352, 44, -1.0
27797.29281036761, 101, -1.0
27798.428551175042, 101, 1.0
27806.36226079812, 75, 1.0
27808.70745448651, 154, 1.0
27811.51425333208, 103, 1.0
27816.44954666241, 44, 1.0
27818.765522730184, 148, -1.0
27821.371834895246, 103, 1.0
27824.084816938375, 75, 1.0
27825.682521947194, 101, 1.0
27827.407504230283, 75, -1.0
27828.84050570393, 35, 1.0
27831.664355765028, 103, 1.0
27834.2792907569, 101, -1.0
27843.25022923053, 35, -1.0
27852.59671959239, 35, -1.0
27859.255931388238, 75, 1.0
27861.469199093506, 152, -1.0
27863.367504786147, 101, 1.0
27863.65111897351, 35, -1.0
27866.82462991452, 101, 1.0
27867.91275823859, 148, -1.0
27870.236045728634, 35, -1.0
27875.19023968661, 35, -1.0
27880.04712857492, 103, -1.0
27881.816210090303, 152, -1.0
27884.96418471083, 103, -1.0
27892.495929142642, 154, 1.0
27901.94322669689, 75, 1.0
27906.20784105129, 152, -1.0
27913.28240287568, 154, 1.0
27914.339088652454, 148, -1.0
27923.693206441214, 101, 1.0
27930.910205845343, 152, 1.0
27947.288119344845, 148, -1.0
27950.888778912245, 103, 1.0
27977.459406727663, 103, 1.0
27981.999658711215, 101, 1.0
27989.74244970472, 154, 1.0
27991.02727509486, 35, -1.0
27996.439045460083, 152, -1.0
27998.800662538357, 148, -1.0
28004.856820257544, 154, 1.0
28005.27007161406, 154, 1.0
28005.40665689694, 35, -1.0
28007.741021020483, 103, 1.0
28012.18093806777, 44, -1.0
28016.683764016554, 101, -1.0
28017.74271822529, 75, 1.0
28019.731812258637, 44, 1.0
28021.229957137937, 103, 1.0
28022.247267160492, 154, 1.0
28030.762604685155, 75, 1.0
28035.060647430302, 101, 1.0
28037.016039414764, 101, 1.0
28038.215834206112, 101, -1.0
28038.750870174157, 103, 1.0
28053.854721192572, 35, -1.0
28054.427926057753, 103, 1.0
28055.81879857319, 101, 1.0
28059.50990138776, 44, -1.0
28059.943686599378, 103, 1.0
28064.69382993865, 103, 1.0
28068.06883893117, 35, -1.0
28070.084401530454, 101, 1.0
28070.413827830194, 35, -1.0
28072.22859623048, 35, -1.0
28073.761456297674, 152, -1.0
28080.19647006431, 75, 1.0
28087.50250699323, 101, -1.0
28092.823390921905, 148, -1.0
28093.496338485013, 35, -1.0
28106.65821698658, 35, -1.0
28109.303801250862, 35, -1.0
28134.39816321297, 154, 1.0
28137.4368079069, 75, -1.0
28137.87570448486, 152, 1.0
28138.60885538175, 101, -1.0
28138.94141268393, 154, 1.0
28147.008296052445, 154, 1.0
28147.053329683302, 101, -1.0
28151.318348277207, 154, 1.0
28158.49631452762, 152, -1.0
28159.5094984566, 154, 1.0
28165.64030245245, 101, -1.0
28170.161601074087, 101, -1.0
28174.245188426332, 103, 1.0
28174.537189622857, 103, 1.0
28178.098634717273, 75, 1.0
28180.52106449594, 35, -1.0
28181.17835088195, 101, 1.0
28181.950983141836, 75, -1.0
28185.51204031713, 103, 1.0
28185.843519510367, 154, -1.0
28201.96297005772, 35, -1.0
28203.182575814593, 103, 1.0
28203.559783652752, 103, -1.0
28205.5770892369, 154, 1.0
28206.36481665221, 152, -1.0
28207.078756249717, 148, -1.0
28207.471259069127, 103, 1.0
28211.415273370614, 103, 1.0
28212.73902691367, 35, 1.0
28220.305928144364, 75, 1.0
28223.613143683393, 101, 1.0
28235.196593880533, 103, 1.0
28236.680217260557, 75, 1.0
28240.921117625006, 101, 1.0
28251.632707976405, 35, -1.0
28256.7992712255, 35, 1.0
28258.26374267435, 154, 1.0
28262.622753725944, 103, -1.0
28270.245774809307, 75, -1.0
28273.70292394137, 44, -1.0
28277.33349996373, 148, -1.0
28280.90035009955, 148, -1.0
28290.690120908326, 148, -1.0
28307.096550372236, 101, 1.0
28318.35051254914, 75, 1.0
28321.072372648694, 44, -1.0
28327.19452718232, 75, -1.0
28328.318655202776, 101, 1.0
28335.799756943285, 75, 1.0
28338.20169369281, 103, 1.0
28343.907736882033, 152, -1.0
28348.725327698212, 148, -1.0
28358.75719806833, 103, 1.0
28361.24593479267, 75, -1.0
28369.707004101627, 152, -1.0
28380.90770350053, 75, 1.0
28383.63552565624, 35, -1.0
28399.836919869198, 101, 1.0
28405.79075008365, 35, -1.0
28410.071002230314, 35, -1.0
28416.371590988238, 154, 1.0
28420.97824826349, 103, 1.0
28429.612754125264, 35, -1.0
28430.41914858233, 101, 1.0
28430.460329062706, 44, -1.0
28430.491870027236, 35, -1.0
28431.12662376075, 35, -1.0
28435.645746235514, 103, -1.0
28446.31007531332, 44, -1.0
28453.484664514985, 101, 1.0
28459.766080494435, 154, 1.0
28463.4218327175, 154, 1.0
28471.50640956802, 154, 1.0
28476.82583554423, 75, -1.0
28483.06494192357, 101, 1.0
28499.982501856193, 103, 1.0
28510.139853333698, 75, 1.0
28515.936139256377, 35, -1.0
28516.644194039833, 152, -1.0
28521.135786991686, 103, 1.0
28527.319646664433, 103, -1.0
28529.821653813084, 35, -1.0
28550.131103006297, 148, -1.0
28551.39000882497, 101, 1.0
28551.849597627916, 101, 1.0
28553.297973374003, 35, 1.0
28555.817067277054, 103, 1.0
28558.24554191971, 101, 1.0
28559.93129058539, 152, -1.0
28561.940738554655, 103, 1.0
28570.114734076014, 101, -1.0
28581.37828823021, 103, 1.0
28581.74447134806, 148, -1.0
28583.53942858074, 152, -1.0
28585.892008031376, 148, 1.0
28595.542695697623, 152, 1.0
28597.582871371575, 152, -1.0
28598.349793401598, 35, 1.0
28599.12714894354, 101, 1.0
28600.656509944947, 75, -1.0
28605.28563243879, 35, -1.0
28610.14185394837, 35, 1.0
28612.097516452115, 35, 1.0
28614.861549002595, 35, 1.0
28615.40889437023, 148, -1.0
28622.30210913614, 148, -1.0
28631.038646446406, 75, 1.0
28635.982029569295, 35, -1.0
28650.081655992555, 103, 1.0
28650.964737485796, 103, 1.0
28658.219343036042, 148, -1.0
28658.716339845752, 154, 1.0
28673.176015003297, 148, -1.0
28681.147207738828, 154, 1.0
28683.046042866536, 35, -1.0
28685.047969778017, 103, 1.0
28690.43947624288, 148, -1.0
28698.658175800894, 152, -1.0
28702.953410409547, 44, -1.0
28704.93133357753, 154, 1.0
28706.022488158153, 75, -1.0
28707.43059949927, 101, 1.0
28717.818223524428, 75, 1.0
28719.797696465703, 35, -1.0
28723.472014660543, 154, 1.0
28724.627586904353, 148, -1.0
28725.112741556677, 101, -1.0
28726.53988645589, 103, 1.0
28728.759841889994, 154, 1.0
28731.585223806218, 154, 1.0
28735.367733949228, 103, 1.0
28752.720071765558, 103, -1.0
28753.157499305784, 101, 1.0
28753.758982631396, 103, 1.0
28759.93171466941, 35, -1.0
28764.37455443008, 35, -1.0
28772.11771106317, 103, 1.0
28777.6505545407, 44, 1.0
28786.922712930795, 101, 1.0
28792.80834947268, 35, 1.0
28812.444208318386, 44, 1.0
28812.773757187028, 154, -1.0
28816.389386946856, 101, -1.0
28824.847060766664, 75, 1.0
28860.461448582246, 154, 1.0
28867.14516853373, 152, -1.0
28868.727061390535, 148, -1.0
28877.90418449405, 101, 1.0
28882.99270353255, 35, 1.0
28883.60788871248, 152, -1.0
28886.0686291188, 35, 1.0
28888.657414476605, 154, -1.0
28889.482343602882, 75, 1.0
28901.66821486456, 75, -1.0
28907.458074795555, 103, 1.0
28910.284975251496, 75, -1.0
28912.44846231205, 154, 1.0
28918.72959892557, 103, -1.0
28922.24976549361, 152, -1.0
28925.165185720583, 75, 1.0
28926.128339040642, 152, 1.0
28935.060651759275, 152, -1.0
28940.433643792003, 101, 1.0
28940.46368793244, 35, -1.0
28945.51232028219, 35, -1.0
28953.068915693388, 103, 1.0
28957.072893660854, 152, -1.0
28958.504943746102, 75, 1.0
28966.51128236053, 75, -1.0
28967.81641666451, 103, 1.0
28988.01953263211, 152, -1.0
29003.547322121074, 103, -1.0
29006.523260652786, 148, -1.0
29010.48938583874, 148, -1.0
29017.73822741496, 148, -1.0
29026.702065230373, 154, -1.0
29039.57631108488, 35, -1.0
29040.88721365364, 103, 1.0
29046.872969718283, 152, -1.0
29055.962138670762, 44, -1.0
29061.725688518316, 103, 1.0
29085.686930814234, 75, -1.0
29099.129872249312, 75, 1.0
29113.61879751999, 44, -1.0
29116.91925462631, 103, 1.0
29117.560462261194, 35, -1.0
29118.57281370263, 75, 1.0
29118.960181876962, 103, 1.0
29119.871260136668, 103, 1.0
29129.05316719566, 101, 1.0
29130.64952861715, 75, 1.0
29132.325779899358, 44, -1.0
29147.76821656677, 44, -1.0
29155.781214437935, 44, 1.0
29158.922275546916, 152, -1.0
29161.658205327298, 35, 1.0
29175.167778536917, 75, -1.0
29176.167459904882, 44, 1.0
29180.67772122985, 75, 1.0
29188.632098572343, 103, 1.0
29189.516005912257, 103, 1.0
29191.191585556848, 35, -1.0
29200.305104329622, 103, -1.0
29206.212990856606, 148, -1.0
29210.636732823965, 152, 1.0
29219.572245094598, 75, 1.0
29227.421928456595, 103, -1.0
29229.9397122357, 103, -1.0
29230.69390514567, 44, 1.0
29234.38564787582, 44, -1.0
29240.030000223094, 35, -1.0
29248.05209640214, 148, -1.0
29249.495263729637, 75, 1.0
29253.307404610474, 35, -1.0
29258.495365138475, 35, 1.0
29284.535502401948, 75, -1.0
29286.534227669887, 154, 1.0
29286.849749209006, 44, -1.0
29296.202057693044, 35, 1.0
29298.18381689758, 75, -1.0
29302.58197371128, 75, -1.0
29311.135694348475, 103, 1.0
29315.58268072754, 103, 1.0
29315.93047704713, 154, 1.0
29317.968099222027, 75, -1.0
29338.96579182797, 148, 1.0
29358.259678290273, 148, -1.0
29366.76804982048, 152, -1.0
29371.91993960045, 35, -1.0
29372.21540378898, 148, -1.0
29385.676565824208, 44, -1.0
29416.69044419464, 75, 1.0
29417.073079339232, 103, -1.0
29423.21182831361, 75, -1.0
29424.67879311241, 148, -1.0
29424.91651955196, 35, -1.0
29433.147772234577, 103, 1.0
29441.204938026367, 75, 1.0
29443.672462163446, 152, -1.0
29450.38663776178, 44, -1.0
29453.25320202166, 148, -1.0
29458.295387453767, 103, -1.0
29458.476047289063, 101, 1.0
29458.583155209766, 152, -1.0
29470.14460755835, 148, 1.0
29470.31232760854, 75, -1.0
29475.289645674067, 35, -1.0
29489.87296921844, 152, -1.0
29493.452797269092, 75, 1.0
29505.437271805426, 75, 1.0
29513.3191548724, 44, -1.0
29538.131148754488, 35, -1.0
29547.4394300177, 101, 1.0
29561.480032088282, 35, 1.0
29589.24660596356, 154, 1.0
29602.97464216279, 101, 1.0
29606.9426268712, 148, -1.0
29609.88856201305, 44, 1.0
29610.062241968455, 154, -1.0
29610.681956265915, 35, -1.0
29612.249482813204, 35, 1.0
29653.22807764268, 75, -1.0
29654.41320897758, 152, -1.0
29655.525966927547, 152, -1.0
29659.402430406557, 148, -1.0
29660.474405998735, 103, -1.0
29675.823747005797, 75, 1.0
29679.388359629305, 75, -1.0
29680.937448418703, 152, -1.0
29682.16321007885, 44, -1.0
29689.940323518265, 152, 1.0
29694.736133050057, 75, -1.0
29699.831048898006, 75, 1.0
29709.839798504087, 103, 1.0
29717.065760123325, 101, 1.0
29723.701027641506, 75, -1.0
29723.919854044405, 103, 1.0
29730.5047237673, 103, 1.0
29732.438139620288, 103, -1.0
29746.026373463665, 35, 1.0
29748.77473391086, 35, -1.0
29754.839326465226, 154, 1.0
29755.112967617435, 103, -1.0
29755.36469503596, 35, 1.0
29756.126510011014, 152, 1.0
29759.561038640728, 75, 1.0
29764.921893030503, 75, 1.0
29780.702892455636, 103, 1.0
29780.805775068773, 148, -1.0
29783.26008749343, 152, 1.0
29792.12150786353, 148, -1.0
29793.50079116272, 75, 1.0
29796.87764341294, 152, -1.0
29804.15536676599, 75, -1.0
29806.566848502374, 35, 1.0
29807.103183861083, 75, -1.0
29811.561372143362, 103, 1.0
29815.391798824654, 44, -1.0
29825.833026800097, 152, 1.0
29829.401716927005, 44, -1.0
29840.449627387407, 75, 1.0
29844.030680383945, 103, -1.0
29847.154588374062, 148, -1.0
29856.868480781133, 44, -1.0
29905.941301843948, 154, -1.0
29909.469411679973, 103, 1.0
29909.73515366637, 101, 1.0
29917.48311922226, 75, 1.0
29921.071918298356, 103, -1.0
29924.013853099445, 154, -1.0
29931.64622960116, 152, -1.0
29933.172345312225, 35, 1.0
29943.723270307986, 44, -1.0
29944.597486206985, 103, -1.0
29946.702104595126, 35, -1.0
29946.762878137626, 75, -1.0
29951.757868549015, 75, 1.0
29965.802355118132, 103, 1.0
29979.094919350737, 35, 1.0
29980.991441011534, 35, 1.0
29984.46132397184, 103, 1.0
29986.68938059646, 152, -1.0
29996.13470869948, 35, -1.0
29998.216458278246, 75, -1.0
30000.263532534696, 75, -1.0
30001.821514740943, 75, 1.0
30002.561485769882, 103, 1.0
30008.19521300505, 101, -1.0
30011.69951169729, 103, -1.0
30028.294866141827, 152, -1.0
30034.56212452586, 103, 1.0
30035.048214857, 75, 1.0
30043.42060852, 103, 1.0
30048.57735646596, 75, 1.0
30068.6867776321, 154, -1.0
30078.890975902388, 152, 1.0
30100.765426665595, 75, 1.0
30103.574023954985, 103, -1.0
30106.485919040686, 35, -1.0
30116.03093553213, 35, 1.0
30118.841636456305, 75, -1.0
30124.98872904902, 152, 1.0
30139.320761510473, 44, -1.0
30149.810462466627, 154, -1.0
30150.169303827708, 35, -1.0
30151.692542276163, 75, 1.0
30188.51013391736, 103, 1.0
30192.10521856717, 154, 1.0
30192.658307849346, 154, 1.0
30193.360598646912, 154, 1.0
30195.17652778692, 154, 1.0
30195.35200907974, 152, -1.0
30197.32086653311, 148, 1.0
30203.78632457151, 44, -1.0
30207.326002162543, 103, -1.0
30211.635948701274, 101, 1.0
30230.089290500557, 148, -1.0
30232.78766255663, 35, -1.0
30232.89338274439, 152, 1.0
30233.40201571222, 44, -1.0
30238.70636586635, 154, 1.0
30247.48543625073, 103, 1.0
30248.35238882561, 101, 1.0
30256.01082899968, 154, 1.0
30261.276394772925, 75, 1.0
30261.57640462545, 75, 1.0
30262.709510980465, 103, 1.0
30275.174251479664, 103, 1.0
30288.83134483261, 101, -1.0
30301.88428914667, 154, -1.0
30305.683778006467, 103, -1.0
30306.868399607403, 75, -1.0
30307.948697856198, 75, 1.0
30326.514492002636, 152, 1.0
30334.668568402863, 103, 1.0
30339.192173907813, 148, -1.0
30341.138278453887, 101, 1.0
30348.080540087558, 152, -1.0
30349.223248834478, 35, -1.0
30353.72691940959, 154, 1.0
30355.95379142263, 35, 1.0
30359.59219675969, 154, 1.0
30360.11403057959, 75, 1.0
30361.875620863066, 75, 1.0
30365.218138136905, 75, 1.0
30368.347985681557, 152, -1.0
30377.461270779582, 44, -1.0
30381.290086212248, 35, 1.0
30392.367981280542, 101, 1.0
30420.823347625963, 148, -1.0
30450.956533444954, 75, 1.0
30451.87472967909, 35, 1.0
30452.061829635135, 75, -1.0
30455.836751055936, 154, -1.0
30472.002626210513, 154, 1.0
30477.94184148271, 152, -1.0
30484.351590541508, 75, 1.0
30491.773327132752, 103, 1.0
30506.846450825517, 101, 1.0
30517.92181133395, 75, 1.0
30525.054424639864, 103, -1.0
30528.45191029111, 103, 1.0
30532.643671382335, 75, -1.0
30535.397187106282, 154, -1.0
30552.634634009675, 75, 1.0
30568.689252845405, 152, -1.0
30568.925989391533, 75, 1.0
30577.62443128387, 152, -1.0
30578.7190099323, 103, -1.0
30579.382733481925, 101, -1.0
30584.30689835101, 44, 1.0
30590.446730485353, 148, -1.0
30601.299315442127, 101, 1.0
30616.390242264075, 154, -1.0
30623.150490388976, 152, -1.0
30623.361969959056, 35, 1.0
30631.84033495306, 35, -1.0
30634.032886293782, 75, -1.0
30645.718592869704, 154, 1.0
30650.73519032855, 101, -1.0
30654.04841137708, 152, 1.0
30657.684371342097, 75, 1.0
30675.44349606303, 44, -1.0
30681.060309203414, 75, 1.0
30685.77932555175, 44, -1.0
30692.206843981712, 148, 1.0
30694.793520206935, 75, -1.0
30710.794135302087, 154, 1.0
30715.62858256998, 103, -1.0
30718.938475586336, 148, 1.0
30729.330792769484, 35, -1.0
30732.406510445246, 152, -1.0
30733.2200979063, 44, -1.0
30733.657170709703, 35, -1.0
30740.279857612335, 44, -1.0
30743.841557667052, 35, -1.0
30746.12923101248, 154, 1.0
30756.716484273482, 152, 1.0
30780.37160837888, 154, -1.0
30782.406477370343, 154, 1.0
30784.087712882116, 35, -1.0
30784.431315632748, 148, -1.0
30786.587535340033, 75, 1.0
30791.49228688729, 152, 1.0
30796.868684491645, 35, -1.0
30798.988586152027, 152, 1.0
30810.910881122196, 75, 1.0
30811.95621335788, 103, -1.0
30814.51628418862, 44, -1.0
30829.399719104673, 44, -1.0
30830.5234386787, 152, 1.0
30831.941339534867, 152, -1.0
30832.602219012297, 75, 1.0
30842.19116596988, 103, 1.0
30847.698529218364, 75, 1.0
30848.383523760178, 101, 1.0
30857.33217500999, 75, 1.0
30876.95443273539, 35, 1.0
30886.717379635225, 154, 1.0
30893.136219566182, 75, 1.0
30895.172157916168, 152, -1.0
30899.29325854217, 35, 1.0
30899.711166344965, 101, -1.0
30942.168895568397, 148, -1.0
30945.29649195302, 44, -1.0
30957.397755595663, 148, -1.0
30958.761255718186, 152, 1.0
30977.021055004316, 35, -1.0
30978.56636132944, 103, -1.0
30987.24236863859, 103, -1.0
30989.873473379324, 44, -1.0
30990.663454879163, 152, 1.0
30997.733939919213, 148, -1.0
31003.16651541544, 148, -1.0
31004.63378445749, 148, -1.0
31005.167862082828, 35, 1.0
31006.973134524647, 75, 1.0
31012.404794835493, 154, 1.0
31014.961756475, 152, -1.0
31016.78322782606, 101, 1.0
31022.966529297744, 35, 1.0
31030.345100319602, 103, 1.0
31031.549222786507, 75, 1.0
31048.833237805233, 152, -1.0
31048.885005073593, 44, -1.0
31052.528736439534, 75, 1.0
31056.40874643858, 75, -1.0
31066.12068123396, 148, -1.0
31070.357747320224, 75, 1.0
31080.860974262676, 101, 1.0
31087.51140949988, 101, -1.0
31095.22463699334, 103, 1.0
31097.235887559706, 148, -1.0
31106.89602000365, 75, -1.0
31133.763512934853, 35, 1.0
31139.374771643736, 101, -1.0
31140.17209362137, 154, 1.0
31144.297557978174, 75, 1.0
31147.511473964893, 148, -1.0
31153.53573234098, 152, 1.0
31155.612362925312, 154, 1.0
31158.062592788334, 35, 1.0
31159.31796001231, 103, 1.0
31162.137780927595, 75, -1.0
31172.639686195165, 75, 1.0
31178.545128837213, 75, 1.0
31193.364429912202, 152, -1.0
31206.326660287727, 75, 1.0
31206.615206563543, 152, -1.0
31212.18259966722, 103, -1.0
31215.890787109005, 44, -1.0
31217.514728968017, 101, 1.0
31226.647445183888, 154, 1.0
31228.92986178318, 75, -1.0
31241.308508255002, 148, -1.0
31246.51364902986, 35, 1.0
31254.28320327852, 75, -1.0
31257.32459605821, 103, -1.0
31261.34582874387, 101, -1.0
31262.48764404352, 75, -1.0
31268.277544390337, 35, -1.0
31278.714249834775, 154, -1.0
31283.746484772553, 101, 1.0
31317.849186374373, 44, -1.0
31321.953411573813, 101, -1.0
31338.619247977436, 44, -1.0
31345.332944452344, 44, -1.0
31355.802644138246, 152, -1.0
31356.540059135947, 44, -1.0
31357.066040984544, 75, -1.0
31379.49965286175, 152, -1.0
31379.742152328905, 103, -1.0
31398.09708518463, 101, 1.0
31404.062003331244, 75, 1.0
31418.66491978335, 152, -1.0
31422.59035698596, 75, 1.0
31424.130365564743, 103, 1.0
31427.955565927958, 148, -1.0
31428.425399748587, 152, -1.0
31435.015073823226, 44, -1.0
31441.831720243812, 152, -1.0
31447.36142313877, 75, -1.0
31447.410984105776, 152, -1.0
31492.78075453952, 152, -1.0
31505.84874622316, 75, -1.0
31508.21342942611, 75, 1.0
31516.15411093918, 154, 1.0
31517.764188570767, 35, -1.0
31520.625973822636, 148, -1.0
31523.87082188837, 103, 1.0
31523.908170567232, 154, -1.0
31535.7232324694, 35, -1.0
31540.2027762855, 154, 1.0
31566.166375832458, 35, -1.0
31570.893944209736, 75, -1.0
31573.470061048134, 154, -1.0
31573.720242039384, 103, 1.0
31573.73858911117, 152, -1.0
31584.43331002888, 148, -1.0
31588.576495453664, 152, 1.0
31611.00643568729, 75, 1.0
31621.221076900027, 101, 1.0
31622.599259265156, 35, -1.0
31623.20057077663, 103, 1.0
31625.841166206126, 148, -1.0
31629.639651780184, 154, -1.0
31636.45525695069, 154, 1.0
31664.2574960669, 103, 1.0
31665.452443199512, 75, -1.0
31675.492382475517, 44, 1.0
31688.17569548354, 148, -1.0
31689.735443705893, 75, -1.0
31692.175160271516, 44, -1.0
31713.019997155538, 101, 1.0
31716.58069390849, 103, 1.0
31729.545935756745, 152, -1.0
31730.028291626793, 103, 1.0
31734.55897516789, 103, -1.0
31742.946192855325, 75, 1.0
31754.663679239588, 152, 1.0
31755.305485921745, 75, 1.0
31755.79975602773, 35, -1.0
31756.507910472494, 44, 1.0
31760.61729447625, 44, -1.0
31764.444351332073, 152, 1.0
31768.160003933328, 75, -1.0
31770.795182066893, 101, -1.0
31780.064207438125, 154, 1.0
31785.791495107813, 154, -1.0
31793.66980105445, 75, 1.0
31802.35786592229, 154, 1.0
31804.939436733606, 35, -1.0
31826.142029508555, 154, -1.0
31830.238098271417, 35, 1.0
31831.126179733066, 152, -1.0
31833.692213957045, 35, -1.0
31836.399698604866, 75, 1.0
31850.492966025708, 152, -1.0
31869.128216591205, 35, -1.0
31869.92640188193, 75, -1.0
31872.45227028073, 75, -1.0
31878.011451543913, 152, -1.0
31882.4388270856, 152, -1.0
31888.7279826727, 101, -1.0
31889.862571553233, 35, -1.0
31892.791661434785, 154, 1.0
31904.66266094934, 75, 1.0
31919.53109950074, 148, 1.0
31922.515420367683, 75, 1.0
31924.64892318256, 152, -1.0
31926.4412392108, 35, -1.0
31945.184236864483, 152, -1.0
31952.51421485424, 101, 1.0
31953.87914592324, 35, -1.0
31971.715545078074, 154, -1.0
31976.053669987, 152, -1.0
31983.564122354688, 35, 1.0
31991.34331607548, 75, 1.0
31995.97242330928, 148, -1.0
32005.848588596633, 101, -1.0
32020.073893464574, 103, 1.0
32025.575400720332, 103, -1.0
32027.16056094234, 75, 1.0
32035.284146179987, 75, 1.0
32035.980175723365, 154, -1.0
32042.728510846373, 103, 1.0
32042.9940731967, 148, -1.0
32050.54097731129, 44, -1.0
32059.658448108086, 103, 1.0
32063.577033968075, 101, -1.0
32072.000299735886, 35, 1.0
32078.593498146325, 152, 1.0
32079.65522198818, 75, 1.0
32101.94532151819, 75, 1.0
32108.0035724755, 44, 1.0
32112.30620222083, 154, 1.0
32113.59991156393, 103, -1.0
32120.330162107988, 103, 1.0
32123.92678876105, 103, -1.0
32128.45242877913, 35, 1.0
32131.555353950112, 35, 1.0
32149.47650525259, 152, -1.0
32151.527253985616, 75, 1.0
32159.451588725755, 75, -1.0
32166.060378687933, 154, -1.0
32180.325805726192, 44, -1.0
32181.683728930213, 35, -1.0
32192.172930188677, 35, 1.0
32200.855851370874, 152, 1.0
32223.82582991003, 35, 1.0
32225.787147142004, 35, 1.0
32233.64447578386, 152, -1.0
32239.444894666427, 103, 1.0
32239.59957170499, 101, 1.0
32241.877074999124, 75, -1.0
32246.73637090426, 75, -1.0
32251.78467920498, 152, 1.0
32253.387189802204, 103, 1.0
32264.05767683625, 152, -1.0
32266.353775206688, 44, -1.0
32270.851792749396, 152, -1.0
32278.276504945854, 35, 1.0
32284.117112712927, 101, -1.0
32284.390024012973, 152, 1.0
32290.79043997878, 75, -1.0
32305.298790113524, 35, 1.0
32305.469532970128, 35, -1.0
32307.496822695597, 148, -1.0
32312.08675573524, 75, 1.0
32314.451114408548, 35, -1.0
32315.94040144819, 44, -1.0
32328.790241542705, 75, -1.0
32340.707399788243, 44, -1.0
32341.736969559162, 154, 1.0
32344.884382664965, 35, -1.0
32346.584012395368, 103, -1.0
32356.54073157712, 75, -1.0
32371.768083401836, 103, 1.0
32374.11856929137, 103, -1.0
32388.49695888477, 148, 1.0
32391.636775209387, 44, -1.0
32399.06287088105, 101, 1.0
32401.9879851197, 152, -1.0
32404.074676788026, 101, 1.0
32407.243255165515, 152, -1.0
32424.757596234667, 35, 1.0
32426.399278726574, 35, -1.0
32428.5442231873, 75, 1.0
32430.043779300584, 152, 1.0
32431.892632475923, 154, -1.0
32435.37804128868, 152, 1.0
32438.19492957806, 152, 1.0
32438.332051571248, 101, 1.0
32442.904964602334, 101, -1.0
32461.752834984258, 148, 1.0
32462.690032973325, 152, -1.0
32468.56530370071, 101, 1.0
32469.726500310077, 103, -1.0
32476.64095485837, 103, 1.0
32484.32259326116, 103, 1.0
32486.48471842434, 35, -1.0
32492.365468830598, 154, 1.0
32497.009464086557, 154, -1.0
32504.43906350711, 75, 1.0
32516.32693705872, 75, 1.0
32518.68216528245, 75, 1.0
32531.41753803177, 35, -1.0
32536.68514118711, 148, 1.0
32542.074692719467, 103, -1.0
32557.821472373103, 35, 1.0
32561.99130506118, 154, 1.0
32570.62033318241, 148, -1.0
32577.335312730884, 154, 1.0
32586.198489731, 101, -1.0
32597.701358854196, 35, -1.0
32599.63976904085, 101, -1.0
32611.386606852702, 148, 1.0
32613.04971235605, 152, 1.0
32617.052473405416, 152, -1.0
32621.17732971821, 103, 1.0
32625.724019954407, 35, 1.0
32630.949472112825, 103, -1.0
32633.530872962056, 152, -1.0
32637.53369707745, 101, -1.0
32648.199520518127, 75, -1.0
32658.082556897385, 75, -1.0
32660.56209582727, 75, 1.0
32661.943896692686, 148, 1.0
32669.992987359034, 101, -1.0
32670.48507840712, 154, 1.0
32675.892847986284, 75, -1.0
32688.778188419852, 35, -1.0
32692.22581964221, 75, -1.0
32701.635357277366, 101, -1.0
32702.631560088033, 103, -1.0
32702.721527280635, 101, -1.0
32703.25787005703, 35, 1.0
32706.04146856844, 152, -1.0
32712.30906213213, 152, -1.0
32717.21222054615, 75, -1.0
32719.320567409635, 148, -1.0
32720.467937194295, 103, 1.0
32721.220083289485, 101, 1.0
32722.581531167467, 152, -1.0
32725.01661240836, 75, 1.0
32727.78636971421, 75, 1.0
32739.985663613446, 152, 1.0
32741.893927251578, 152, 1.0
32743.443314647888, 75, -1.0
32745.9580681304, 101, -1.0
32747.782329058376, 101, -1.0
32770.26849013082, 35, -1.0
32774.24880907332, 75, -1.0
32777.93952042854, 103, -1.0
32784.46023649805, 75, -1.0
32785.394817292, 154, 1.0
32787.149995540145, 148, -1.0
32791.125775092085, 101, 1.0
32802.3891650135, 35, -1.0
32802.52371637552, 101, 1.0
32811.97092016882, 44, 1.0
32827.59369887457, 148, -1.0
32828.49957340751, 152, -1.0
32828.56202158212, 75, 1.0
32842.879261951384, 154, 1.0
32849.3847297357, 75, -1.0
32873.246730633946, 154, 1.0
32879.04417688877, 152, -1.0
32879.8206643432, 75, 1.0
32889.543924686135, 35, -1.0
32890.59042099189, 103, -1.0
32895.92963842128, 152, 1.0
32904.762452841474, 154, 1.0
32913.72991291437, 148, -1.0
32932.46877097957, 101, -1.0
32934.768116552434, 75, 1.0
32935.43736447645, 103, 1.0
32947.13421999377, 103, 1.0
32950.505522567255, 101, 1.0
32955.58120823188, 75, 1.0
32960.75142790197, 152, -1.0
32974.52237251502, 75, 1.0
32978.84444501802, 35, -1.0
32990.54256414072, 152, -1.0
32997.01356890231, 35, -1.0
32998.3040266121, 154, -1.0
33000.0991331435, 75, 1.0
33012.23838350556, 101, -1.0
33028.95273582832, 152, -1.0
33034.381182345795, 75, -1.0
33045.78871997097, 152, -1.0
33052.9329123989, 154, -1.0
33054.448668227946, 148, -1.0
33055.424327075954, 148, -1.0
33068.029187824664, 152, -1.0
33074.90622261918, 75, -1.0
33075.02672264532, 35, 1.0
33086.50051279513, 152, -1.0
33091.965498542035, 35, -1.0
33100.82647078798, 101, 1.0
33101.2421199831, 154, -1.0
33110.14244259624, 75, 1.0
33111.43536293706, 154, -1.0
33116.36815590116, 35, 1.0
33120.972075486665, 152, -1.0
33122.02168678603, 152, -1.0
33122.45115106381, 35, -1.0
33132.87330913931, 35, -1.0
33135.401285931744, 75, 1.0
33136.83065276451, 103, 1.0
33137.48985746111, 154, 1.0
33138.44385247884, 35, -1.0
33145.94486116692, 35, -1.0
33147.36996191938, 75, 1.0
33151.85968973296, 101, 1.0
33160.92222936333, 103, 1.0
33166.319299162365, 35, 1.0
33166.707625288516, 103, -1.0
33170.01281858234, 35, 1.0
33179.1036396582, 75, -1.0
33185.776801580025, 101, -1.0
33186.88975969199, 75, -1.0
33192.28219647507, 152, -1.0
33200.23240427166, 75, -1.0
33201.565903062234, 148, 1.0
33207.094597545205, 35, -1.0
33209.86499510862, 101, 1.0
33224.098262071224, 35, -1.0
33225.531793892136, 103, -1.0
33227.20877493777, 75, -1.0
33232.63782153212, 152, 1.0
33237.337393085116, 75, 1.0
33240.64275467074, 152, -1.0
33243.30412539736, 35, 1.0
33244.573317964954, 152, -1.0
33252.21208461974, 152, -1.0
33255.36805912046, 148, 1.0
33257.58946777216, 103, -1.0
33260.40835994532, 35, 1.0
33262.60306057027, 75, 1.0
33264.15525762922, 101, -1.0
33269.15985378472, 148, 1.0
33279.618366015435, 152, -1.0
33284.846375089925, 101, 1.0
33285.50499494834, 35, -1.0
33316.262487886066, 101, -1.0
33322.654993733464, 154, 1.0
33324.02052537116, 35, 1.0
33324.205464920604, 35, 1.0
33337.33835403983, 35, -1.0
33357.8804209584, 35, -1.0
33360.04078719674, 101, -1.0
33361.123675642484, 154, -1.0
33361.67225645722, 101, -1.0
33362.91562557099, 35, -1.0
33371.52487480179, 44, 1.0
33373.90290579059, 103, -1.0
33374.80653422291, 152, 1.0
33380.06817648956, 148, 1.0
33383.30286956904, 101, -1.0
33389.50275202195, 44, 1.0
33396.47094935839, 75, 1.0
33430.82999451844, 152, -1.0
33434.588213424766, 152, 1.0
33435.19374223102, 101, 1.0
33436.28409429003, 75, 1.0
33438.50627636344, 103, 1.0
33458.9202771186, 75, 1.0
33459.03670292011, 154, -1.0
33463.51886520971, 35, 1.0
33465.2865976119, 75, 1.0
33465.77723918689, 101, -1.0
33466.00067680455, 75, 1.0
33468.649689640355, 101, -1.0
33474.56865602574, 101, -1.0
33480.23004089349, 101, -1.0
33482.0752898214, 152, -1.0
33483.589079767, 103, -1.0
33499.03968565956, 152, -1.0
33506.60099299254, 101, -1.0
33511.851775479394, 152, -1.0
33513.69892172471, 152, -1.0
33523.125675520714, 101, -1.0
33525.36592571837, 101, -1.0
33526.27895420583, 44, 1.0
33535.281863029435, 148, 1.0
33557.67293918864, 35, -1.0
33557.695392710404, 75, 1.0
33561.33749931923, 35, -1.0
33571.9716352369, 103, -1.0
33572.58498800477, 152, -1.0
33585.62966824218, 75, 1.0
33592.780930691915, 103, 1.0
33595.14370225965, 152, -1.0
33596.936770445915, 103, 1.0
33598.552303753655, 148, 1.0
33608.77666814532, 152, -1.0
33611.90604993151, 35, -1.0
33612.699625611356, 35, -1.0
33613.09101365968, 103, 1.0
33613.225648708576, 35, 1.0
33624.297782975584, 101, 1.0
33644.422518177154, 35, -1.0
33650.62938124504, 148, 1.0
33653.26937590008, 101, -1.0
33659.08382048576, 75, 1.0
33659.67928582386, 101, 1.0
33661.34931558443, 154, 1.0
33663.14469407154, 152, -1.0
33673.55219607669, 154, 1.0
33709.08597721904, 101, -1.0
33713.87677102554, 101, -1.0
33731.91647270911, 152, 1.0
33732.20287150016, 101, -1.0
33734.854443210505, 101, -1.0
33755.67891971608, 148, 1.0
33764.397070809515, 148, -1.0
33772.16260533308, 75, 1.0
33776.12985330793, 101, 1.0
33781.08508948359, 75, 1.0
33798.57806261379, 152, 1.0
33802.224643790025, 152, -1.0
33802.26277392815, 35, -1.0
33813.84609940042, 35, -1.0
33820.187824855246, 103, 1.0
33824.28122903208, 154, -1.0
33826.3164621326, 35, -1.0
33833.2478111811, 152, -1.0
33838.25666348961, 35, -1.0
33838.27382902073, 101, -1.0
33844.440623319286, 154, 1.0
33845.73339944115, 103, 1.0
33852.73974746847, 152, 1.0
33855.409301398395, 103, 1.0
33855.467976960805, 152, 1.0
33866.54644090977, 154, 1.0
33870.6590876321, 35, -1.0
33879.17822585451, 152, -1.0
33885.73901605287, 148, -1.0
33887.97961231633, 75, -1.0
33891.45828040929, 75, -1.0
33907.69612882642, 148, 1.0
33908.408168645576, 101, -1.0
33909.13007388892, 148, -1.0
33914.086147404094, 35, -1.0
33914.28874099261, 35, -1.0
33919.53987479878, 35, -1.0
33921.91944993586, 101, -1.0
33922.81185745762, 152, 1.0
33923.2929639334, 35, -1.0
33924.35346244721, 35, 1.0
33948.69675028347, 103, -1.0
33949.423240239885, 103, 1.0
33956.824726120925, 75, 1.0
33962.722497479044, 35, 1.0
33963.264068610435, 103, 1.0
33976.93270887244, 75, 1.0
33995.230339041416, 154, 1.0
33995.563476488394, 35, -1.0
34008.63696844464, 35, 1.0
34009.691490287805, 154, -1.0
34013.36536449804, 152, -1.0
34037.95139486118, 152, -1.0
34050.49302434731, 101, -1.0
34058.17980352365, 152, -1.0
34065.320411826244, 152, -1.0
34069.16253470175, 75, 1.0
34069.3708864917, 101, -1.0
34070.60604363626, 154, 1.0
34073.86654130771, 44, 1.0
34077.11087477098, 35, -1.0
34081.1304991374, 35, -1.0
34088.887337781656, 148, -1.0
34089.0054318318, 154, 1.0
34090.60951620836, 148, -1.0
34091.28648495706, 101, -1.0
34102.661517177185, 35, -1.0
34116.70684279526, 35, -1.0
34117.86113351314, 103, 1.0
34118.107920868795, 101, 1.0
34118.639176087, 35, -1.0
34128.53491696455, 35, -1.0
34128.919686424044, 101, -1.0
34137.66399094988, 101, 1.0
34137.70578968263, 148, -1.0
34144.80987323491, 101, -1.0
34154.78949593929, 154, 1.0
34160.44230043315, 101, -1.0
34169.24498279772, 148, -1.0
34174.948152412726, 152, -1.0
34175.61503456387, 103, 1.0
34180.387711030395, 35, 1.0
34182.002322354194, 152, -1.0
34184.41876773111, 152, -1.0
34187.47108218729, 101, -1.0
34189.868539286676, 101, -1.0
34190.61169183348, 148, -1.0
34193.21771677424, 154, -1.0
34194.542784859004, 35, 1.0
34202.42133832422, 75, -1.0
34203.38635390008, 35, -1.0
34205.524543419655, 103, 1.0
34214.0075632185, 154, -1.0
34221.25500306124, 103, 1.0
34228.84404335653, 101, -1.0
34231.10572730753, 152, -1.0
34234.13984493836, 148, -1.0
34235.21686130087, 101, -1.0
34236.49967605278, 101, -1.0
34236.6042169892, 35, -1.0
34236.813275625296, 75, 1.0
34245.24526830491, 152, -1.0
34249.248022903324, 101, 1.0
34252.66550558893, 152, -1.0
34257.4243586861, 75, 1.0
34267.49846221325, 152, -1.0
34270.506920526415, 148, -1.0
34274.87974766493, 154, -1.0
34287.03117073503, 35, -1.0
34287.33015518421, 75, 1.0
34289.27780623601, 154, -1.0
34290.56557257438, 154, -1.0
34316.81696963291, 152, -1.0
34325.50124741869, 152, 1.0
34327.8708402785, 35, 1.0
34330.74823764587, 148, -1.0
34333.93128183512, 35, -1.0
34335.013007267655, 35, -1.0
34346.18321601784, 35, -1.0
34349.86344202506, 101, -1.0
34354.87032207951, 154, -1.0
34372.76756838414, 103, 1.0
34382.21973653799, 148, 1.0
34382.8239552924, 35, -1.0
34383.124106695854, 103, 1.0
34383.48649229104, 152, -1.0
34384.780000411876, 148, 1.0
34384.914830578186, 103, 1.0
34386.91605779253, 152, 1.0
34391.37061109896, 148, 1.0
34400.83482859107, 35, 1.0
34401.104288678085, 75, 1.0
34414.387720624916, 154, 1.0
34414.45785637581, 101, -1.0
34417.355252895286, 35, 1.0
34421.01390752699, 103, 1.0
34431.99530228375, 75, -1.0
34441.19657301882, 103, -1.0
34470.32970799452, 75, -1.0
34471.091995356364, 101, 1.0
34477.05266324607, 103, 1.0
34493.485273032216, 35, 1.0
34497.67637081461, 103, 1.0
34500.635320724876, 35, -1.0
34501.29139516105, 152, -1.0
34507.12156624726, 152, -1.0
34518.272868731976, 103, 1.0
34520.13551995058, 103, -1.0
34526.24810229997, 152, -1.0
34528.00166828776, 44, 1.0
34533.57465689561, 154, 1.0
34535.56937699746, 152, 1.0
34536.82150765399, 75, -1.0
34548.97086515692, 152, -1.0
34556.86425817284, 148, 1.0
34557.52172366404, 35, -1.0
34563.97209592639, 35, -1.0
34565.195720710384, 152, -1.0
34574.015413447276, 148, 1.0
34582.1654344186, 103, 1.0
34582.75935544708, 75, 1.0
34588.66236670627, 154, -1.0
34589.430501186405, 103, 1.0
34604.66039505007, 101, 1.0
34607.3831565489, 152, -1.0
34614.86198595689, 101, -1.0
34619.01286727331, 75, -1.0
34619.203626147544, 75, 1.0
34619.292947970454, 35, -1.0
34634.79098623453, 152, 1.0
34642.74137039445, 75, 1.0
34645.981003442655, 101, -1.0
34648.4791878885, 75, 1.0
34655.999308847124, 35, -1.0
34656.96010149177, 152, 1.0
34663.88649131226, 148, -1.0
34666.82990718105, 152, -1.0
34681.80460855691, 101, -1.0
34688.42743492849, 101, -1.0
34694.88922770117, 148, -1.0
34702.793928469684, 101, -1.0
34711.66039164922, 152, 1.0
34717.72970787084, 154, -1.0
34723.927696290775, 103, 1.0
34726.108441744436, 103, -1.0
34727.94937342506, 35, -1.0
34744.15946415956, 101, -1.0
34744.210997602844, 75, 1.0
34745.9036131553, 152, -1.0
34753.931751205026, 75, 1.0
34763.4125846065, 103, 1.0
34767.02707979832, 103, 1.0
34767.84597367476, 101, -1.0
34770.17639026441, 75, 1.0
34770.652757972384, 75, 1.0
34793.49138960781, 148, -1.0
34802.99461578164, 154, 1.0
34806.78205619812, 152, -1.0
34808.26408802611, 152, -1.0
34811.45200391277, 35, 1.0
34821.66304331115, 152, -1.0
34832.27196471484, 35, -1.0
34835.27089794637, 35, 1.0
34839.59495437837, 152, -1.0
34841.52731559818, 103, 1.0
34845.411385110696, 101, 1.0
34854.23685060842, 103, -1.0
34870.12729913122, 44, 1.0
34873.96564105366, 154, 1.0
34880.45079222611, 154, 1.0
34886.40373724858, 152, -1.0
34891.84855837134, 35, 1.0
34894.320709185144, 148, -1.0
34909.727619428, 35, 1.0
34933.53244982695, 154, -1.0
34941.17821766756, 152, -1.0
34962.55004227826, 152, -1.0
34963.3761395282, 148, -1.0
34967.80619357069, 152, -1.0
34969.39288746007, 101, -1.0
34971.9287483692, 75, 1.0
34972.20374402722, 101, -1.0
34976.24726866317, 154, 1.0
34994.69081630321, 101, 1.0
34997.04010710263, 101, 1.0
34998.828410032016, 152, -1.0
35001.88103538555, 152, 1.0
35008.79180567107, 35, 1.0
35008.86895209296, 35, -1.0
35018.34239804704, 101, -1.0
35019.99585900676, 44, 1.0
35030.71635219816, 148, -1.0
35042.72559614107, 35, 1.0
35043.40966196031, 152, -1.0
35045.27237052274, 148, -1.0
35045.955232687375, 101, -1.0
35048.72529850236, 152, -1.0
35055.20825474071, 152, -1.0
35056.93643727142, 103, -1.0
35064.2355230255, 154, -1.0
35074.40861173341, 75, -1.0
35085.907513478, 103, 1.0
35086.32263595379, 75, -1.0
35086.39210708399, 152, -1.0
35117.68498553775, 103, 1.0
35120.92151942912, 101, -1.0
35130.697883590045, 152, -1.0
35154.44832714463, 152, 1.0
35155.91754561048, 103, 1.0
35156.60461710501, 152, 1.0
35157.6841665127, 35, -1.0
35169.5182676799, 152, 1.0
35170.45724859347, 75, -1.0
35197.498369795474, 154, 1.0
35211.9306909774, 101, 1.0
35212.88884338363, 152, -1.0
35226.213182483865, 101, -1.0
35227.77101547016, 148, 1.0
35228.230966747884, 35, 1.0
35230.80505122787, 35, 1.0
35234.098431504804, 101, 1.0
35237.85426835394, 154, 1.0
35242.80937038756, 101, 1.0
35244.93410479267, 152, -1.0
35248.25849609234, 101, 1.0
35264.86037873066, 152, -1.0
35279.26079874709, 152, -1.0
35282.3273170762, 101, -1.0
35285.128482454034, 101, -1.0
35285.9782980608, 148, 1.0
35291.725490633435, 152, -1.0
35292.01808342531, 35, 1.0
35292.67323239217, 35, -1.0
35325.22393588198, 35, 1.0
35328.40161922594, 103, 1.0
35328.98382706503, 35, 1.0
35338.2578218375, 101, -1.0
35341.44232681488, 35, -1.0
35341.552741798914, 35, -1.0
35342.88815648557, 152, -1.0
35344.00510503727, 101, -1.0
35346.26295145211, 75, -1.0
35356.09807555456, 103, 1.0
35374.696905639044, 35, 1.0
35375.09568961983, 35, 1.0
35380.83240090967, 154, -1.0
35381.17778404412, 154, 1.0
35382.996157052636, 152, -1.0
35390.64865352613, 75, 1.0
35391.33614851848, 101, -1.0
35394.20634004678, 35, -1.0
35394.89630102301, 75, -1.0
35395.17861496657, 154, -1.0
35409.13162522563, 75, 1.0
35417.486282737795, 152, -1.0
35425.12550956659, 152, 1.0
35427.525527615944, 154, -1.0
35428.29220056466, 35, -1.0
35436.00842581527, 103, 1.0
35436.80669588366, 154, 1.0
35439.90387357984, 35, -1.0
35441.28511568866, 44, 1.0
35445.42384039642, 101, -1.0
35445.493205104714, 152, 1.0
35474.872804130384, 148, -1.0
35499.77364202442, 152, 1.0
35504.1782594268, 103, 1.0
35509.10291964539, 154, -1.0
35516.834734077245, 101, 1.0
35516.83526327055, 35, -1.0
35518.13205441299, 152, -1.0
35524.73697600674, 75, -1.0
35525.016153306904, 148, -1.0
35529.56708381998, 101, -1.0
35530.3953882773, 101, -1.0
35531.75140300414, 101, -1.0
35537.20870600567, 152, -1.0
35537.87141943756, 154, -1.0
35538.960866795125, 75, 1.0
35540.880262243096, 101, 1.0
35549.44212817137, 75, -1.0
35554.698305480146, 35, 1.0
35581.471573400755, 148, 1.0
35589.008270243285, 148, 1.0
35607.67607378643, 75, -1.0
35610.47389542926, 154, 1.0
35629.63583621239, 152, -1.0
35631.295649128355, 75, -1.0
35633.340923379, 152, -1.0
35639.31252955081, 152, -1.0
35643.094817723766, 152, -1.0
35645.44743178743, 148, -1.0
35647.27873332842, 154, 1.0
35651.9287552139, 154, -1.0
35655.28598002476, 35, -1.0
35663.0327555318, 101, -1.0
35667.40138592259, 148, 1.0
35670.85101409243, 101, -1.0
35688.91017017667, 35, 1.0
35691.66789882058, 152, -1.0
35718.84309833451, 154, 1.0
35731.803516435844, 75, 1.0
35735.32882424671, 35, -1.0
35737.93006585206, 75, 1.0
35745.657455315166, 154, -1.0
35747.541263553605, 152, 1.0
35748.84300977795, 101, -1.0
35756.17494989017, 35, -1.0
35764.88972489415, 152, 1.0
35770.706399947354, 154, -1.0
35777.67843676225, 75, 1.0
35785.453228131104, 75, 1.0
35788.98645447925, 154, -1.0
35790.16983651298, 154, -1.0
35794.43332756914, 103, -1.0
35798.015830294615, 101, -1.0
35802.4825791513, 44, 1.0
35808.50144294589, 35, 1.0
35810.14896770046, 75, 1.0
35847.35657380329, 101, 1.0
35852.69225285209, 154, -1.0
35859.3756742333, 101, -1.0
35867.011220084474, 35, -1.0
35872.46498804116, 152, 1.0
35873.75752802878, 152, -1.0
35877.386187956436, 101, -1.0
35883.47853492507, 35, 1.0
35885.272282913764, 154, -1.0
35887.22323164759, 35, -1.0
35888.824859590495, 152, -1.0
35893.24077352001, 152, -1.0
35895.068134485016, 35, -1.0
35904.8839817292, 35, 1.0
35917.64804406432, 154, -1.0
35928.44177942322, 101, 1.0
35935.77239838348, 154, 1.0
35937.38179997988, 152, 1.0
35941.01200725882, 154, -1.0
35944.235039455874, 35, 1.0
35947.30419676849, 35, 1.0
35952.71977437866, 75, 1.0
35955.63753926119, 152, -1.0
35967.20934502807, 35, 1.0
35984.9373585525, 35, 1.0
35996.5584371884, 154, -1.0
35997.75775847862, 44, 1.0
