21611.898276924563, 44, -1.0
21616.23331825782, 75, -1.0
21620.311854392778, 35, -1.0
21629.20751232207, 101, 1.0
21629.78277114525, 152, -1.0
21635.574603392433, 44, -1.0
21638.206084416004, 44, -1.0
21641.405847708393, 103, 1.0
21645.407622625564, 152, 1.0
21645.640811750836, 152, 1.0
21648.12711820712, 103, 1.0
21651.667782964356, 103, 1.0
21651.931836306176, 148, -1.0
21655.331197504758, 101, 1.0
21662.91105485398, 148, 1.0
21674.798066066698, 154, 1.0
21679.666747569107, 152, -1.0
21682.500173879856, 103, 1.0
21683.170463104347, 101, 1.0
21683.50592766513, 103, 1.0
21683.80700533161, 44, -1.0
21686.659932306153, 154, 1.0
21688.037973622417, 101, -1.0
21691.981762381092, 35, 1.0
21693.794723761832, 35, -1.0
21704.234017870116, 148, -1.0
21712.28482417131, 44, -1.0
21716.197801159444, 101, 1.0
21727.677812509035, 103, 1.0
21728.644973101906, 154, 1.0
21739.534999774056, 101, 1.0
21740.81812839219, 103, 1.0
21744.728058667228, 101, -1.0
21752.281303479544, 154, 1.0
21752.688700033676, 75, 1.0
21756.44601680663, 154, 1.0
21758.087737554717, 152, -1.0
21760.42144024852, 101, 1.0
21768.397479389307, 154, 1.0
21774.01643078469, 101, 1.0
21784.65713441445, 154, 1.0
21784.88604307145, 103, 1.0
21787.91670234582, 35, 1.0
21791.048764611714, 101, 1.0
21794.700263030718, 44, -1.0
21802.122003832974, 103, 1.0
21802.85688346351, 103, 1.0
21813.745979165793, 75, -1.0
21817.085957627787, 44, -1.0
21823.5704748093, 154, 1.0
21826.378362572297, 103, 1.0
21831.353353074344, 101, 1.0
21833.052329545688, 152, -1.0
21834.754979360245, 148, -1.0
21849.864702290775, 101, 1.0
21850.022375403758, 152, -1.0
21858.094325678117, 152, -1.0
21861.873997017305, 154, 1.0
21871.912684283245, 154, 1.0
21874.93428127052, 154, 1.0
21879.484895210764, 103, 1.0
21880.62083482338, 148, -1.0
21880.760679250783, 75, -1.0
21882.647746598643, 103, 1.0
21890.709084028218, 75, -1.0
21895.398759408672, 103, 1.0
21903.443654933802, 148, -1.0
21906.973882072016, 101, -1.0
21908.720043599715, 154, 1.0
21932.63420125968, 148, -1.0
21938.85014753228, 148, -1.0
21943.2454760985, 103, 1.0
21954.213119923777, 44, -1.0
21957.334152628857, 44, -1.0
21962.834601185914, 75, 1.0
21969.304450691343, 103, 1.0
21977.105135909867, 103, 1.0
21977.511007325927, 148, -1.0
21981.77470599985, 148, -1.0
21987.282977817034, 152, -1.0
21987.908830459994, 101, 1.0
21992.46880202171, 103, 1.0
21997.84112647328, 44, -1.0
21997.92273064422, 103, 1.0
22000.443347362227, 75, -1.0
22010.012628167027, 101, 1.0
22010.4519647846, 103, 1.0
22014.027636193237, 103, 1.0
22014.88346025096, 103, 1.0
22018.233060877315, 101, 1.0
22023.6235615434, 154, 1.0
22026.526917894644, 44, -1.0
22032.360121553178, 154, 1.0
22040.01140920356, 103, 1.0
22045.529266998376, 152, -1.0
22048.56379448185, 103, 1.0
22053.75243148362, 103, 1.0
22056.33916971286, 44, -1.0
22062.97815797754, 103, 1.0
22065.19832553928, 148, -1.0
22067.9753888143, 148, 1.0
22069.805345961282, 35, 1.0
22075.556679082947, 44, 1.0
22077.456668842737, 75, 1.0
22090.43597679841, 75, -1.0
22101.981991710283, 75, 1.0
22103.288237644956, 103, 1.0
22106.711477551835, 101, 1.0
22126.414262916853, 154, 1.0
22148.431296376228, 101, 1.0
22155.874607370584, 154, 1.0
22159.975411654963, 44, -1.0
22161.450355447676, 103, 1.0
22166.430894445737, 103, 1.0
22167.554229414258, 101, 1.0
22168.188074887308, 75, 1.0
22175.40314585979, 103, 1.0
22179.38787972576, 152, -1.0
22180.712845654994, 103, -1.0
22183.87129365535, 101, 1.0
22188.58184866131, 101, 1.0
22189.819693379584, 44, 1.0
22195.68737113746, 152, 1.0
22198.27734673277, 103, 1.0
22201.65950055626, 101, 1.0
22201.6939590711, 101, -1.0
22205.608872786655, 103, 1.0
22211.07234180479, 103, 1.0
22216.200228731268, 154, 1.0
22219.170909024528, 103, 1.0
22228.303500812817, 103, 1.0
22230.1358880134, 103, -1.0
22235.178224700703, 103, 1.0
22240.659377727578, 103, 1.0
22242.26826822458, 154, 1.0
22244.014381101544, 103, 1.0
22247.183418684406, 152, -1.0
22247.608528327877, 148, -1.0
22247.737305005896, 44, -1.0
22248.848170079375, 154, 1.0
22251.239594555052, 44, -1.0
22257.379874259386, 103, 1.0
22260.154669451495, 44, -1.0
22260.795722348266, 101, -1.0
22261.162147082876, 44, -1.0
22262.750569269774, 101, 1.0
22269.796021643444, 44, -1.0
22273.707616669686, 75, 1.0
22283.087736917798, 75, 1.0
22284.19847138059, 44, -1.0
22285.016281172848, 152, 1.0
22287.356575024347, 152, -1.0
22288.605604668337, 103, 1.0
22290.114910000608, 103, 1.0
22302.533545368995, 44, -1.0
22303.94399219499, 154, 1.0
22311.932116454514, 101, 1.0
22324.650860720518, 75, 1.0
22324.812300831374, 103, 1.0
22328.059514338816, 35, 1.0
22328.08566069529, 152, -1.0
22334.18697606628, 101, 1.0
22339.897412820086, 154, 1.0
22341.304440184063, 152, -1.0
22342.15069257671, 44, -1.0
22365.43906686246, 75, -1.0
22365.89372904682, 103, 1.0
22366.182392754756, 101, 1.0
22367.474933628517, 148, -1.0
22371.025823964403, 154, 1.0
22374.69250175577, 44, -1.0
22376.57581720212, 101, -1.0
22384.772323040277, 44, -1.0
22394.611574625396, 44, -1.0
22396.75977983685, 103, 1.0
22402.472366899452, 154, 1.0
22414.761719367958, 44, -1.0
22420.552396976258, 154, 1.0
22425.18391740543, 101, 1.0
22426.45518044875, 103, 1.0
22434.405584212953, 154, 1.0
22435.46745098224, 75, -1.0
22442.85649430441, 148, -1.0
22444.87283113392, 101, 1.0
22446.367682872682, 44, -1.0
22451.77868856026, 75, 1.0
22456.541658533737, 154, 1.0
22459.9923537186, 148, -1.0
22462.152378935178, 103, 1.0
22462.706922515932, 101, 1.0
22479.305816685843, 103, 1.0
22482.081996518045, 103, 1.0
22487.70517932441, 101, 1.0
22493.565604129886, 152, -1.0
22496.588763742504, 103, 1.0
22498.594140769263, 101, 1.0
22514.886703654505, 103, 1.0
22515.988930602594, 154, 1.0
22516.553616308818, 154, 1.0
22522.281962589805, 103, 1.0
22528.550198529345, 154, 1.0
22532.66740122745, 75, -1.0
22537.935482260695, 148, -1.0
22540.474676316782, 152, -1.0
22541.380985763644, 103, 1.0
22552.82821631474, 148, -1.0
22554.381853592786, 148, -1.0
22563.710365727075, 35, 1.0
22575.58496620444, 154, 1.0
22576.56197874637, 103, 1.0
22581.90864916477, 103, 1.0
22583.586106953186, 75, 1.0
22586.278700802803, 103, 1.0
22588.681563763115, 148, -1.0
22601.672193875027, 75, -1.0
22611.517032003165, 44, -1.0
22620.375968502, 101, 1.0
22623.35328959129, 35, 1.0
22624.65453025816, 103, 1.0
22643.543791892927, 44, -1.0
22650.176952178892, 103, 1.0
22658.367523074332, 148, -1.0
22659.035002786135, 103, 1.0
22662.68980223608, 101, 1.0
22663.38178856075, 44, -1.0
22669.183737127096, 154, 1.0
22671.000678577504, 75, -1.0
22673.447545323044, 101, -1.0
22677.859852171812, 103, 1.0
22679.46752254125, 103, 1.0
22697.90393316957, 154, 1.0
22700.065831020074, 154, 1.0
22700.760747267024, 75, -1.0
22701.95974462026, 101, 1.0
22704.441621198803, 152, -1.0
22707.151610939374, 101, 1.0
22712.607220016205, 154, 1.0
22713.395756724527, 154, 1.0
22721.44140945285, 103, 1.0
22722.295495514372, 103, 1.0
22725.224038414122, 154, 1.0
22731.783874562567, 44, -1.0
22732.237813569856, 103, 1.0
22739.724930757788, 101, 1.0
22741.774331936605, 152, 1.0
22741.804176698188, 154, 1.0
22746.13576666009, 75, -1.0
22746.24693134893, 103, 1.0
22750.772806317796, 154, 1.0
22753.179224274354, 101, 1.0
22767.672561691223, 35, -1.0
22774.502682751347, 154, 1.0
22783.73994827096, 152, -1.0
22784.68176780551, 103, 1.0
22793.028732940988, 103, 1.0
22796.327332558274, 103, 1.0
22800.359378982394, 152, -1.0
22801.474496333158, 154, 1.0
22805.27366753167, 101, 1.0
22809.851062192873, 103, 1.0
22814.884155760963, 35, 1.0
22817.29558815172, 148, -1.0
22824.548139951607, 35, -1.0
22826.38763229281, 148, -1.0
22830.522558905566, 152, -1.0
22837.385472467795, 101, -1.0
22838.165599415737, 101, 1.0
22845.500851495184, 154, 1.0
22850.475890720725, 101, 1.0
22850.794676688154, 44, -1.0
22853.230756173834, 152, -1.0
22854.19186694964, 103, 1.0
22861.105754654673, 152, -1.0
22862.438710639657, 154, 1.0
22871.392200155842, 44, 1.0
22873.025733173065, 103, 1.0
22884.533779677353, 103, 1.0
22886.73288570745, 148, -1.0
22896.019911844876, 35, 1.0
22897.013060445977, 103, 1.0
22899.59802703808, 103, -1.0
22901.323550892317, 44, -1.0
22904.166853636394, 154, 1.0
22911.762466656764, 148, -1.0
22912.789320267282, 103, 1.0
22914.556293297708, 148, -1.0
22928.19087471142, 103, 1.0
22930.305265702864, 154, 1.0
22930.92295873565, 148, 1.0
22933.44055444922, 75, -1.0
22940.092292293684, 103, 1.0
22946.113598911612, 75, -1.0
22948.805552777943, 152, -1.0
22951.395718815216, 44, -1.0
22952.269337939837, 75, -1.0
22954.71486920499, 148, -1.0
22957.33915171441, 154, 1.0
22958.769391205144, 103, 1.0
22964.688448752444, 101, 1.0
22965.393938911904, 103, 1.0
22971.367987320256, 75, 1.0
22972.84732584213, 103, 1.0
22976.989635644477, 148, -1.0
22979.432361141447, 44, -1.0
22980.95328497263, 152, -1.0
22981.452692317194, 101, 1.0
22981.492939761996, 101, 1.0
22984.357943603245, 44, -1.0
22987.347429888978, 103, 1.0
22999.778555940542, 75, -1.0
23001.863447255717, 154, 1.0
23002.16161330876, 103, 1.0
23005.33035306983, 103, 1.0
23014.93091753386, 152, -1.0
23021.894618248916, 75, 1.0
23023.715341756997, 75, 1.0
23025.44863196085, 154, 1.0
23025.462065603322, 103, 1.0
23026.95649448584, 101, 1.0
23030.902592390612, 103, 1.0
23032.67345750273, 75, 1.0
23033.941542721044, 154, 1.0
23046.645804166103, 103, 1.0
23052.66970244809, 75, -1.0
23054.238338226773, 101, 1.0
23064.56657332132, 148, -1.0
23083.548814179347, 154, 1.0
23086.64051552989, 103, -1.0
23096.20745368349, 103, 1.0
23096.522542168805, 103, -1.0
23096.81981263877, 75, 1.0
23103.482467712325, 103, 1.0
23109.82677585795, 101, 1.0
23110.024891701123, 103, 1.0
23119.441246160328, 101, -1.0
23130.057113283845, 154, 1.0
23136.42111820537, 148, -1.0
23144.311468826425, 103, 1.0
23147.458783739992, 152, -1.0
23148.97456583106, 152, -1.0
23152.50807912464, 103, 1.0
23160.22284390609, 44, -1.0
23161.193130110143, 103, 1.0
23169.049629299712, 75, -1.0
23169.470520851417, 152, -1.0
23171.051100453846, 152, -1.0
23176.00859446622, 44, 1.0
23176.538387408284, 148, -1.0
23178.75065413446, 75, -1.0
23180.392424283553, 103, 1.0
23181.93488610923, 103, 1.0
23182.982393174483, 101, 1.0
23186.069078307584, 101, 1.0
23196.461705779922, 154, 1.0
23206.838506052005, 154, 1.0
23211.7847941396, 103, 1.0
23212.014299108938, 103, 1.0
23212.966134978466, 148, 1.0
23213.489326624105, 154, 1.0
23221.98021897123, 103, 1.0
23227.17168857468, 103, 1.0
23227.406665563925, 75, 1.0
23228.736419990728, 103, 1.0
23228.808117573255, 101, 1.0
23232.253573417667, 152, -1.0
23238.44753923145, 154, 1.0
23240.22053422846, 103, 1.0
23244.504592353573, 101, -1.0
23246.914496851325, 75, 1.0
23252.226048863697, 152, -1.0
23253.754360838964, 75, -1.0
23270.022767096736, 154, 1.0
23270.604635578875, 75, -1.0
23281.098775034963, 101, 1.0
23295.675568853625, 35, -1.0
23297.422919450004, 44, 1.0
23304.690315320564, 154, 1.0
23306.55803602237, 103, -1.0
23312.427592325763, 101, 1.0
23314.004957450903, 154, 1.0
23315.14745632567, 75, 1.0
23319.015809784134, 101, -1.0
23319.56841013972, 148, -1.0
23330.419869432146, 148, -1.0
23336.914315603586, 75, 1.0
23339.681600200274, 75, -1.0
23350.11061094655, 152, 1.0
23352.34118155967, 103, 1.0
23360.551633589843, 103, 1.0
23361.35283410515, 75, 1.0
23361.86005464341, 35, 1.0
23365.910904786037, 75, -1.0
23366.86980709043, 148, -1.0
23369.025210800617, 75, -1.0
23372.11125803192, 75, 1.0
23377.725066322848, 101, -1.0
23383.150476625073, 101, 1.0
23384.65755971335, 154, 1.0
23384.953401941853, 75, -1.0
23386.846170532597, 154, 1.0
23390.380670602717, 103, 1.0
23399.045674341603, 44, -1.0
23399.995058422082, 148, -1.0
23403.224497177853, 103, 1.0
23404.82865631945, 101, 1.0
23423.414350925064, 154, 1.0
23423.5171499638, 148, -1.0
23423.590987926644, 75, -1.0
23425.49686799769, 103, 1.0
23426.79070765661, 154, 1.0
23428.450031179207, 75, -1.0
23428.622980514225, 44, 1.0
23445.925983672478, 44, -1.0
23445.993503523685, 101, 1.0
23454.951271401904, 75, -1.0
23455.415332021992, 152, -1.0
23464.03529782691, 101, 1.0
23464.49580981372, 152, -1.0
23468.99497365001, 44, -1.0
23470.527571343686, 103, 1.0
23479.057976727785, 103, 1.0
23480.784812258553, 101, 1.0
23483.941349158336, 101, -1.0
23491.983876297207, 103, 1.0
23494.315867151407, 75, -1.0
23498.447749575367, 154, 1.0
23498.824896175585, 154, 1.0
23512.859235961692, 103, 1.0
23521.891828762673, 101, 1.0
23531.4495649098, 75, 1.0
23534.834216325627, 103, 1.0
23535.872194986856, 75, 1.0
23536.111213230877, 154, 1.0
23540.514291729996, 152, -1.0
23541.393855868428, 103, 1.0
23542.09748954591, 152, -1.0
23546.561596172123, 101, 1.0
23550.450013537127, 101, 1.0
23551.372391924848, 103, 1.0
23558.499574809666, 44, -1.0
23559.83422352506, 152, -1.0
23559.99836165615, 154, 1.0
23561.848964647903, 154, 1.0
23563.36234417247, 75, 1.0
23567.407360355966, 154, 1.0
23568.892802461338, 44, -1.0
23569.5513318907, 103, 1.0
23575.18950994576, 44, -1.0
23576.676499580535, 154, 1.0
23584.61073825438, 148, -1.0
23598.877387302735, 75, -1.0
23608.480018141403, 103, 1.0
23622.65822443753, 103, 1.0
23626.089071870658, 75, -1.0
23632.397925564026, 152, -1.0
23638.62670908313, 103, 1.0
23648.008345053993, 103, 1.0
23649.411817014723, 103, 1.0
23651.587120250904, 75, 1.0
23654.57330222212, 75, -1.0
23661.388509608732, 103, 1.0
23672.05688139811, 101, -1.0
23672.236225172535, 103, 1.0
23674.823775424116, 103, 1.0
23676.24956200952, 103, 1.0
23677.478355187242, 152, 1.0
23677.886688566407, 75, -1.0
23685.733389996043, 44, -1.0
23689.319957235148, 44, -1.0
23691.46893006075, 75, 1.0
23699.36670618103, 75, 1.0
23702.19586851511, 101, 1.0
23702.91448297425, 35, 1.0
23708.08755692214, 154, 1.0
23708.503463161614, 148, -1.0
23708.681221954565, 44, -1.0
23719.659121883422, 103, 1.0
23721.856486205274, 154, 1.0
23728.56646602938, 103, 1.0
23729.726443908276, 103, 1.0
23732.168076060654, 75, -1.0
23733.25985128125, 152, -1.0
23738.811268113528, 44, -1.0
23740.59883613882, 44, -1.0
23744.82985595328, 154, 1.0
23746.917362386754, 148, -1.0
23747.04231876642, 103, 1.0
23755.467468561867, 75, -1.0
23762.269312073728, 101, 1.0
23762.403361718916, 103, 1.0
23768.145525841184, 44, -1.0
23771.130046238923, 154, 1.0
23776.751149696735, 75, 1.0
23776.87986922799, 152, -1.0
23786.15759196037, 154, 1.0
23796.250150594216, 154, 1.0
23796.704514299232, 152, -1.0
23799.775409703572, 103, -1.0
23800.82104267678, 75, -1.0
23804.551337922603, 75, -1.0
23811.78151020454, 152, -1.0
23813.742220261276, 35, 1.0
23816.981915342498, 103, 1.0
23829.441522168487, 148, -1.0
23832.581693865566, 103, 1.0
23836.385181477286, 148, -1.0
23837.911150694308, 148, -1.0
23838.6315612778, 103, 1.0
23838.97693723736, 103, 1.0
23842.667500091113, 103, 1.0
23843.758539459126, 101, 1.0
23846.70862813067, 103, 1.0
23853.678946666023, 103, 1.0
23858.783247228046, 154, 1.0
23869.272830333135, 75, -1.0
23869.453751194367, 101, -1.0
23870.83884737357, 101, -1.0
23888.05673059365, 154, 1.0
23888.320088851622, 44, -1.0
23888.657246852417, 152, -1.0
23889.25868386682, 152, -1.0
23889.91752361368, 103, 1.0
23891.761440118597, 154, 1.0
23894.42543724342, 103, 1.0
23901.705794125766, 148, -1.0
23904.962758263777, 101, 1.0
23906.764921508435, 101, 1.0
23910.20905666912, 75, 1.0
23919.52539216873, 103, 1.0
23920.393908456692, 103, 1.0
23921.538645477624, 148, -1.0
23924.70126743517, 154, 1.0
23941.105896034947, 103, 1.0
23941.707932866164, 101, 1.0
23950.20395614713, 154, 1.0
23952.429501581708, 154, 1.0
23954.40360517604, 44, 1.0
23957.44693117217, 101, 1.0
23963.756249410206, 75, 1.0
23968.543842483963, 148, -1.0
23972.74682502947, 44, -1.0
23975.36627486393, 152, -1.0
23978.333545162106, 152, -1.0
23990.106383814767, 152, -1.0
23996.939651121753, 103, 1.0
23999.34603083332, 148, 1.0
24003.906301323303, 101, 1.0
24010.060463138914, 148, -1.0
24011.397758440486, 103, 1.0
24013.422413183034, 103, 1.0
24023.918615167833, 148, -1.0
24023.941441807216, 154, 1.0
24029.52494069207, 101, 1.0
24029.704997188986, 103, 1.0
24029.78558446597, 35, 1.0
24030.812521432457, 148, -1.0
24033.126173893834, 152, -1.0
24034.868795591505, 148, -1.0
24040.71013959127, 148, -1.0
24043.434434761544, 103, 1.0
24047.513301096016, 148, -1.0
24049.972183336384, 103, 1.0
24050.227692295473, 148, -1.0
24053.820092034603, 75, 1.0
24058.90886109335, 154, 1.0
24060.701493486493, 75, -1.0
24061.916903233203, 103, 1.0
24066.69166189, 35, 1.0
24066.728611591534, 148, -1.0
24074.45657111509, 152, -1.0
24080.18201433905, 154, 1.0
24081.289245466858, 101, -1.0
24084.256454232964, 75, -1.0
24089.25730841992, 154, 1.0
24101.50413091106, 152, -1.0
24104.45112210825, 148, 1.0
24106.645392919025, 154, 1.0
24107.82247916301, 101, -1.0
24110.744849787483, 75, -1.0
24118.397388535366, 103, 1.0
24128.512385310012, 101, 1.0
24136.271945461078, 75, -1.0
24142.019113218026, 101, 1.0
24144.740495884747, 75, -1.0
24150.191787687723, 152, -1.0
24160.209005382087, 152, -1.0
24160.78695549894, 103, 1.0
24163.200433312846, 103, 1.0
24180.01506171823, 103, 1.0
24180.281115223093, 101, 1.0
24181.421387504422, 154, 1.0
24183.905607259378, 154, 1.0
24187.78334976525, 75, -1.0
24197.354832947178, 75, -1.0
24197.872227229123, 75, 1.0
24198.691970621203, 103, 1.0
24200.267324084823, 101, 1.0
24205.48763782991, 103, 1.0
24217.018515817967, 154, 1.0
24225.786548848097, 103, 1.0
24226.97613504403, 101, 1.0
24231.825190811334, 101, 1.0
24233.15266115671, 152, -1.0
24235.026046871775, 44, -1.0
24236.33681198811, 148, 1.0
24241.25836273401, 103, 1.0
24241.850541861608, 44, -1.0
24243.131164988015, 44, 1.0
24250.482262754336, 75, 1.0
24250.799874640034, 44, -1.0
24253.860148097574, 101, 1.0
24254.047620572583, 148, -1.0
24254.37695339908, 103, 1.0
24259.628697417473, 103, -1.0
24260.5422111154, 154, 1.0
24262.740961617386, 152, -1.0
24266.690762631777, 154, 1.0
24272.225003337662, 75, 1.0
24273.671110016374, 152, -1.0
24274.455041576777, 152, -1.0
24277.82201896302, 103, 1.0
24279.924645987943, 101, 1.0
24285.73584660732, 75, 1.0
24290.926549420758, 75, 1.0
24292.224400728875, 44, 1.0
24296.59822871177, 154, 1.0
24301.696835521983, 154, 1.0
24305.627510719096, 103, 1.0
24305.75237245343, 103, 1.0
24308.9806002311, 103, 1.0
24309.918663469336, 154, 1.0
24314.265364936473, 103, 1.0
24318.369786922958, 44, -1.0
24327.526798643765, 35, 1.0
24330.86685076795, 103, 1.0
24332.67762505688, 103, 1.0
24335.15705928018, 75, 1.0
24340.312864989395, 101, -1.0
24341.358617267168, 101, 1.0
24343.850455783457, 154, 1.0
24352.734889715328, 154, 1.0
24355.67601036073, 152, -1.0
24363.30945101962, 152, -1.0
24383.728677334788, 101, -1.0
24407.89258816594, 101, -1.0
24419.001595154663, 44, -1.0
24423.202116062006, 103, 1.0
24426.884512004377, 75, 1.0
24427.939416190464, 101, -1.0
24432.18171496973, 101, 1.0
24433.944378095934, 103, 1.0
24438.016890388262, 103, 1.0
24441.897112238952, 103, 1.0
24444.685053811092, 101, 1.0
24445.388220621942, 75, 1.0
24452.262488126624, 101, 1.0
24454.529551437998, 101, 1.0
24455.69079214486, 35, -1.0
24463.066326889777, 101, 1.0
24470.71733035173, 103, 1.0
24473.384137380915, 75, 1.0
24473.7694633345, 44, -1.0
24480.979278116924, 154, 1.0
24488.723624948503, 75, -1.0
24491.985245247415, 103, 1.0
24493.827818372505, 103, 1.0
24500.294212829067, 152, -1.0
24500.475599430785, 154, 1.0
24502.58291374849, 101, -1.0
24504.821577583993, 44, -1.0
24507.816836373288, 103, 1.0
24508.709438485454, 103, 1.0
24515.311471411467, 103, 1.0
24524.490868474324, 154, 1.0
24530.832646481595, 44, -1.0
24536.16385202827, 103, 1.0
24539.094331024186, 44, -1.0
24542.804648756704, 44, -1.0
24551.188858569403, 35, 1.0
24561.111867200638, 103, 1.0
24563.64249341974, 103, 1.0
24569.43674386938, 154, 1.0
24570.23054110356, 152, -1.0
24572.48605261274, 148, -1.0
24573.028515048703, 44, -1.0
24574.677729403007, 44, -1.0
24577.3577216597, 75, -1.0
24588.337137194827, 103, 1.0
24590.000030896324, 103, 1.0
24590.333274814868, 103, 1.0
24597.122145333473, 35, 1.0
24600.99329585374, 148, -1.0
24605.095585170307, 148, -1.0
24606.14675580329, 103, 1.0
24609.49774338958, 75, 1.0
24612.21533330722, 75, -1.0
24613.677818098957, 44, -1.0
24617.885630240256, 152, -1.0
24626.37086468043, 103, 1.0
24640.372250052438, 103, 1.0
24650.37398040329, 152, -1.0
24651.33040810788, 44, -1.0
24653.173239127016, 44, -1.0
24654.02019193123, 103, 1.0
24656.53722165015, 75, 1.0
24659.7296190112, 154, 1.0
24661.275245531066, 103, 1.0
24681.008216476304, 103, 1.0
24682.10569396919, 152, -1.0
24689.821338659196, 103, -1.0
24700.51318645066, 75, -1.0
24715.107706610986, 44, -1.0
24716.45538545401, 103, 1.0
24716.632430490958, 154, 1.0
24719.129325753256, 154, 1.0
24724.39708528829, 101, 1.0
24724.424779565717, 148, -1.0
24736.920741469312, 148, -1.0
24740.307960858998, 35, -1.0
24742.769707057567, 148, -1.0
24744.2150757833, 101, 1.0
24750.192239813212, 154, 1.0
24750.751713836064, 154, 1.0
24754.316662165387, 152, -1.0
24756.48016260522, 154, 1.0
24759.456482152706, 152, -1.0
24760.358390619745, 103, 1.0
24762.380794588462, 148, -1.0
24762.79271714134, 103, 1.0
24763.34915637276, 101, -1.0
24767.572746387126, 75, -1.0
24772.341139137476, 101, 1.0
24777.29555256114, 101, -1.0
24779.080504791535, 101, 1.0
24782.625608031485, 101, 1.0
24788.18000900882, 44, -1.0
24793.72703366421, 103, 1.0
24796.086136384252, 148, -1.0
24801.13913095914, 148, 1.0
24802.347792673016, 103, 1.0
24805.807505680394, 103, -1.0
24806.92723027434, 101, 1.0
24809.447378307406, 103, 1.0
24815.076641225613, 148, -1.0
24815.423350058416, 44, -1.0
24817.739322506677, 152, -1.0
24821.641782436523, 148, 1.0
24829.790640405074, 103, 1.0
24831.016752799787, 44, 1.0
24836.08672423649, 101, 1.0
24837.37384184141, 103, -1.0
24841.320766365036, 75, 1.0
24842.198289245796, 154, 1.0
24849.942892343795, 152, -1.0
24853.65644951543, 103, 1.0
24859.060264128577, 103, 1.0
24859.544291692753, 103, 1.0
24869.243779629553, 154, 1.0
24870.44984999859, 152, -1.0
24871.41284471078, 103, 1.0
24872.865190388402, 75, 1.0
24882.99681526742, 103, 1.0
24882.997868631934, 75, 1.0
24885.190399661522, 148, -1.0
24887.791615113143, 154, 1.0
24898.49883515693, 154, 1.0
24901.00850104441, 101, -1.0
24904.143185792243, 154, 1.0
24908.532640800786, 101, -1.0
24913.105268533007, 75, -1.0
24915.726506737803, 101, -1.0
24931.63164048277, 148, -1.0
24935.273866011055, 152, -1.0
24937.10496209402, 75, 1.0
24939.35279441362, 101, 1.0
24940.57173749586, 75, -1.0
24943.077854452375, 152, 1.0
24948.105823980022, 44, -1.0
24960.58750599175, 44, -1.0
24962.85092439791, 154, 1.0
24964.94285942813, 152, -1.0
24966.09104407658, 103, 1.0
24972.26161361028, 103, 1.0
24980.409969615244, 148, 1.0
24983.942843936267, 103, 1.0
24985.761057201507, 75, -1.0
24989.02377236196, 103, 1.0
24997.842406144326, 103, 1.0
24999.006404519336, 75, -1.0
25000.880515985897, 103, 1.0
25003.52380579591, 152, -1.0
25005.73779571148, 44, -1.0
25006.109437387317, 44, -1.0
25017.689547871254, 152, -1.0
25019.579778798456, 154, 1.0
25025.261173028644, 103, 1.0
25031.773075298788, 103, -1.0
25041.446007439445, 75, 1.0
25043.689509098534, 148, -1.0
25050.395975413943, 154, 1.0
25050.5553648125, 103, 1.0
25050.94185040106, 101, 1.0
25051.227111460536, 44, -1.0
25059.65378798737, 154, 1.0
25061.738676225872, 103, 1.0
25069.403286669625, 152, -1.0
25074.29091470571, 103, 1.0
25074.692107698073, 35, 1.0
25077.910736218535, 103, 1.0
25079.418283634594, 154, 1.0
25081.350610821515, 75, 1.0
25082.404786371808, 154, 1.0
25086.5999863274, 154, 1.0
25087.22425855785, 75, -1.0
25095.030291471438, 44, -1.0
25095.41606007227, 152, -1.0
25101.310984217336, 152, -1.0
25104.764315021537, 101, -1.0
25106.939254053897, 154, 1.0
25108.740240960098, 154, 1.0
25110.88835181051, 103, 1.0
25111.743204326696, 154, 1.0
25114.156945614155, 35, 1.0
25126.943601510844, 75, 1.0
25134.43078318858, 103, 1.0
25135.09390919369, 101, 1.0
25135.74086230683, 101, 1.0
25136.734751579686, 152, -1.0
25165.59136977188, 44, -1.0
25165.60106269965, 103, 1.0
25175.193073268787, 44, 1.0
25175.96654932059, 103, 1.0
25179.04018831854, 75, -1.0
25182.744579499016, 75, 1.0
25188.843439198325, 75, -1.0
25189.378671537295, 103, 1.0
25191.037851670466, 103, 1.0
25192.039296442897, 75, -1.0
25195.7124603297, 154, 1.0
25196.184698721816, 148, -1.0
25197.040897192066, 101, 1.0
25199.677602123476, 75, -1.0
25210.57224568309, 103, 1.0
25211.552829473916, 75, 1.0
25216.9478157203, 103, 1.0
25230.265909671074, 75, -1.0
25231.998079277917, 35, 1.0
25240.47373893906, 101, 1.0
25244.41462527037, 103, 1.0
25287.107639639176, 75, 1.0
25290.73770086785, 35, -1.0
25297.743109038624, 152, -1.0
25304.58964403768, 103, 1.0
25310.08688118995, 103, 1.0
25313.05861997171, 103, -1.0
25324.14656717134, 44, -1.0
25327.05686428632, 103, 1.0
25328.999356959204, 35, -1.0
25332.74167417387, 103, 1.0
25335.230579130748, 154, -1.0
25342.64841573944, 101, 1.0
25350.53317281416, 103, 1.0
25355.31552861376, 103, 1.0
25362.647604191046, 44, -1.0
25364.499670089168, 101, 1.0
25368.00153824036, 103, 1.0
25369.88393973465, 152, 1.0
25378.093331341468, 103, 1.0
25380.505094664422, 75, -1.0
25382.40608625738, 103, 1.0
25389.6368790345, 148, 1.0
25390.91908391237, 103, 1.0
25391.014933793544, 103, 1.0
25393.219837810782, 101, 1.0
25393.95017594357, 101, 1.0
25407.14537343526, 152, -1.0
25422.625127774027, 101, 1.0
25430.37822081052, 35, -1.0
25435.380422108286, 75, 1.0
25440.348264374083, 101, 1.0
25456.637964967984, 44, -1.0
25456.932685837524, 154, 1.0
25458.60430009275, 35, -1.0
25462.883846256344, 103, 1.0
25468.241506802508, 152, -1.0
25468.267060277285, 154, 1.0
25477.617496498362, 154, 1.0
25483.019185240413, 154, 1.0
25504.8737380172, 35, -1.0
25513.35389775212, 101, 1.0
25529.058706504456, 103, 1.0
25529.623141027358, 148, -1.0
25534.02234674576, 101, 1.0
25535.611820469992, 103, 1.0
25538.932776801885, 75, 1.0
25552.43506040636, 101, 1.0
25553.400178993365, 152, -1.0
25561.181136436866, 35, -1.0
25562.27674172327, 103, 1.0
25565.00026506004, 103, 1.0
25573.67090489536, 35, -1.0
25581.41318410795, 35, -1.0
25584.596861899456, 44, -1.0
25584.70741567468, 101, 1.0
25589.78988467713, 103, 1.0
25592.285557202296, 101, 1.0
25597.123533975802, 75, 1.0
25597.76053742851, 154, 1.0
25612.582499017117, 148, 1.0
25626.36927741087, 154, 1.0
25641.43564263246, 101, 1.0
25647.34106571629, 101, 1.0
25647.61100828453, 103, 1.0
25650.709504625553, 35, -1.0
25654.630979028047, 148, -1.0
25655.17735027488, 154, 1.0
25655.88145102332, 152, -1.0
25659.652265230976, 44, -1.0
25659.875237358756, 35, -1.0
25663.602622451792, 75, 1.0
25669.760030897705, 154, -1.0
25669.96168038099, 101, 1.0
25670.028526107315, 103, 1.0
25673.204822930555, 152, 1.0
25675.488053739056, 152, 1.0
25676.42769046349, 75, -1.0
25681.60641436984, 103, 1.0
25684.4059852031, 103, -1.0
25687.320055983175, 154, 1.0
25694.693756385386, 75, 1.0
25700.6357818053, 35, -1.0
25702.554713362082, 101, 1.0
25703.821610109222, 152, -1.0
25705.96576223546, 103, 1.0
25706.016158689665, 75, -1.0
25713.257971453982, 152, -1.0
25715.952781629036, 101, 1.0
25722.04893736102, 148, -1.0
25729.076015982326, 152, -1.0
25731.39610419776, 75, -1.0
25735.876746522667, 154, 1.0
25737.983512293686, 35, -1.0
25738.96839541774, 35, -1.0
25741.971809441475, 152, -1.0
25743.209274332494, 35, -1.0
25749.47067355353, 75, 1.0
25751.270185368263, 152, 1.0
25759.712039238624, 44, -1.0
25778.09056014839, 103, 1.0
25779.56882597036, 154, 1.0
25780.13541213851, 75, -1.0
25780.467304553244, 101, 1.0
25781.200878683605, 148, -1.0
25784.198633728916, 103, -1.0
25786.91756884933, 35, 1.0
25793.668547681264, 35, -1.0
25794.95433775209, 101, -1.0
25797.422554597182, 152, 1.0
25801.416812433563, 103, 1.0
25802.343453334885, 148, -1.0
25805.156664137543, 75, 1.0
25806.094726085183, 154, -1.0
25807.776685472767, 35, 1.0
25810.583940954995, 103, -1.0
25811.4248945833, 35, -1.0
25812.124233102364, 44, -1.0
25814.099693254506, 152, -1.0
25816.043390704504, 44, 1.0
25816.50264027928, 101, 1.0
25820.589182236967, 35, -1.0
25828.73602880255, 103, 1.0
25838.156147357713, 35, -1.0
25842.361807754274, 103, 1.0
25875.663957196994, 154, 1.0
25880.044067685463, 148, -1.0
25882.54285711112, 154, 1.0
25885.74550927205, 35, -1.0
25901.3985144932, 101, 1.0
25909.129922800028, 148, -1.0
25910.35191867524, 154, 1.0
25923.382977758163, 75, -1.0
25927.751955859105, 103, -1.0
25934.599437355722, 35, -1.0
25935.44630156377, 103, 1.0
25938.19829090633, 75, -1.0
25939.609821106496, 75, -1.0
25939.7888237078, 101, 1.0
25945.856740587842, 44, -1.0
25952.509291924478, 103, 1.0
25953.228990070227, 35, -1.0
25958.632514833866, 152, -1.0
25958.693985675134, 35, 1.0
25959.08308331236, 148, -1.0
25959.93275051168, 101, 1.0
25969.916064112716, 148, -1.0
25970.91236210482, 75, 1.0
25972.59737096515, 148, -1.0
25976.56877922321, 101, 1.0
25976.821735112127, 103, 1.0
25977.18927895666, 35, -1.0
25982.411822625283, 152, -1.0
25985.029907564975, 35, 1.0
25996.41041736577, 154, -1.0
26002.92267882755, 152, -1.0
26005.81113444741, 44, 1.0
26011.94481916889, 148, -1.0
26012.306047053593, 101, 1.0
26015.658595644367, 154, 1.0
26016.471352453293, 154, 1.0
26022.998501358543, 103, 1.0
26031.980669127068, 154, 1.0
26040.28464070205, 103, 1.0
26042.154109311887, 154, 1.0
26047.558189615338, 44, -1.0
26048.673403711273, 152, 1.0
26051.218480028947, 154, 1.0
26051.548986192036, 35, -1.0
26069.056878487623, 103, 1.0
26069.618254040437, 152, -1.0
26071.26574495895, 152, -1.0
26076.665045102316, 148, -1.0
26078.176169916525, 101, -1.0
26083.26220590871, 35, -1.0
26084.437249338276, 148, -1.0
26085.676163259555, 148, -1.0
26085.76406649797, 152, 1.0
26085.872731322368, 75, -1.0
26095.52065238663, 152, 1.0
26103.11913899631, 75, -1.0
26107.02109935372, 103, 1.0
26109.02482594375, 35, -1.0
26125.056108083958, 103, 1.0
26136.83302264436, 154, 1.0
26141.41305723283, 35, -1.0
26141.90454066712, 35, -1.0
26146.354554676025, 148, -1.0
26146.695920174694, 35, -1.0
26148.40811572748, 152, -1.0
26151.714472805954, 44, -1.0
26152.075369854916, 75, 1.0
26159.988748830277, 75, -1.0
26161.814100702984, 35, -1.0
26174.60233341808, 154, 1.0
26175.237896974933, 35, 1.0
26175.771201592655, 103, 1.0
26192.099342634498, 101, -1.0
26192.354879206374, 103, 1.0
26203.149553569132, 35, -1.0
26203.784141506865, 154, 1.0
26206.111373480897, 75, 1.0
26207.513207651416, 75, 1.0
26211.439944876325, 103, 1.0
26212.45203055944, 154, 1.0
26213.596121050625, 101, 1.0
26223.607078265974, 152, 1.0
26224.75163845211, 154, 1.0
26228.63218461074, 148, -1.0
26233.861538702462, 154, 1.0
26234.28711382203, 35, -1.0
26236.82387272288, 75, 1.0
26237.566538815343, 35, -1.0
26247.06824423053, 154, 1.0
26250.69781587168, 35, -1.0
26260.640769738315, 101, 1.0
26291.459906161803, 148, -1.0
26300.925165283414, 103, 1.0
26312.122556822997, 75, -1.0
26312.988863030674, 35, -1.0
26319.61449341666, 44, 1.0
26322.75706176708, 152, 1.0
26330.528253010874, 101, 1.0
26334.914607848295, 103, 1.0
26346.07932718044, 152, -1.0
26351.33468865415, 75, -1.0
26362.365765054936, 44, -1.0
26367.20204717048, 101, 1.0
26368.07687504104, 75, -1.0
26368.628800416438, 35, 1.0
26369.840230164053, 35, -1.0
26372.655953725847, 154, 1.0
26379.928792746894, 75, 1.0
26387.584285873043, 148, -1.0
26390.135318076453, 103, 1.0
26397.72324742139, 101, 1.0
26401.579511452812, 154, 1.0
26403.865430741094, 75, 1.0
26407.02447092647, 75, 1.0
26412.467674811553, 101, 1.0
26421.624760758543, 75, 1.0
26424.455479710923, 35, -1.0
26425.060356501606, 148, -1.0
26427.514364998493, 75, 1.0
26436.32175031013, 103, 1.0
26436.583862453157, 44, 1.0
26437.121040931317, 101, 1.0
26445.73682038377, 44, -1.0
26448.220300552173, 44, 1.0
26448.608468940838, 75, -1.0
26452.32872965301, 103, 1.0
26453.08279753651, 148, -1.0
26461.25055910003, 148, -1.0
26472.984847305917, 75, -1.0
26477.863943090404, 35, -1.0
26487.439860995797, 35, -1.0
26488.89956625654, 35, -1.0
26491.438699160706, 152, 1.0
26493.379243525225, 148, -1.0
26496.28763521167, 152, 1.0
26499.227730095212, 44, -1.0
26506.676792320948, 35, -1.0
26510.98620233465, 103, 1.0
26515.75926137945, 44, 1.0
26516.230425459133, 75, 1.0
26517.849068989304, 103, 1.0
26522.91564873739, 35, -1.0
26523.13166227612, 101, 1.0
26524.80013398584, 101, -1.0
26530.452262832972, 154, 1.0
26535.342965772816, 148, -1.0
26549.06233220094, 103, 1.0
26552.4925421732, 35, -1.0
26560.65588712359, 148, -1.0
26561.964279556087, 35, 1.0
26563.47602601098, 75, -1.0
26566.625062955933, 103, 1.0
26567.09851223286, 75, -1.0
26574.066810479504, 103, 1.0
26576.32831265055, 103, 1.0
26578.56419271877, 75, 1.0
26586.18907550147, 103, 1.0
26586.849973095686, 35, 1.0
26587.024782613673, 154, 1.0
26589.000954919247, 75, 1.0
26596.351197959157, 152, -1.0
26598.203472176843, 154, 1.0
26598.24740202404, 154, 1.0
26600.285201586, 35, 1.0
26601.17720971169, 44, -1.0
26602.81302183463, 101, 1.0
26618.137679773958, 75, 1.0
26622.272040460794, 103, 1.0
26622.394229337002, 154, 1.0
26624.27291458253, 103, 1.0
26627.20863224555, 75, -1.0
26628.803160392265, 75, 1.0
26632.64229447647, 103, 1.0
26635.11285513177, 44, -1.0
26638.539415957348, 154, 1.0
26643.822332974287, 75, 1.0
26643.828132876824, 75, 1.0
26646.007537102734, 101, 1.0
26646.56834452675, 101, 1.0
26651.60153123546, 103, 1.0
26653.982599154184, 101, 1.0
26669.654268364437, 154, 1.0
26676.4470923362, 154, 1.0
26679.846851168637, 103, 1.0
26680.206854488777, 103, 1.0
26682.322333389322, 101, 1.0
26687.024006697324, 101, 1.0
26687.06050765343, 148, -1.0
26690.490499748765, 101, -1.0
26693.697864282964, 44, -1.0
26706.940261394728, 103, 1.0
26718.356135524486, 154, -1.0
26724.655187922435, 103, 1.0
26725.546169292247, 152, -1.0
26736.603528338765, 148, -1.0
26738.922694845314, 154, 1.0
26742.667634351114, 35, -1.0
26751.45919131909, 152, -1.0
26754.045273822005, 35, 1.0
26758.820908384947, 103, 1.0
26760.638481631002, 148, -1.0
26762.31153798471, 103, -1.0
26765.353612521878, 152, -1.0
26775.775140840295, 103, 1.0
26782.11297386201, 35, -1.0
26783.1757743099, 101, 1.0
26783.203763198944, 44, 1.0
26813.731492506136, 35, -1.0
26818.730268920124, 103, 1.0
26820.059390352904, 103, 1.0
26820.992425747285, 103, 1.0
26821.935232748085, 35, -1.0
26823.205798381892, 154, 1.0
26823.971163608043, 148, -1.0
26831.739019543053, 75, -1.0
26836.8826733666, 103, 1.0
26846.97782310909, 44, -1.0
26854.8095169145, 101, 1.0
26856.204797304257, 75, 1.0
26857.64097669644, 101, -1.0
26858.222168337485, 103, 1.0
26860.28373515437, 75, 1.0
26869.769621609776, 75, -1.0
26870.617616763735, 101, 1.0
26871.4409761687, 103, 1.0
26874.202621004435, 101, 1.0
26877.54690823171, 103, 1.0
26879.414510024693, 103, 1.0
26879.48295018408, 75, -1.0
26880.467493076285, 103, 1.0
26880.70164107575, 35, 1.0
26884.64364557371, 148, -1.0
26891.138928246484, 101, 1.0
26903.78485469763, 154, 1.0
26909.70870257813, 75, 1.0
26910.34713009519, 75, 1.0
26912.19974142244, 148, -1.0
26915.49457678458, 103, -1.0
26918.889332459486, 154, 1.0
26920.19808213311, 152, -1.0
26936.873155737467, 154, 1.0
26951.044865865984, 154, 1.0
26955.17730983907, 103, 1.0
26961.72325716682, 152, -1.0
26965.42771827987, 103, 1.0
26967.834224330516, 75, 1.0
26977.39863243867, 75, 1.0
26981.13395465897, 154, 1.0
26987.326592399288, 75, -1.0
26988.503627537742, 154, -1.0
26988.774456346433, 75, 1.0
26992.9407340464, 103, 1.0
26995.05834495158, 75, -1.0
26998.45227530021, 75, -1.0
26999.565181288126, 101, 1.0
27000.019742950913, 103, 1.0
27012.482606999856, 152, -1.0
27022.973622057187, 101, 1.0
27026.6163713266, 75, -1.0
27034.08761841007, 152, -1.0
27038.215661939525, 44, 1.0
27038.46821785416, 35, -1.0
27039.25068236628, 101, 1.0
27043.64241017623, 103, 1.0
27044.403098577295, 154, 1.0
27053.628045206533, 35, 1.0
27064.109650331775, 154, -1.0
27069.87740327686, 75, 1.0
27070.716957568897, 103, 1.0
27077.95807659758, 101, 1.0
27083.158124607813, 103, -1.0
27087.23461926903, 75, -1.0
27097.58254000262, 75, 1.0
27105.076189261188, 44, -1.0
27110.412351868235, 35, 1.0
27116.54094030783, 103, -1.0
27117.066909521596, 35, -1.0
27119.39695595865, 103, 1.0
27124.831451083577, 75, 1.0
27137.377156929968, 154, -1.0
27143.63098286658, 154, -1.0
27150.9090755946, 75, 1.0
27152.915184499612, 35, -1.0
27157.06958521432, 148, -1.0
27173.403242934368, 75, 1.0
27174.09089623518, 103, 1.0
27175.077936818936, 154, 1.0
27178.43077086522, 103, 1.0
27181.039543347717, 35, -1.0
27187.626241793834, 103, 1.0
27189.73186767881, 103, 1.0
27190.82035614946, 148, -1.0
27200.434970720926, 103, 1.0
27213.597224445297, 75, 1.0
27217.91197857598, 44, -1.0
27229.50518936518, 103, 1.0
27232.909867292783, 101, 1.0
27244.575456248138, 103, -1.0
27245.62639265877, 154, 1.0
27245.959389942516, 35, 1.0
27246.384359959524, 103, 1.0
27246.966701501282, 154, 1.0
27248.900228030263, 75, 1.0
27250.812253458465, 75, 1.0
27251.260262183885, 35, -1.0
27253.253537105156, 152, -1.0
27265.80974724079, 35, -1.0
27265.85634628998, 103, 1.0
27267.842510723607, 103, 1.0
27269.618681631946, 35, -1.0
27272.850993594977, 148, -1.0
27273.24894829693, 103, 1.0
27274.99128824627, 103, 1.0
27278.304191387662, 152, -1.0
27284.42676522873, 75, 1.0
27287.124296338436, 152, -1.0
27289.34411255687, 101, -1.0
27291.03696816842, 75, 1.0
27293.29527305734, 35, -1.0
27304.407549640593, 44, -1.0
27308.713987693754, 44, -1.0
27320.20169669702, 152, 1.0
27321.207962205546, 75, 1.0
27321.550367913904, 103, 1.0
27323.51830562505, 103, 1.0
27325.38369131518, 44, 1.0
27328.007250723873, 103, 1.0
27339.288756638598, 154, 1.0
27339.48108934176, 103, 1.0
27340.20657237593, 103, 1.0
27365.360168226292, 75, 1.0
27369.162373216084, 148, -1.0
27380.448747814753, 154, 1.0
27382.526171572394, 44, -1.0
27390.180685538027, 103, 1.0
27402.967569382276, 44, 1.0
27414.152465042447, 148, -1.0
27416.313803603804, 152, 1.0
27420.378188018956, 44, -1.0
27421.72662011815, 75, 1.0
27423.521108538123, 103, -1.0
27427.502281248268, 148, -1.0
27431.979899363152, 75, -1.0
27432.430276982395, 44, 1.0
27438.43553726155, 75, -1.0
27446.21865118348, 75, -1.0
27458.55515539924, 44, 1.0
27463.529556986417, 44, -1.0
27469.50244421021, 35, -1.0
27472.840566611558, 35, -1.0
27473.43296268688, 103, 1.0
27474.50025530551, 75, 1.0
27481.016794638173, 35, -1.0
27481.401037917654, 35, 1.0
27485.698902390974, 103, 1.0
27493.337464664637, 75, 1.0
27493.703710193637, 35, -1.0
27495.67556731311, 152, 1.0
27513.479831868837, 75, 1.0
27527.767337608697, 35, -1.0
27541.78410867945, 44, -1.0
27569.831197466654, 103, 1.0
27595.692291418072, 103, 1.0
27596.10809628941, 152, 1.0
27626.573162598495, 75, 1.0
27651.83900663932, 148, -1.0
27652.487249891325, 154, 1.0
27652.594479116073, 154, -1.0
27654.770504810735, 44, -1.0
27657.767470737854, 152, -1.0
27663.099471532438, 35, 1.0
27664.239295556454, 148, -1.0
27664.65751434265, 154, 1.0
27667.260327055857, 75, 1.0
27680.777103485172, 101, 1.0
27699.20463955364, 103, 1.0
27702.144737559185, 103, 1.0
27713.59842200599, 103, -1.0
27716.650149605237, 75, -1.0
27719.008560611743, 35, -1.0
27722.52468406321, 75, 1.0
27726.923384814952, 154, 1.0
27732.15115540645, 35, 1.0
27740.52655685224, 75, -1.0
27741.589000167707, 35, 1.0
27742.501858126103, 75, -1.0
27747.868514752914, 148, -1.0
27749.896805338354, 154, 1.0
27750.37696179312, 103, -1.0
27760.65420147149, 44, 1.0
27763.177521168618, 103, 1.0
27770.4626009666, 152, -1.0
27773.120720053666, 75, -1.0
27785.90982340359, 148, -1.0
27809.5192391917, 103, 1.0
27813.468287325144, 75, 1.0
27814.714280785076, 44, -1.0
27815.961470960254, 103, 1.0
27816.34764786823, 154, -1.0
27823.013647209274, 154, 1.0
27824.26972918089, 75, 1.0
27831.346630903627, 103, 1.0
27833.29568454771, 152, 1.0
27833.935792389333, 101, -1.0
27840.102921941507, 154, -1.0
27849.865698156435, 35, -1.0
27854.534568518848, 44, 1.0
27874.072875015114, 103, 1.0
27879.48960774083, 103, 1.0
27880.124259390497, 101, 1.0
27884.40078833443, 75, -1.0
27888.627572796886, 103, 1.0
27892.939086361224, 101, 1.0
27893.445847162213, 35, -1.0
27893.696359223188, 103, 1.0
27896.428623970824, 148, -1.0
27916.580194291408, 103, 1.0
27922.522779163086, 103, 1.0
27925.76555040775, 152, -1.0
27926.070474833774, 103, -1.0
27928.246470476624, 154, 1.0
27928.298591542178, 101, 1.0
27930.188638754535, 148, -1.0
27931.68227228652, 35, -1.0
27937.907303686035, 154, 1.0
27948.94203785788, 35, -1.0
27951.45655027499, 103, 1.0
27956.48861388627, 148, -1.0
27957.45400757462, 35, -1.0
27957.506750262586, 154, 1.0
27965.194368834054, 152, -1.0
27966.803148060764, 148, -1.0
27979.930742914417, 154, -1.0
27980.39530485458, 75, -1.0
27982.735033603614, 75, -1.0
27984.835899278627, 152, -1.0
27989.212374998227, 44, 1.0
27992.17937249454, 75, 1.0
28001.812402462372, 103, 1.0
28006.819850764303, 101, 1.0
28008.114306571624, 103, 1.0
28010.036547674532, 35, -1.0
28013.872762973813, 148, -1.0
28019.27935879407, 152, 1.0
28024.00486829647, 35, 1.0
28025.95824941505, 154, -1.0
28030.055780749743, 103, 1.0
28037.24009446881, 154, 1.0
28038.823157488365, 75, 1.0
28047.718517154368, 101, -1.0
28054.949160857388, 154, 1.0
28060.253129724235, 75, 1.0
28060.643534429884, 101, 1.0
28060.809141835904, 75, -1.0
28068.534388066848, 75, 1.0
28088.56633180151, 148, -1.0
28090.33247380921, 148, -1.0
28091.682768355768, 101, 1.0
28097.99649862299, 103, 1.0
28100.43334547639, 75, 1.0
28104.608744948193, 154, 1.0
28118.20462826659, 35, 1.0
28119.631706103482, 103, 1.0
28124.376577178104, 75, -1.0
28125.952834135744, 101, 1.0
28128.139495571766, 75, 1.0
28130.81562105967, 75, 1.0
28131.923549537267, 148, 1.0
28137.14869306631, 101, 1.0
28141.854245325238, 44, -1.0
28152.90058225059, 35, -1.0
28162.028269379658, 154, 1.0
28162.60381768107, 75, 1.0
28164.617797558596, 152, -1.0
28169.848010912825, 103, 1.0
28173.34176630123, 103, -1.0
28175.321888675026, 35, -1.0
28177.642979873825, 148, -1.0
28181.21266906707, 35, -1.0
28184.772007642223, 101, 1.0
28191.693917157692, 103, 1.0
28196.32328633121, 44, -1.0
28198.44686580384, 35, -1.0
28199.139119964395, 103, 1.0
28200.294546399822, 35, -1.0
28201.125685824518, 148, -1.0
28204.77710372908, 35, -1.0
28206.510751391845, 75, 1.0
28206.99976213182, 103, -1.0
28211.416991225404, 148, -1.0
28220.260131180177, 103, 1.0
28221.12205687013, 75, -1.0
28222.304592558412, 103, 1.0
28232.992218890406, 75, 1.0
28233.807495972284, 75, 1.0
28244.00597869479, 103, 1.0
28249.75995708158, 75, 1.0
28253.283324764692, 154, 1.0
28256.014763184256, 101, 1.0
28258.934856264816, 75, 1.0
28263.391277078703, 154, 1.0
28265.740201915694, 154, 1.0
28277.405280230996, 35, -1.0
28278.783941025787, 103, 1.0
28280.137059002074, 103, 1.0
28284.318051785256, 154, 1.0
28292.147007559495, 154, 1.0
28302.738990542763, 103, 1.0
28306.20982493326, 44, -1.0
28308.6858898964, 152, -1.0
28310.266189567665, 148, -1.0
28315.71734051416, 103, 1.0
28319.716673037987, 148, 1.0
28323.77683105417, 103, -1.0
28324.70909709545, 103, 1.0
28326.108525807955, 154, 1.0
28333.030414992383, 75, 1.0
28333.920638903714, 154, -1.0
28334.81813560696, 148, -1.0
28335.034987083, 154, 1.0
28336.312221571134, 154, 1.0
28336.941894392858, 103, 1.0
28337.263657864867, 75, 1.0
28340.742200287736, 148, -1.0
28341.49945454467, 75, 1.0
28353.033048621277, 101, 1.0
28353.32131819142, 103, 1.0
28356.491947931492, 103, 1.0
28368.794053224134, 103, 1.0
28380.432879981072, 75, -1.0
28387.80602093817, 103, 1.0
28398.627671121943, 35, -1.0
28400.57394472909, 101, 1.0
28402.92657281034, 154, 1.0
28404.17438657455, 148, -1.0
28409.89129333523, 44, -1.0
28414.781676087365, 103, 1.0
28421.17446684083, 148, 1.0
28422.181613121156, 103, 1.0
28425.492854566284, 103, 1.0
28439.815508183125, 154, 1.0
28446.931974764622, 154, 1.0
28456.497717676353, 152, -1.0
28458.11623291271, 75, -1.0
28465.131586641903, 148, -1.0
28479.412772613436, 101, 1.0
28487.6394294939, 103, 1.0
28491.828384768134, 148, -1.0
28493.86476261313, 154, 1.0
28495.463103843613, 35, -1.0
28503.385138865033, 103, 1.0
28505.69674456835, 35, -1.0
28507.31965819559, 101, -1.0
28508.72015023831, 101, 1.0
28510.93352708001, 75, 1.0
28521.556324925965, 103, 1.0
28527.861326978687, 154, -1.0
28528.129983269944, 75, -1.0
28534.901745216535, 154, 1.0
28539.85959741574, 103, 1.0
28545.787592380613, 101, 1.0
28545.791039299715, 103, -1.0
28551.262184786778, 148, -1.0
28561.16138282288, 101, 1.0
28562.283728090668, 75, 1.0
28568.24982348595, 75, 1.0
28569.373514299896, 154, 1.0
28577.255092013205, 154, 1.0
28579.756832986943, 44, -1.0
28581.069356448934, 101, 1.0
28584.493920211742, 103, 1.0
28584.6305863213, 35, -1.0
28590.80637197464, 35, 1.0
28592.128459322917, 152, -1.0
28592.86406496031, 35, -1.0
28595.938067094492, 101, 1.0
28597.189500332064, 44, -1.0
28599.488434329236, 35, 1.0
28602.468724164013, 148, -1.0
28612.55059741753, 75, -1.0
28616.696960969275, 103, -1.0
28624.657863478213, 35, -1.0
28626.423403192035, 103, 1.0
28629.43221997547, 75, 1.0
28638.941907865672, 152, -1.0
28650.66523776819, 148, -1.0
28651.579075446876, 75, -1.0
28651.61157231103, 152, -1.0
28660.62838137736, 152, -1.0
28663.774593965274, 35, -1.0
28682.77148330342, 148, 1.0
28686.39390173409, 75, -1.0
28686.92940667654, 75, -1.0
28692.42147491138, 44, -1.0
28695.36973742119, 152, -1.0
28714.313263403124, 35, -1.0
28714.99441429932, 75, 1.0
28721.166420582664, 44, -1.0
28722.805792822826, 44, 1.0
28725.076814083448, 152, -1.0
28725.837146420086, 154, 1.0
28731.323891353266, 44, -1.0
28731.338747691272, 152, -1.0
28735.85332319496, 35, -1.0
28735.862491264117, 154, -1.0
28737.010294663596, 152, -1.0
28741.895780545463, 35, -1.0
28743.048785646137, 44, -1.0
28745.320175496465, 154, 1.0
28768.02610992081, 103, 1.0
28792.818832747318, 35, -1.0
28810.091734662423, 35, -1.0
28813.012322037903, 75, -1.0
28816.095897774958, 103, 1.0
28816.860059857216, 44, 1.0
28822.656640887042, 35, 1.0
28826.146394152493, 152, 1.0
28829.652353940255, 103, 1.0
28835.72765267833, 101, 1.0
28838.44022204216, 148, -1.0
28842.356595069206, 75, -1.0
28846.6122130909, 35, 1.0
28853.453140448655, 75, -1.0
28854.68348775859, 75, -1.0
28855.876270317272, 152, 1.0
28856.66623941399, 103, 1.0
28859.697615796842, 75, 1.0
28866.682780824496, 148, 1.0
28875.229038125977, 75, -1.0
28875.585291096922, 35, 1.0
28884.06822163941, 35, -1.0
28892.55525077794, 103, 1.0
28897.43666760075, 103, 1.0
28902.47328481337, 101, -1.0
28915.118509311764, 75, 1.0
28919.103511527872, 148, -1.0
28920.500618785863, 103, 1.0
28922.9165596664, 75, 1.0
28923.38261467489, 148, -1.0
28924.7211089577, 152, -1.0
28928.825222871936, 154, 1.0
28933.17619577102, 154, 1.0
28943.993232390647, 75, 1.0
28947.416665138033, 152, -1.0
28955.40518756486, 154, 1.0
28962.79130390929, 148, -1.0
28969.219245335804, 35, -1.0
28973.609999674405, 148, -1.0
28979.334540217686, 154, -1.0
28979.567739906433, 103, 1.0
28990.518598548264, 103, 1.0
28991.368439951337, 101, 1.0
28992.049542398545, 35, -1.0
28996.36238446665, 148, -1.0
28998.83426296803, 75, 1.0
29000.559636600912, 103, 1.0
29004.368510389086, 44, 1.0
29011.21119797014, 103, 1.0
29011.753425336447, 101, -1.0
29012.163423704224, 35, -1.0
29015.11855302392, 35, -1.0
29022.687918175496, 101, -1.0
29024.703903121343, 75, 1.0
29025.512566834215, 35, -1.0
29025.975300181526, 152, 1.0
29035.919108887305, 103, 1.0
29036.468196501854, 35, 1.0
29036.4722136738, 35, -1.0
29040.623127032228, 152, 1.0
29048.02685122839, 101, 1.0
29048.597476856954, 148, -1.0
29048.75155544493, 148, -1.0
29062.02276727122, 148, 1.0
29070.8113255206, 148, -1.0
29071.918950641855, 103, 1.0
29078.687944458856, 35, -1.0
29081.461183581603, 148, -1.0
29082.92688644972, 152, -1.0
29085.63618922769, 75, 1.0
29086.169362038712, 154, 1.0
29091.115047351304, 35, -1.0
29091.11627733786, 148, -1.0
29091.177238967517, 75, -1.0
29095.381570285062, 35, 1.0
29099.116035833933, 35, -1.0
29102.75506907559, 101, -1.0
29106.843654323035, 103, 1.0
29112.828758325413, 152, -1.0
29113.64591465923, 35, -1.0
29117.519526643693, 75, 1.0
29118.204088687806, 35, -1.0
29118.706827168076, 154, 1.0
29121.07218341584, 75, -1.0
29123.33522164156, 75, 1.0
29136.621217424723, 75, 1.0
29146.56880278134, 148, -1.0
29150.377538467455, 101, 1.0
29152.227780953883, 154, 1.0
29164.98822504855, 75, 1.0
29166.916977099983, 152, -1.0
29172.517735876634, 101, -1.0
29187.63666177296, 148, -1.0
29189.72311718459, 101, 1.0
29195.222354923364, 101, -1.0
29195.859935681732, 75, 1.0
29196.556244310315, 75, 1.0
29197.42403146589, 154, 1.0
29197.94094372399, 152, 1.0
29200.239581983995, 35, 1.0
29201.71466187689, 75, 1.0
29204.097122086732, 154, 1.0
29209.40003315904, 152, -1.0
29209.686394114902, 154, 1.0
29211.973010290825, 101, 1.0
29217.088737543905, 35, -1.0
29218.49336325834, 35, 1.0
29225.348395796147, 103, 1.0
29235.213484027678, 101, 1.0
29248.195089372726, 152, -1.0
29249.10638080068, 152, 1.0
29262.858307659426, 154, 1.0
29264.309266464334, 152, -1.0
29278.273852408256, 148, -1.0
29279.624563774545, 35, 1.0
29289.12022677669, 152, 1.0
29298.937642940942, 103, 1.0
29299.338558406183, 148, -1.0
29299.907822751986, 35, -1.0
29301.653294136904, 103, -1.0
29304.98310847691, 152, -1.0
29307.36201091448, 35, 1.0
29309.19723688427, 35, -1.0
29309.392771097806, 152, -1.0
29316.41234732933, 103, 1.0
29319.688858140853, 75, 1.0
29320.820990880606, 103, 1.0
29332.87589201312, 148, -1.0
29334.132900444438, 35, -1.0
29339.782209389225, 35, 1.0
29340.307879989625, 75, 1.0
29340.50798161736, 75, 1.0
29342.70783887306, 154, 1.0
29343.095082490545, 103, 1.0
29345.452689359325, 103, -1.0
29353.00034667808, 35, 1.0
29355.187067898452, 103, 1.0
29356.912540652327, 101, -1.0
29358.612001227237, 154, 1.0
29365.74089277848, 103, 1.0
29365.961503410024, 35, -1.0
29369.071561684203, 103, 1.0
29370.483381299753, 101, -1.0
29378.021791848674, 35, 1.0
29379.36302885376, 101, -1.0
29379.637323419214, 154, 1.0
29384.714131119334, 103, -1.0
29388.380955039785, 75, 1.0
29393.70674964141, 101, 1.0
29395.67251181909, 154, 1.0
29397.69467068381, 75, 1.0
29398.12447906487, 103, 1.0
29410.26798898248, 148, -1.0
29415.71750188855, 101, -1.0
29417.610654256085, 75, 1.0
29426.373736623755, 154, 1.0
29437.498813724847, 101, -1.0
29440.57206206894, 44, 1.0
29442.08767759639, 75, 1.0
29444.457967932587, 103, 1.0
29444.90189703133, 154, -1.0
29450.030967930295, 103, 1.0
29459.512552527423, 152, -1.0
29464.08545301525, 101, 1.0
29465.643233410552, 152, 1.0
29467.164858963362, 75, 1.0
29469.312764486902, 35, -1.0
29471.981256246894, 101, 1.0
29480.454304837964, 103, 1.0
29487.655766542553, 154, 1.0
29492.29204177737, 103, 1.0
29508.222966385845, 154, -1.0
29510.134684732093, 152, -1.0
29515.26433139477, 154, -1.0
29517.36124086455, 154, 1.0
29532.062918890544, 75, 1.0
29534.49320291855, 101, -1.0
29536.977910735648, 152, -1.0
29539.061646470615, 148, -1.0
29539.65032741493, 152, -1.0
29541.042745102088, 152, 1.0
29544.195447979706, 35, -1.0
29549.251180123472, 154, 1.0
29557.989320302135, 101, -1.0
29565.16643357299, 148, -1.0
29565.92706048396, 103, 1.0
29569.259883679562, 101, 1.0
29573.224186541895, 103, -1.0
29574.767720279622, 101, 1.0
29590.165534668264, 44, 1.0
29592.97332693054, 103, 1.0
29602.553355240703, 75, 1.0
29606.56872416738, 154, 1.0
29612.637484810224, 101, 1.0
29614.03700527612, 35, 1.0
29616.334922868875, 103, -1.0
29617.805050727122, 44, 1.0
29619.26717387914, 101, 1.0
29621.01959549513, 154, 1.0
29623.768327637576, 103, 1.0
29624.42496269086, 101, 1.0
29626.333035221214, 35, -1.0
29626.618759089335, 101, -1.0
29628.147276440573, 103, 1.0
29630.40581728429, 103, 1.0
29632.461883917997, 152, 1.0
29636.657050391117, 154, 1.0
29637.19178734766, 148, -1.0
29641.250688600107, 75, 1.0
29648.984239180376, 101, 1.0
29651.50161801243, 154, 1.0
29667.169566613076, 75, 1.0
29670.29278392535, 101, 1.0
29677.622405588634, 103, 1.0
29682.3513819991, 154, 1.0
29682.691223626487, 148, -1.0
29691.69617776313, 101, 1.0
29696.513031318707, 35, -1.0
29703.376210483915, 103, 1.0
29708.446009791238, 152, 1.0
29711.774131642916, 152, -1.0
29719.773578070657, 35, -1.0
29723.393558081, 103, 1.0
29724.30165412527, 103, 1.0
29725.693542743862, 75, 1.0
29728.877613400888, 75, 1.0
29733.483281157412, 154, 1.0
29735.64176987688, 152, 1.0
29737.172294869804, 35, 1.0
29738.775564793556, 154, 1.0
29743.224514312693, 103, 1.0
29747.827077742542, 103, 1.0
29751.624797700635, 101, -1.0
29755.45815960015, 103, 1.0
29757.313610382967, 101, 1.0
29757.610915027948, 75, 1.0
29760.719514119162, 35, -1.0
29764.07381614901, 35, -1.0
29770.395368871938, 154, 1.0
29774.09817509387, 35, -1.0
29788.11329630315, 101, 1.0
29793.62251500034, 35, 1.0
29794.476892894385, 35, 1.0
29796.035585941478, 148, -1.0
29799.23865803734, 101, 1.0
29800.05262178564, 103, 1.0
29801.15021754019, 103, -1.0
29809.01847833488, 75, -1.0
29812.786369255115, 75, 1.0
29814.95094911608, 101, 1.0
29816.595066513335, 152, -1.0
29819.199544399195, 154, 1.0
29824.896943680877, 35, -1.0
29825.009452674472, 35, -1.0
29825.221199682757, 75, 1.0
29825.759409087994, 35, -1.0
29834.033749895018, 35, -1.0
29851.603158555372, 35, -1.0
29855.70194238757, 35, -1.0
29857.916964904656, 75, 1.0
29871.09302077599, 152, -1.0
29879.447645533928, 148, -1.0
29880.07969385697, 35, -1.0
29880.263099536547, 101, -1.0
29884.02838442564, 154, -1.0
29884.087888211554, 148, 1.0
29891.521235689153, 103, -1.0
29894.621718838764, 154, 1.0
29895.979197230885, 101, -1.0
29896.929227667155, 154, -1.0
29900.77030768926, 103, 1.0
29906.255202506345, 35, 1.0
29908.57463036867, 75, 1.0
29911.33196150473, 101, -1.0
29923.60773257313, 101, -1.0
29926.551197905857, 75, 1.0
29933.684536864137, 101, 1.0
29933.855965354567, 103, 1.0
29938.52970224551, 152, -1.0
29940.93178024504, 75, -1.0
29944.009832108055, 154, -1.0
29945.788411207286, 103, 1.0
29979.642746038928, 148, -1.0
29987.223175795272, 75, -1.0
29987.940059790424, 154, -1.0
29990.614252360316, 103, 1.0
29997.097361669577, 103, 1.0
29999.968003048314, 154, -1.0
30002.494880281287, 35, 1.0
30007.311953831675, 148, -1.0
30017.2659428268, 154, 1.0
30022.5785911266, 154, 1.0
30023.828753653805, 35, -1.0
30028.334504788723, 75, -1.0
30035.915113620482, 148, -1.0
30046.611977505945, 154, 1.0
30048.752534527302, 152, -1.0
30053.544944136043, 75, -1.0
30054.960071813497, 35, -1.0
30056.661491474395, 154, -1.0
30058.061139750138, 152, -1.0
30066.77514902842, 101, -1.0
30071.19014618173, 152, -1.0
30074.267636123408, 35, -1.0
30080.478359162582, 35, 1.0
30083.667678619055, 148, -1.0
30087.45825922454, 101, -1.0
30088.427068425364, 101, 1.0
30093.000709765944, 103, -1.0
30093.61096116042, 103, 1.0
30095.311054632635, 148, -1.0
30101.498065613847, 35, -1.0
30109.420968705384, 35, -1.0
30115.06408514252, 152, 1.0
30116.481749949322, 103, -1.0
30145.13615219953, 103, 1.0
30154.16801871493, 75, -1.0
30157.23363120629, 35, -1.0
30158.906628382014, 75, -1.0
30164.671533967503, 152, -1.0
30167.623877107595, 75, -1.0
30167.76956416287, 75, 1.0
30170.780295591438, 152, -1.0
30178.088296218182, 75, 1.0
30179.478408624345, 35, 1.0
30190.641857530132, 103, 1.0
30202.457581492064, 152, -1.0
30203.106933278767, 35, -1.0
30204.915880314835, 75, 1.0
30209.874550212542, 75, 1.0
30212.302181609357, 101, 1.0
30212.62458969399, 103, 1.0
30215.197813972856, 101, -1.0
30215.614977960875, 148, -1.0
30216.725482196383, 152, -1.0
30216.90119317523, 154, 1.0
30221.117415813573, 35, -1.0
30223.426329350437, 148, -1.0
30226.113792557564, 154, -1.0
30239.545181493835, 103, 1.0
30243.55593207988, 103, 1.0
30244.154909702647, 103, 1.0
30258.394850686545, 152, 1.0
30258.656979488038, 152, 1.0
30258.983561103818, 152, -1.0
30268.585590061233, 101, -1.0
30271.645713802038, 75, -1.0
30272.042358453946, 152, -1.0
30273.85809531773, 35, -1.0
30277.94012949025, 35, -1.0
30279.32900193596, 75, 1.0
30287.606155810518, 101, 1.0
30290.961814055943, 101, -1.0
30292.85114459836, 75, 1.0
30294.60743803971, 152, 1.0
30305.190209045195, 103, 1.0
30311.157849663072, 101, 1.0
30311.98432446595, 103, 1.0
30323.82139076213, 103, 1.0
30329.894409938497, 148, -1.0
30332.015728653667, 103, 1.0
30338.117292964074, 101, -1.0
30343.917074812856, 101, 1.0
30344.667274169267, 103, 1.0
30348.644488536087, 101, 1.0
30360.62922837597, 152, -1.0
30360.804528668592, 148, -1.0
30365.461202911385, 101, -1.0
30366.186935318645, 103, 1.0
30367.028536372076, 154, 1.0
30367.996093052814, 75, 1.0
30375.068872563934, 101, 1.0
30380.764563075572, 35, -1.0
30381.386868887996, 35, -1.0
30389.549315200744, 101, -1.0
30393.137064737195, 103, 1.0
30394.24846111368, 152, -1.0
30397.329566258017, 152, -1.0
30399.96745872891, 35, -1.0
30406.55474637571, 75, -1.0
30412.000545812672, 154, -1.0
30412.297957914427, 103, 1.0
30417.06432265866, 75, 1.0
30419.68663120427, 35, -1.0
30424.599576650842, 35, -1.0
30430.46345281835, 75, 1.0
30430.667121028524, 103, 1.0
30431.261284789583, 152, -1.0
30442.933161669742, 152, 1.0
30445.342229940074, 75, 1.0
30445.371062682876, 103, 1.0
30456.156423261207, 148, -1.0
30457.773304453898, 154, 1.0
30461.383730780624, 154, -1.0
30470.048480942933, 75, -1.0
30472.37045272032, 152, -1.0
30474.74083626574, 35, -1.0
30475.391341764764, 152, -1.0
30480.694096125244, 103, 1.0
30482.183325221315, 75, 1.0
30483.264561917953, 35, -1.0
30484.389762806793, 35, -1.0
30486.68337933904, 101, -1.0
30492.91341056987, 35, -1.0
30495.571755902303, 103, -1.0
30496.65706994872, 101, -1.0
30500.944951817357, 148, -1.0
30508.419002654857, 75, 1.0
30522.31203324313, 154, 1.0
30523.78456056933, 75, 1.0
30535.55583188022, 103, 1.0
30537.86703761847, 35, -1.0
30539.101774917097, 103, 1.0
30539.934083211017, 101, 1.0
30541.002249976493, 35, -1.0
30549.95328115554, 44, 1.0
30556.840371053244, 148, -1.0
30557.988136183674, 101, -1.0
30559.96720974341, 75, 1.0
30562.06918112584, 103, 1.0
30563.506440072895, 148, 1.0
30569.35304329152, 103, 1.0
30572.001394326453, 75, -1.0
30581.75797198397, 154, 1.0
30588.65536274377, 152, -1.0
30589.5604996333, 101, -1.0
30595.147658532296, 148, 1.0
30597.386103115354, 154, 1.0
30601.406389664553, 148, -1.0
30608.44845083704, 75, 1.0
30608.816820092, 35, -1.0
30614.123854526166, 35, -1.0
30616.241341481393, 148, -1.0
30617.33224903915, 35, -1.0
30621.194576055383, 35, -1.0
30626.798702816337, 103, -1.0
30633.4963930755, 101, -1.0
30633.634492349032, 152, -1.0
30633.975789359363, 101, 1.0
30636.92312271649, 103, 1.0
30637.09914869405, 103, 1.0
30649.66143558209, 101, -1.0
30657.694995918275, 103, 1.0
30660.179349639806, 148, -1.0
30665.694008595412, 75, 1.0
30668.801780929574, 152, -1.0
30668.917561460883, 75, 1.0
30671.64609996464, 75, 1.0
30674.57981597129, 103, 1.0
30679.966483389606, 152, -1.0
30685.303422763754, 35, -1.0
30688.115201295746, 103, 1.0
30692.467413740444, 35, -1.0
30693.730265740833, 152, 1.0
30703.573058036716, 101, -1.0
30705.992136127385, 44, 1.0
30713.986425258983, 101, 1.0
30715.29293502831, 152, 1.0
30726.14894268733, 101, -1.0
30728.39728393464, 148, -1.0
30728.485311395645, 35, 1.0
30734.215546809897, 35, -1.0
30734.89862991561, 101, 1.0
30738.492726567853, 101, -1.0
30743.165465036614, 103, 1.0
30743.182393152456, 101, 1.0
30743.312718775273, 35, -1.0
30747.300543655554, 154, -1.0
30753.48043879383, 154, 1.0
30755.981978066662, 75, 1.0
30757.385591860908, 152, -1.0
30758.688857657602, 75, -1.0
30760.34719705322, 154, -1.0
30760.433191977823, 101, 1.0
30763.11303293953, 35, 1.0
30763.82456811347, 154, 1.0
30763.92783472255, 35, -1.0
30770.34152973359, 103, -1.0
30771.773370298477, 75, 1.0
30773.4973405315, 154, 1.0
30779.017540769695, 35, -1.0
30781.908635387386, 35, -1.0
30789.1095985289, 101, -1.0
30790.523471115128, 152, -1.0
30799.57667284507, 154, 1.0
30803.068313379918, 35, -1.0
30805.230338833215, 75, 1.0
30807.40436115264, 35, -1.0
30808.183997699834, 154, 1.0
30811.23034648398, 44, 1.0
30812.395103394345, 154, 1.0
30813.03996968324, 101, 1.0
30816.00384937387, 44, 1.0
30816.10594146163, 103, 1.0
30833.533455058303, 103, 1.0
30838.884366136448, 103, 1.0
30839.96484677843, 75, 1.0
30842.619863896558, 154, 1.0
30843.967313971556, 103, -1.0
30844.857633843545, 103, 1.0
30846.556757565806, 35, -1.0
30847.078161919413, 103, 1.0
30860.634583492123, 154, 1.0
30863.93314482455, 101, 1.0
30866.921172302194, 148, -1.0
30886.474078917614, 75, -1.0
30892.203366293405, 75, 1.0
30893.49405518103, 35, -1.0
30898.66570628805, 101, 1.0
30902.257299944908, 103, 1.0
30907.323712206442, 103, 1.0
30919.95020536236, 152, -1.0
30926.267208239296, 152, -1.0
30939.336718662962, 75, 1.0
30939.961927276327, 44, 1.0
30945.444711210443, 35, 1.0
30947.513896070905, 148, -1.0
30948.654210580888, 103, 1.0
30956.33406910238, 148, -1.0
30960.22429518613, 103, 1.0
30970.691883672374, 148, -1.0
30971.260273294916, 75, 1.0
30972.567194695504, 103, 1.0
30973.688044820294, 44, 1.0
30981.011067150946, 103, 1.0
30984.79897988301, 35, -1.0
30984.943592887623, 154, 1.0
30986.154283940617, 103, 1.0
30990.070796249063, 103, 1.0
30997.219952903695, 75, 1.0
30999.796349557575, 35, 1.0
31000.715117178454, 75, 1.0
31009.701727004187, 75, 1.0
31026.45245812463, 35, 1.0
31027.53304959107, 103, 1.0
31028.69897121705, 152, -1.0
31042.65730098567, 103, 1.0
31049.208729200876, 103, 1.0
31051.366962144704, 148, -1.0
31063.079399582854, 35, 1.0
31073.33169434841, 152, -1.0
31074.57137615745, 35, -1.0
31078.151913521262, 101, 1.0
31078.210681307395, 75, 1.0
31078.61949444632, 75, 1.0
31081.147826671062, 75, 1.0
31084.347495455546, 148, 1.0
31086.40837599177, 35, 1.0
31086.745829943764, 152, -1.0
31087.311459159224, 101, 1.0
31099.68778781665, 103, 1.0
31113.82626031226, 35, -1.0
31116.86202127736, 154, 1.0
31124.953602887923, 103, 1.0
31127.950241071245, 154, -1.0
31135.33590871817, 103, 1.0
31140.07159572595, 154, 1.0
31143.054026400427, 101, 1.0
31149.7743127334, 75, -1.0
31154.779489435015, 35, -1.0
31160.32588814739, 103, 1.0
31185.30242933615, 103, 1.0
31187.414365840425, 152, 1.0
31188.238290479632, 75, 1.0
31191.24526253046, 103, 1.0
31195.8927697025, 154, 1.0
31196.318478404824, 148, -1.0
31199.05467644772, 148, 1.0
31200.25129949092, 75, 1.0
31200.257049944048, 101, 1.0
31215.25574624083, 103, 1.0
31217.40212056499, 35, -1.0
31219.747543355625, 35, -1.0
31225.81596772388, 101, 1.0
31226.669451022863, 101, 1.0
31228.069243670096, 148, -1.0
31233.76682521723, 75, -1.0
31238.237529340582, 35, -1.0
31241.18610404373, 101, 1.0
31245.3974880696, 103, 1.0
31257.35606465595, 152, -1.0
31259.83588947886, 152, -1.0
31264.55352687493, 75, 1.0
31264.656256487557, 75, 1.0
31271.651752632686, 35, 1.0
31273.37778833195, 35, 1.0
31275.407804402137, 103, 1.0
31278.054566081417, 75, 1.0
31278.79849760341, 148, 1.0
31284.729361893602, 103, 1.0
31286.94410578961, 154, -1.0
31287.805310325883, 75, -1.0
31288.440262356104, 101, 1.0
31291.783022923108, 154, 1.0
31292.723828236652, 148, -1.0
31293.674216856656, 101, 1.0
31294.026944165485, 75, 1.0
31296.481683980455, 103, 1.0
31301.195551842946, 154, 1.0
31301.473514816134, 35, -1.0
31310.239188465803, 103, 1.0
31315.306908380786, 148, -1.0
31315.83509765236, 101, -1.0
31315.905590947663, 154, -1.0
31320.74223475851, 75, 1.0
31330.05557104152, 154, 1.0
31332.38988406073, 35, -1.0
31335.659192392093, 154, 1.0
31335.98266828113, 101, -1.0
31341.108048966893, 75, 1.0
31342.12502676905, 75, 1.0
31342.492980480627, 35, 1.0
31355.01130970812, 103, 1.0
31355.26410356258, 35, -1.0
31355.970263037212, 148, -1.0
31367.112674635908, 35, -1.0
31367.65462809253, 101, 1.0
31369.0342347697, 101, -1.0
31369.273167907333, 103, 1.0
31370.31596544524, 152, -1.0
31372.505695618627, 101, 1.0
31374.58061153003, 75, 1.0
31374.807883344554, 148, -1.0
31378.988644654317, 101, 1.0
31388.295558516405, 101, 1.0
31389.199830132027, 101, 1.0
31402.936348674906, 148, -1.0
31412.16359185519, 35, -1.0
31412.179889801624, 103, 1.0
31414.751644500546, 152, -1.0
31415.801173494187, 101, 1.0
31416.28291899841, 154, 1.0
31416.35293281692, 152, 1.0
31417.81144292198, 101, 1.0
31418.44240711674, 35, -1.0
31421.235562189024, 152, -1.0
31421.79521677052, 101, 1.0
31429.526206948718, 152, 1.0
31430.66264546636, 148, -1.0
31432.01025546029, 103, 1.0
31435.493977432543, 101, 1.0
31435.86759804733, 152, 1.0
31437.78705742296, 101, 1.0
31438.213551251494, 101, 1.0
31440.584673938916, 35, -1.0
31448.50578697785, 154, 1.0
31448.754189983923, 101, -1.0
31452.390546440205, 152, 1.0
31453.30953991912, 101, 1.0
31453.662957417586, 101, 1.0
31460.549127994942, 154, -1.0
31461.78171794291, 148, -1.0
31463.68546659406, 103, 1.0
31464.589846590985, 35, 1.0
31466.49382412423, 101, -1.0
31469.88811513764, 103, 1.0
31480.994844236295, 148, -1.0
31485.11638104225, 103, 1.0
31495.03474686606, 75, 1.0
31496.81685952721, 101, -1.0
31497.812727442873, 35, 1.0
31498.42037511691, 101, -1.0
31508.026626301653, 101, 1.0
31508.044858342666, 103, 1.0
31508.711169236707, 154, 1.0
31511.318604065396, 35, -1.0
31512.595097739704, 148, -1.0
31526.907450420735, 75, 1.0
31531.05631094742, 154, -1.0
31531.749665804695, 154, 1.0
31532.259871434228, 75, 1.0
31538.31924153801, 148, -1.0
31538.559072412318, 103, 1.0
31539.174131357875, 35, -1.0
31554.013945450675, 101, 1.0
31560.40561346695, 75, 1.0
31560.410040446197, 75, -1.0
31569.77634123244, 35, -1.0
31574.15496455261, 152, 1.0
31582.580097239617, 75, -1.0
31583.75819228619, 152, -1.0
31595.677791457514, 154, 1.0
31602.747927839606, 103, 1.0
31603.185363413282, 101, -1.0
31604.927140621854, 103, 1.0
31609.40554315252, 152, 1.0
31611.946788218007, 75, 1.0
31615.755469450574, 101, 1.0
31619.70181172788, 103, 1.0
31622.33213825514, 75, -1.0
31623.988516608955, 101, -1.0
31630.29432932595, 152, -1.0
31630.865338504213, 101, 1.0
31632.62014741612, 75, 1.0
31633.587968827585, 101, 1.0
31640.366014930885, 101, 1.0
31644.21420467462, 148, -1.0
31644.427776806122, 152, -1.0
31656.596173410246, 75, 1.0
31662.97962935428, 44, 1.0
31665.78157763127, 35, -1.0
31668.529569731294, 148, -1.0
31669.717657739217, 35, -1.0
31678.8143278242, 75, 1.0
31679.682814415723, 35, 1.0
31682.039708897777, 35, 1.0
31683.569971013065, 148, -1.0
31691.26491171825, 148, -1.0
31699.68010981303, 152, 1.0
31703.673361271016, 152, -1.0
31703.850071560963, 154, 1.0
31708.16666780855, 154, 1.0
31712.362813129126, 152, -1.0
31720.002942897572, 152, -1.0
31730.7831825782, 75, 1.0
31733.925382050336, 35, 1.0
31736.721728325876, 35, 1.0
31738.473625115184, 103, 1.0
31743.764940261128, 75, -1.0
31744.488440713783, 75, -1.0
31750.659928177112, 75, -1.0
31755.67831287925, 101, -1.0
31755.934267817967, 103, 1.0
31757.5904797729, 152, -1.0
31761.363071667303, 103, 1.0
31761.39202810409, 35, -1.0
31781.03710247905, 103, 1.0
31783.02111556311, 152, 1.0
31784.009627076615, 101, 1.0
31784.59919620668, 154, 1.0
31787.801742009782, 35, 1.0
31793.69633936443, 35, 1.0
31794.906875938163, 148, -1.0
31797.06210605004, 75, 1.0
31797.30374546467, 152, -1.0
31805.481355018594, 154, 1.0
31810.137610556954, 75, 1.0
31810.708066466348, 152, -1.0
31816.286922497817, 103, -1.0
31819.776732401984, 35, -1.0
31827.217905391994, 101, 1.0
31832.39615086458, 101, 1.0
31833.424265241967, 75, 1.0
31834.843613993886, 35, -1.0
31836.81395644409, 35, -1.0
31836.91323917525, 75, -1.0
31837.986178124862, 103, 1.0
31843.99944246491, 103, 1.0
31846.864344394995, 35, -1.0
31847.11053368488, 152, -1.0
31853.83625904515, 103, 1.0
31865.759902185113, 101, 1.0
31871.743649689695, 35, -1.0
31872.492876536428, 75, 1.0
31875.11199189404, 103, -1.0
31877.27843342991, 75, 1.0
31881.836193311534, 154, 1.0
31882.872645722116, 101, -1.0
31885.92175462869, 103, -1.0
31886.785644368472, 101, 1.0
31888.318856887905, 103, 1.0
31895.29184447696, 152, -1.0
31896.034558716503, 103, 1.0
31898.251544836345, 154, 1.0
31899.929218174562, 103, 1.0
31907.45882777826, 35, -1.0
31909.39780240934, 154, 1.0
31914.357381616188, 101, 1.0
31921.085049177538, 152, 1.0
31930.330712257353, 75, 1.0
31931.749963170143, 154, 1.0
31932.171840570438, 35, -1.0
31932.7929543012, 35, -1.0
31932.846087987375, 35, -1.0
31934.2798865693, 75, 1.0
31935.56865158999, 152, 1.0
31940.480258993473, 103, 1.0
31942.969597927575, 103, -1.0
31948.887026772194, 101, 1.0
31949.499022590677, 35, -1.0
31950.916846481083, 75, 1.0
31951.735723149977, 148, -1.0
31956.132797628812, 148, -1.0
31960.044566002176, 152, 1.0
31964.321335035223, 103, 1.0
31966.09285536984, 152, -1.0
31977.19830038485, 35, 1.0
31978.10269676582, 103, -1.0
31978.766966767093, 154, -1.0
31979.15258400875, 101, 1.0
31979.754875502644, 101, 1.0
31981.234938116242, 154, -1.0
31983.53034423493, 75, 1.0
31985.787074018433, 75, -1.0
31989.35710813538, 154, 1.0
31994.268030957857, 101, -1.0
31996.01563034365, 35, -1.0
31999.455438893394, 148, -1.0
32001.229716024463, 103, 1.0
32009.26456014519, 152, -1.0
32012.539576892334, 75, 1.0
32013.04122031844, 35, -1.0
32016.321782463558, 75, 1.0
32018.83751691797, 35, -1.0
32020.238204645982, 103, 1.0
32024.06786358784, 101, -1.0
32024.354542496127, 154, 1.0
32024.680266847106, 154, 1.0
32031.16971729633, 148, -1.0
32032.573014377154, 103, -1.0
32037.941667715844, 152, -1.0
32040.489885638042, 35, -1.0
32049.82778727181, 103, 1.0
32058.12320331141, 101, 1.0
32060.329298020242, 101, 1.0
32061.48948113449, 148, -1.0
32068.296491609566, 154, 1.0
32081.809059905514, 154, -1.0
32082.385788859017, 75, 1.0
32089.52009900016, 148, -1.0
32104.088557471492, 148, -1.0
32109.422450268114, 75, 1.0
32111.311545636716, 75, 1.0
32112.172013658244, 154, 1.0
32114.72756506811, 152, 1.0
32117.78236902751, 103, 1.0
32118.643428865296, 152, -1.0
32119.632837565416, 103, -1.0
32122.850445311527, 35, 1.0
32130.462039257825, 154, 1.0
32132.3206404372, 35, 1.0
32136.13328927682, 35, -1.0
32150.866205398845, 148, -1.0
32154.09332788895, 101, -1.0
32161.53284895325, 75, 1.0
32168.22081545739, 101, -1.0
32169.688779585966, 75, -1.0
32175.440104500307, 103, 1.0
32175.655056689608, 75, 1.0
32177.668121198, 154, 1.0
32183.274686333454, 75, 1.0
32184.019361133156, 35, -1.0
32185.199548983735, 35, -1.0
32188.746497105072, 101, -1.0
32195.150133788728, 148, -1.0
32198.318198627316, 101, 1.0
32205.198447279272, 35, -1.0
32210.09117248507, 154, -1.0
32217.377282968657, 148, -1.0
32219.597276388893, 152, -1.0
32220.2183483167, 154, 1.0
32222.235631038086, 75, 1.0
32232.37711955675, 103, 1.0
32232.542107138477, 154, 1.0
32243.778447497218, 152, -1.0
32243.843837741126, 101, 1.0
32244.41117460048, 152, -1.0
32251.890521205678, 154, 1.0
32254.951909901225, 152, -1.0
32255.430487653935, 101, 1.0
32255.996019855123, 103, 1.0
32258.43048159282, 103, -1.0
32260.53900975624, 103, 1.0
32266.09695992124, 103, 1.0
32266.491420691153, 103, 1.0
32270.49589478723, 75, 1.0
32270.90470686403, 103, 1.0
32275.198952716604, 152, 1.0
32275.42329415391, 35, -1.0
32281.786613896482, 35, -1.0
32286.945920830407, 35, -1.0
32288.10737312012, 152, -1.0
32299.638988086048, 75, 1.0
32301.525997067587, 103, 1.0
32305.451838017874, 148, -1.0
32310.51593764677, 103, -1.0
32313.364841051098, 35, -1.0
32314.362132447026, 103, 1.0
32320.447516256663, 101, 1.0
32321.956008764326, 44, 1.0
32323.94259040928, 75, 1.0
32325.941139148206, 152, 1.0
32330.319311133022, 35, 1.0
32341.614081502034, 152, 1.0
32352.832153395262, 35, 1.0
32356.48747595437, 154, -1.0
32357.69537166434, 75, 1.0
32362.084406038244, 75, 1.0
32368.33155210085, 103, 1.0
32372.073666646604, 75, 1.0
32375.01939587167, 154, 1.0
32390.503718066153, 101, -1.0
32390.56021398524, 103, 1.0
32392.607276460178, 148, -1.0
32395.35993001807, 103, 1.0
32395.415751062967, 101, 1.0
32407.069387175678, 75, 1.0
32414.914641187555, 101, 1.0
32421.15464517422, 35, -1.0
32444.495714397402, 101, 1.0
32446.941845250887, 101, 1.0
32453.629519622096, 101, -1.0
32458.064695589906, 75, -1.0
32459.22584359935, 148, 1.0
32460.36742864096, 44, -1.0
32463.430609571387, 75, 1.0
32465.48960528916, 75, 1.0
32467.773405871703, 75, -1.0
32472.708377612802, 103, -1.0
32473.312280259604, 103, 1.0
32480.09193677396, 44, 1.0
32486.530442178948, 75, 1.0
32489.432063379078, 75, -1.0
32491.863143373583, 75, -1.0
32505.580669007442, 101, 1.0
32523.80868115977, 101, -1.0
32527.89558251059, 75, -1.0
32531.25894356652, 75, -1.0
32534.159398480475, 75, 1.0
32536.492639135693, 75, -1.0
32539.49445990815, 75, -1.0
32544.533752287014, 101, -1.0
32546.603383456, 152, 1.0
32549.453034523274, 75, 1.0
32554.978846074962, 35, -1.0
32566.03845401947, 101, -1.0
32579.8872542527, 101, 1.0
32586.72893241026, 103, 1.0
32591.128983567785, 152, 1.0
32591.142251156074, 152, -1.0
32593.588186228484, 75, 1.0
32598.61624801378, 152, 1.0
32601.947962286915, 152, 1.0
32610.737752154353, 148, -1.0
32614.69998557543, 101, -1.0
32618.661676033644, 152, 1.0
32629.960965505918, 152, -1.0
32632.30022417411, 75, 1.0
32636.57999457043, 75, -1.0
32640.908996809983, 101, -1.0
32646.33466473629, 75, 1.0
32646.648746640476, 154, -1.0
32647.828134595613, 101, 1.0
32652.802444689754, 75, -1.0
32662.26981259326, 101, 1.0
32666.19976819137, 101, -1.0
32666.267793797007, 75, -1.0
32666.84241399281, 101, -1.0
32669.746982062992, 154, 1.0
32677.62671240408, 35, -1.0
32677.76950674222, 152, 1.0
32680.575242630344, 101, -1.0
32682.25939902663, 101, -1.0
32692.27256847705, 101, 1.0
32692.342303171386, 148, -1.0
32694.105256924315, 75, 1.0
32695.21912953274, 103, 1.0
32696.70471120475, 75, 1.0
32698.63580969682, 44, 1.0
32702.604851240227, 148, -1.0
32706.85945578441, 148, 1.0
32710.881554322445, 75, -1.0
32716.819705466543, 152, -1.0
32720.72209050811, 101, -1.0
32721.984474890392, 154, -1.0
32735.134320427012, 101, 1.0
32738.93038263207, 101, -1.0
32740.211449574894, 103, 1.0
32743.729382563924, 154, -1.0
32751.50768533234, 35, -1.0
32751.894889212148, 152, 1.0
32753.724469330336, 75, 1.0
32755.52371096866, 101, 1.0
32758.540718486976, 75, -1.0
32760.238174548616, 101, 1.0
32766.40275008783, 101, 1.0
32766.926636163847, 75, 1.0
32771.30791032553, 101, -1.0
32774.417931445234, 101, -1.0
32787.28474343339, 75, -1.0
32789.87640142021, 75, 1.0
32791.37632477443, 75, 1.0
32792.98601162376, 152, 1.0
32793.576398752106, 101, 1.0
32801.341612972086, 154, -1.0
32808.57220871558, 44, -1.0
32812.68461591957, 148, -1.0
32815.83153709494, 101, 1.0
32817.515101121135, 148, 1.0
32827.503428027994, 152, -1.0
32838.95711998429, 75, 1.0
32839.63719118471, 103, 1.0
32847.796407251466, 101, -1.0
32849.611945437864, 75, -1.0
32850.38366727743, 75, -1.0
32858.87300045291, 101, 1.0
32860.62684705581, 154, 1.0
32862.563524683675, 152, 1.0
32863.10511994375, 101, 1.0
32865.036973954695, 152, 1.0
32882.27104457315, 75, 1.0
32884.81098227408, 75, 1.0
32885.956747978445, 101, 1.0
32889.991150162954, 154, -1.0
32891.451586136835, 101, -1.0
32894.57305675547, 101, -1.0
32895.90550506795, 44, -1.0
32896.25442962744, 75, 1.0
32900.26275234387, 103, 1.0
32911.89623996328, 103, -1.0
32920.41119046292, 148, 1.0
32921.12125063909, 75, -1.0
32934.74804254859, 75, -1.0
32939.04624776185, 101, -1.0
32940.3687627726, 101, 1.0
32946.56870069939, 44, 1.0
32947.14738962543, 35, -1.0
32952.242088694176, 75, -1.0
32953.59855065934, 152, -1.0
32954.723986518315, 148, -1.0
32960.574910995245, 75, 1.0
32964.60835145435, 35, -1.0
32979.23464065095, 152, 1.0
32980.84974706563, 75, -1.0
32983.884943058234, 154, 1.0
32994.73338965589, 35, -1.0
33024.99804478941, 101, -1.0
33028.97365281847, 75, 1.0
33031.56927637066, 75, 1.0
33034.914402640214, 75, 1.0
33041.825154786704, 75, 1.0
33049.138878141785, 101, 1.0
33054.86853988438, 101, -1.0
33065.42400435485, 35, -1.0
33068.06560906556, 35, -1.0
33069.46788621134, 152, 1.0
33070.91275535812, 103, -1.0
33073.20845482522, 75, -1.0
33074.86727060913, 152, -1.0
33084.65593505496, 101, 1.0
33084.920710488244, 101, 1.0
33090.8037203287, 75, 1.0
33091.69699163255, 101, -1.0
33093.989920559485, 101, 1.0
33100.236193202865, 75, 1.0
33102.380123813, 44, 1.0
33102.646988750865, 75, -1.0
33103.29063017424, 75, -1.0
33126.640298236154, 75, -1.0
33135.69551681969, 148, -1.0
33135.69833247378, 154, 1.0
33136.433428742355, 101, 1.0
33144.096765135844, 75, 1.0
33147.89518456569, 75, 1.0
33149.8651477676, 148, -1.0
33158.855600669885, 148, -1.0
33162.64239880871, 101, -1.0
33169.06175909852, 148, -1.0
33169.24134610466, 148, -1.0
33173.59699658641, 35, -1.0
33175.9462939556, 75, -1.0
33177.4071850383, 75, -1.0
33187.890946679625, 101, 1.0
33190.984169126576, 35, -1.0
33203.49824589123, 101, 1.0
33206.19849227989, 101, 1.0
33207.40946799073, 152, -1.0
33211.43596904114, 101, 1.0
33213.1945435955, 75, 1.0
33215.55316274555, 75, -1.0
33220.375040927545, 35, -1.0
33224.48148699294, 152, 1.0
33227.49629492797, 154, -1.0
33237.883395250006, 101, -1.0
33246.3434517997, 101, -1.0
33264.66632956506, 101, -1.0
33265.93808002674, 101, 1.0
33267.20275866828, 152, -1.0
33272.412169286035, 103, -1.0
33287.82483040196, 75, -1.0
33290.85165148806, 103, -1.0
33298.430385453976, 35, -1.0
33299.669071348035, 101, -1.0
33312.50896275372, 101, -1.0
33320.26376249427, 148, -1.0
33328.6768475588, 103, 1.0
33332.14574223096, 35, -1.0
33338.40077818962, 148, -1.0
33344.26653502318, 148, -1.0
33346.963086319316, 154, -1.0
33347.91742266446, 75, 1.0
33369.324241427086, 103, 1.0
33378.862231001534, 101, 1.0
33380.94490461308, 35, -1.0
33381.96025340317, 101, 1.0
33391.52330489723, 103, 1.0
33395.37585004804, 154, -1.0
33403.19089517428, 75, 1.0
33405.785404824725, 101, 1.0
33429.59443400548, 101, -1.0
33433.06364067969, 152, -1.0
33437.32439160916, 152, 1.0
33438.7946896774, 75, 1.0
33443.099696460136, 44, -1.0
33445.03548548749, 75, 1.0
33445.69297954242, 152, 1.0
33446.29405676257, 152, 1.0
33448.007477583444, 103, 1.0
33448.52703643646, 148, -1.0
33450.036906895744, 35, 1.0
33453.71444402389, 148, -1.0
33457.68911804124, 75, 1.0
33457.9055187596, 44, 1.0
33461.5681321109, 75, 1.0
33463.256259682545, 152, 1.0
33469.3446861454, 101, 1.0
33471.61765289934, 101, -1.0
33481.06731123713, 101, 1.0
33482.88071180914, 152, -1.0
33488.268930559185, 35, -1.0
33488.90334288186, 152, 1.0
33502.533945572264, 148, 1.0
33503.170835404424, 101, 1.0
33503.78105566507, 44, -1.0
33511.790900484986, 75, -1.0
33515.38020492087, 75, 1.0
33518.10618462508, 148, -1.0
33519.02000069634, 35, -1.0
33526.769625558736, 101, 1.0
33531.474056319275, 103, -1.0
33533.74789592666, 152, -1.0
33535.67576383802, 75, 1.0
33547.51139372001, 152, 1.0
33550.62452229816, 152, 1.0
33557.45705484616, 75, 1.0
33562.43251886544, 101, 1.0
33569.628878268435, 154, -1.0
33577.14110961244, 75, 1.0
33590.63601306433, 35, -1.0
33591.93156592859, 148, -1.0
33603.5605150839, 101, 1.0
33607.33989152782, 75, -1.0
33608.26980918235, 35, -1.0
33610.03429693501, 101, 1.0
33611.19066174227, 103, -1.0
33611.641074119994, 152, -1.0
33614.70404144939, 101, -1.0
33621.17515983393, 103, 1.0
33621.17984164901, 75, 1.0
33623.04556136525, 148, -1.0
33627.19859394062, 154, -1.0
33636.9122681534, 75, -1.0
33637.551029137336, 75, -1.0
33642.734789699905, 75, -1.0
33645.35020698793, 101, 1.0
33657.11725000257, 101, 1.0
33664.876618306494, 75, 1.0
33676.42244481378, 75, 1.0
33677.331665407066, 152, 1.0
33681.988110693055, 101, 1.0
33682.00327168862, 152, 1.0
33685.80930199319, 101, 1.0
33687.98192736035, 152, -1.0
33689.740621072706, 75, 1.0
33700.28038905857, 75, 1.0
33704.5123476175, 101, -1.0
33705.01382481272, 101, 1.0
33715.44169656325, 152, 1.0
33718.93563981706, 35, -1.0
33729.66494150027, 35, -1.0
33730.614459475226, 152, 1.0
33741.95195924313, 101, 1.0
33744.424973327215, 75, 1.0
33746.05993131625, 148, -1.0
33750.04144578376, 103, -1.0
33753.27311400983, 101, 1.0
33754.95824350132, 101, 1.0
33762.47000778229, 101, -1.0
33768.193409266976, 35, -1.0
33768.29673965289, 75, -1.0
33776.511995479275, 101, 1.0
33782.54218891908, 75, -1.0
33789.254586435876, 101, -1.0
33794.805684594765, 75, 1.0
33801.42079454637, 75, -1.0
33814.32800705373, 35, -1.0
33817.39943523919, 154, -1.0
33825.7722487814, 101, 1.0
33826.66273481495, 75, 1.0
33830.85050798638, 103, -1.0
33833.827987154276, 152, 1.0
33837.55041111884, 75, 1.0
33840.56608064214, 75, 1.0
33844.150140243895, 35, -1.0
33845.29829167931, 101, -1.0
33846.23830168434, 148, -1.0
33848.46893037013, 75, 1.0
33852.971551925235, 75, 1.0
33856.60351496453, 75, -1.0
33860.89372389061, 75, 1.0
33862.632271541755, 101, -1.0
33863.06911320803, 148, -1.0
33865.130717731394, 148, 1.0
33865.23042733927, 154, -1.0
33866.746444408076, 101, -1.0
33874.65408700978, 152, 1.0
33884.01651909443, 101, 1.0
33886.98727723536, 103, -1.0
33891.490546191846, 101, 1.0
33896.55108849544, 75, 1.0
33907.17994416358, 101, 1.0
33914.09546975516, 103, -1.0
33920.846918492825, 154, -1.0
33922.714880336476, 35, -1.0
33924.06488808625, 44, 1.0
33931.41013419814, 75, 1.0
33933.39899826666, 101, 1.0
33934.6173692702, 35, -1.0
33935.68216899362, 75, -1.0
33937.05598767914, 152, -1.0
33953.478415336285, 152, -1.0
33953.71902638605, 101, -1.0
33959.495522454155, 152, -1.0
33962.39578228623, 75, -1.0
33970.012561251184, 101, 1.0
33971.89471307898, 148, -1.0
33973.68335962126, 101, 1.0
33976.4693213437, 101, 1.0
33981.784804028815, 75, 1.0
33992.78308339131, 35, -1.0
33995.31357701965, 35, -1.0
33996.382825541354, 103, -1.0
33998.31441419408, 152, -1.0
33999.872327706886, 154, 1.0
34004.570338653786, 35, -1.0
34005.50210627438, 101, -1.0
34013.080915916726, 75, 1.0
34015.74497842429, 152, -1.0
34019.73044502006, 75, 1.0
34023.406970582866, 101, 1.0
34027.22497612506, 35, -1.0
34048.2023815779, 152, 1.0
34048.96954442782, 101, -1.0
34051.51180176174, 75, -1.0
34067.01730118728, 101, 1.0
34067.571384090574, 154, -1.0
34071.08272072938, 75, 1.0
34073.744155329776, 152, 1.0
34077.64750849903, 103, -1.0
34087.781431581054, 101, -1.0
34093.83604284785, 101, 1.0
34094.04184907845, 103, 1.0
34095.29944629358, 35, -1.0
34100.388630909816, 152, 1.0
34100.514432596916, 154, 1.0
34101.450708120814, 35, -1.0
34107.77474723071, 75, 1.0
34109.58453497848, 101, 1.0
34114.51119250293, 35, -1.0
34117.9630718614, 154, 1.0
34117.997988976655, 75, -1.0
34122.59340143167, 101, 1.0
34125.073700085704, 75, 1.0
34125.24855969368, 152, -1.0
34128.52610482549, 154, -1.0
34129.1802804388, 35, -1.0
34130.18064416105, 148, 1.0
34133.12569625907, 75, 1.0
34135.18709107712, 101, -1.0
34135.31244595053, 154, 1.0
34136.64441116997, 152, -1.0
34143.67278693714, 101, 1.0
34146.43858091338, 75, 1.0
34148.26628048191, 103, 1.0
34149.33456535175, 44, -1.0
34150.184990191934, 75, 1.0
34153.60003889307, 152, 1.0
34154.23466748234, 35, -1.0
34164.70571425793, 44, -1.0
34168.60397434439, 75, 1.0
34168.91167041296, 101, 1.0
34172.123506322954, 75, -1.0
34173.51095230689, 103, -1.0
34179.22027914885, 75, 1.0
34184.335229819386, 75, -1.0
34185.67408257913, 75, 1.0
34192.39163860113, 101, 1.0
34193.22065802696, 148, -1.0
34198.04823459331, 103, -1.0
34198.80458819948, 75, 1.0
34201.66941323929, 103, 1.0
34207.80514532345, 101, -1.0
34225.576371113115, 75, 1.0
34227.96152738552, 103, -1.0
34234.32586432014, 101, -1.0
34236.41762402642, 148, -1.0
34237.80944144264, 148, -1.0
34240.884888234556, 35, -1.0
34241.90218765937, 101, -1.0
34242.96481118391, 101, 1.0
34251.5100512304, 75, 1.0
34263.016727743925, 148, -1.0
34268.33753814948, 148, -1.0
34274.147750380114, 35, -1.0
34298.374638612346, 103, -1.0
34302.50229164494, 75, 1.0
34313.15192464366, 75, 1.0
34324.34205443146, 101, 1.0
34327.62209576782, 75, -1.0
34336.01828297545, 35, -1.0
34337.95550058893, 101, -1.0
34338.56836777847, 152, 1.0
34344.976227132225, 103, 1.0
34349.12986571868, 35, -1.0
34362.618994132, 154, -1.0
34362.90026110539, 148, -1.0
34376.49589006709, 101, -1.0
34384.333331678514, 101, 1.0
34389.9801875111, 152, 1.0
34391.64898546585, 101, -1.0
34392.84641039152, 148, 1.0
34400.40581701392, 75, 1.0
34401.34133730895, 35, -1.0
34403.60501500911, 154, 1.0
34404.36061706369, 75, -1.0
34405.33409273282, 35, -1.0
34406.67699872639, 75, -1.0
34413.22350072256, 101, 1.0
34425.91961809722, 75, -1.0
34433.416163982336, 103, -1.0
34439.20395747369, 152, 1.0
34444.26218706167, 101, 1.0
34445.40950906703, 75, 1.0
34446.29967374847, 101, 1.0
34448.28234646741, 152, 1.0
34448.33678624616, 101, 1.0
34468.12291128741, 101, 1.0
34469.33172307438, 75, -1.0
34497.065403876586, 101, 1.0
34501.063290161, 152, -1.0
34504.01416399972, 75, 1.0
34505.07329112911, 35, -1.0
34515.98452772859, 35, -1.0
34520.92238781512, 103, -1.0
34521.09549290931, 35, -1.0
34522.78256562896, 101, -1.0
34531.37229688977, 44, 1.0
34544.28679146764, 44, -1.0
34548.79478654383, 75, 1.0
34549.003840469915, 148, -1.0
34558.33780155986, 101, -1.0
34561.146050248164, 35, -1.0
34561.987628790994, 35, -1.0
34571.31814363817, 154, -1.0
34573.88389749585, 75, -1.0
34578.17495219435, 148, -1.0
34578.907752520456, 101, 1.0
34583.08878482774, 103, 1.0
34584.909747928585, 75, 1.0
34585.851445852204, 35, -1.0
34588.190191027825, 75, -1.0
34590.829483054986, 101, 1.0
34593.13499874085, 75, 1.0
34593.912862900004, 75, 1.0
34596.22511678629, 103, 1.0
34596.83316698122, 103, 1.0
34602.90658335501, 44, -1.0
34611.58787733911, 101, -1.0
34622.28953457577, 75, 1.0
34622.929299419346, 101, 1.0
34628.29435565559, 101, 1.0
34641.80188093249, 75, 1.0
34647.54002363988, 152, -1.0
34655.24042042949, 101, 1.0
34668.404135443496, 75, -1.0
34673.57628862699, 75, -1.0
34679.87503241635, 101, -1.0
34693.296456474294, 101, 1.0
34693.739351979166, 101, 1.0
34694.10782624391, 101, 1.0
34694.97686721485, 75, -1.0
34699.57690693348, 152, 1.0
34702.15476337062, 103, -1.0
34702.651021872814, 75, 1.0
34703.42040481766, 75, 1.0
34704.41698840722, 75, -1.0
34716.29730566695, 152, -1.0
34725.19092060598, 101, 1.0
34731.844613766356, 148, -1.0
34734.71123353303, 152, 1.0
34740.86121307121, 154, 1.0
34751.824188170904, 101, 1.0
34752.849708318616, 35, 1.0
34759.67444310255, 101, -1.0
34770.50901558995, 101, -1.0
34770.920576373945, 75, 1.0
34775.05369182384, 44, 1.0
34776.021983843915, 44, -1.0
34779.5825858917, 101, -1.0
34784.328614249855, 101, 1.0
34785.70140525364, 35, -1.0
34786.05564290203, 154, 1.0
34793.666232991774, 154, -1.0
34802.70254845148, 101, 1.0
34805.24107483, 75, 1.0
34810.89343625006, 75, 1.0
34811.38497022595, 101, -1.0
34812.127347896574, 103, -1.0
34821.182284984934, 35, -1.0
34825.23636280602, 75, -1.0
34826.99828593659, 152, 1.0
34828.89785812362, 101, -1.0
34838.34888421724, 154, 1.0
34845.53641355884, 103, -1.0
34847.805335702105, 44, 1.0
34848.00818248272, 101, 1.0
34852.15254169249, 75, -1.0
34854.018343054144, 154, -1.0
34861.592236752746, 101, -1.0
34865.893904773606, 154, -1.0
34867.2781498499, 103, -1.0
34873.52875035465, 75, 1.0
34877.2208208739, 148, -1.0
34880.24879897283, 101, 1.0
34882.05618522692, 101, 1.0
34885.45963308649, 101, 1.0
34887.269679766556, 44, 1.0
34891.32474875153, 75, 1.0
34892.487437123214, 101, -1.0
34896.82030768669, 101, 1.0
34897.16231903079, 101, 1.0
34908.836787650675, 101, 1.0
34910.49217784283, 75, 1.0
34914.33530576115, 152, -1.0
34915.235835518804, 148, -1.0
34918.6814105374, 75, 1.0
34934.19348875253, 101, -1.0
34936.044244975936, 75, -1.0
34940.14379372911, 101, -1.0
34946.43527564541, 35, 1.0
34950.99990239661, 75, 1.0
34955.97568216055, 101, 1.0
34971.20539011234, 101, 1.0
34972.25105625511, 154, 1.0
34974.14181276884, 103, 1.0
34977.14025392383, 75, -1.0
34981.72585628363, 101, 1.0
34988.89775021232, 152, 1.0
34991.847682711785, 101, 1.0
34994.79126511114, 44, -1.0
35007.769454081776, 75, 1.0
35017.15647607374, 103, -1.0
35017.86458905927, 75, 1.0
35018.68729977403, 152, -1.0
35021.54613247297, 75, -1.0
35040.5776460794, 44, -1.0
35040.871887018155, 103, -1.0
35044.13274725586, 101, -1.0
35048.27791789654, 103, -1.0
35056.50056283255, 35, -1.0
35060.19040468169, 35, -1.0
35062.76038213499, 35, -1.0
35063.56593679911, 152, -1.0
35065.1513940143, 101, -1.0
35068.34556500549, 44, -1.0
35072.08490482001, 152, 1.0
35081.54719246387, 148, -1.0
35089.57037461484, 101, 1.0
35093.884638181895, 75, 1.0
35097.439618264245, 35, -1.0
35101.34608199612, 148, -1.0
35104.84168702122, 154, -1.0
35106.42651133891, 152, 1.0
35115.2768994819, 35, -1.0
35116.00853867516, 35, -1.0
35122.014680407534, 75, 1.0
35124.7070256843, 101, 1.0
35125.0646789157, 44, -1.0
35126.671145725806, 148, -1.0
35131.48856394497, 75, 1.0
35146.46955014594, 75, 1.0
35150.932536062675, 35, 1.0
35152.50057474515, 101, 1.0
35159.17799265049, 75, 1.0
35190.17847899756, 44, -1.0
35191.09553728484, 101, -1.0
35195.60823156035, 148, -1.0
35203.09043111595, 75, 1.0
35208.012213562724, 75, -1.0
35215.98593435565, 101, 1.0
35216.099066301, 148, -1.0
35220.22953660745, 103, -1.0
35222.657660896235, 152, -1.0
35228.709508255924, 75, -1.0
35241.59749117431, 75, 1.0
35247.06127834095, 75, -1.0
35255.533585546145, 154, 1.0
35256.80380610813, 101, 1.0
35262.49945517179, 152, -1.0
35283.75262769078, 35, -1.0
35291.43967404932, 35, -1.0
35300.79067716778, 44, -1.0
35303.403061387406, 152, 1.0
35309.93184659414, 75, -1.0
35315.638901914346, 75, -1.0
35317.48903554491, 35, -1.0
35319.03520280542, 101, -1.0
35320.41626794932, 75, 1.0
35327.02948772724, 75, 1.0
35329.26698529459, 75, -1.0
35331.84509065596, 101, 1.0
35332.34099611044, 101, 1.0
35337.9782761042, 75, 1.0
35339.049291897005, 101, -1.0
35343.2843579285, 101, 1.0
35352.21798264676, 75, -1.0
35358.43424555345, 101, -1.0
35361.0054872818, 75, 1.0
35363.55355928869, 103, 1.0
35367.66811158591, 152, -1.0
35375.73260994879, 75, 1.0
35376.26442227069, 103, 1.0
35378.64953443661, 101, 1.0
35388.053860965396, 101, 1.0
35391.61677119262, 75, 1.0
35395.02799123663, 101, -1.0
35397.41339214651, 101, 1.0
35401.542198239265, 152, 1.0
35402.24293809886, 101, 1.0
35404.06423325666, 75, -1.0
35404.37737096847, 101, -1.0
35411.30291234534, 101, 1.0
35412.82036461072, 101, 1.0
35414.30031431768, 101, -1.0
35416.114888975375, 103, 1.0
35424.11955907183, 103, -1.0
35427.06075767028, 152, 1.0
35427.41479109627, 35, -1.0
35429.94844581091, 35, -1.0
35448.06324172085, 75, -1.0
35450.12164221047, 44, -1.0
35455.296912059755, 75, 1.0
35460.2678030132, 152, -1.0
35460.697459714924, 154, -1.0
35463.12980043431, 152, 1.0
35471.35681324431, 101, 1.0
35472.53829622885, 101, 1.0
35491.4084590659, 75, -1.0
35510.456346192965, 154, 1.0
35510.997611905885, 44, 1.0
35518.543447940916, 101, -1.0
35521.37888088277, 101, 1.0
35521.50626164893, 35, -1.0
35526.44386757427, 35, -1.0
35526.79846152364, 75, 1.0
35539.385756034484, 152, -1.0
35546.44624834954, 152, 1.0
35559.83702479197, 35, -1.0
35560.353651296406, 75, 1.0
35562.58595199711, 101, -1.0
35563.49379398297, 101, 1.0
35564.28062986323, 75, -1.0
35565.075329538275, 75, 1.0
35565.636406021884, 75, 1.0
35567.81469995829, 154, -1.0
35574.72014191524, 35, -1.0
35578.09478067226, 101, -1.0
35580.93735939549, 148, 1.0
35582.41277606067, 44, 1.0
35582.44707739125, 152, -1.0
35583.724764824816, 101, -1.0
35585.871438150374, 35, -1.0
35586.16215490783, 101, -1.0
35588.016791680646, 75, -1.0
35598.64507795275, 75, 1.0
35600.70458842358, 152, 1.0
35600.992823911394, 75, 1.0
35602.7085249074, 101, 1.0
35606.481451457, 101, -1.0
35608.361288701584, 103, -1.0
35611.49389864492, 101, -1.0
35615.70479512318, 75, 1.0
35617.86774535785, 101, 1.0
35619.28372312675, 75, 1.0
35630.26801459685, 75, 1.0
35637.37120658398, 152, 1.0
35638.707765458515, 152, 1.0
35642.96763307486, 35, -1.0
35643.832346823445, 101, -1.0
35653.92954413566, 35, -1.0
35655.23552257913, 75, 1.0
35658.739071099364, 101, 1.0
35670.71166794519, 101, 1.0
35675.30373560186, 148, -1.0
35675.55461110898, 103, -1.0
35676.910841235636, 75, -1.0
35679.69895157169, 101, 1.0
35681.604368881875, 35, -1.0
35690.99716604776, 154, 1.0
35691.153284985056, 152, -1.0
35692.59695370048, 75, 1.0
35694.65462337748, 75, -1.0
35697.84980238609, 75, 1.0
35698.851981393964, 101, -1.0
35704.1405368429, 152, 1.0
35714.10406969073, 101, -1.0
35714.387964603055, 148, -1.0
35714.68400028748, 152, 1.0
35715.96591502698, 35, -1.0
35716.58958123643, 35, -1.0
35722.022039489275, 154, -1.0
35723.93366289525, 75, -1.0
35731.93406842555, 75, -1.0
35734.28796953808, 44, 1.0
35744.26659782819, 154, -1.0
35749.085382749094, 75, 1.0
35750.95746792311, 75, -1.0
35757.54531929692, 101, -1.0
35762.713232737915, 75, -1.0
35768.066575873476, 35, -1.0
35778.53588002357, 75, 1.0
35780.59406179169, 101, -1.0
35782.6568443927, 148, 1.0
35785.62843463392, 75, 1.0
35788.32726279978, 75, 1.0
35790.157081135956, 75, -1.0
35790.832978111364, 75, 1.0
35794.63517932797, 35, -1.0
35798.96657384293, 154, 1.0
35799.17207821024, 75, 1.0
35803.30648285188, 75, -1.0
35803.87055662824, 35, -1.0
35808.471317228905, 75, 1.0
35810.47646621936, 101, 1.0
35817.099831038184, 152, -1.0
35823.74750876939, 75, 1.0
35830.84867295331, 75, 1.0
35841.66218898263, 75, 1.0
35848.184625002425, 103, 1.0
35850.18354036157, 101, -1.0
35853.90899003532, 152, 1.0
35855.25888748152, 75, -1.0
35856.705652933924, 103, -1.0
35858.525963303626, 152, -1.0
35883.20665462021, 148, 1.0
35890.821512289156, 103, 1.0
35891.25470049844, 152, -1.0
35892.300308816724, 75, -1.0
35893.29406260068, 75, 1.0
35895.41701702657, 148, -1.0
35899.91698901241, 103, -1.0
35903.25481045105, 101, -1.0
35903.973664598394, 35, -1.0
35905.321703779526, 75, 1.0
35907.39696610895, 154, -1.0
35907.416595119495, 101, -1.0
35918.61014160143, 101, 1.0
35929.5757544341, 75, 1.0
35934.214362590305, 154, -1.0
35935.63704557168, 75, 1.0
35937.23821521383, 154, -1.0
35937.536718377676, 35, -1.0
35941.047922852624, 103, 1.0
35942.640544625705, 75, 1.0
35959.359265654, 152, 1.0
35960.24839054518, 152, -1.0
35962.18801999669, 154, 1.0
35967.802915349705, 75, 1.0
35970.69429905952, 44, -1.0
35971.740652196546, 75, -1.0
35974.02635433678, 103, -1.0
35978.20825151082, 101, 1.0
35980.49720951667, 152, 1.0
35982.214391494635, 152, 1.0
35984.55562968112, 148, -1.0
35986.67782793082, 75, 1.0
