21605.559276814354, 154, 1.0
21607.526998378045, 35, -1.0
21614.402636984625, 152, -1.0
21618.344448289023, 75, -1.0
21618.829198087376, 103, 1.0
21619.88859058458, 44, -1.0
21639.145892925746, 154, 1.0
21640.371567088478, 44, -1.0
21648.47163629751, 103, 1.0
21659.984724852842, 103, 1.0
21661.197352110696, 103, 1.0
21661.505952269257, 101, 1.0
21663.136878297923, 148, -1.0
21664.508999601076, 101, 1.0
21667.790135870593, 103, 1.0
21678.144588445368, 101, 1.0
21680.705539552928, 101, 1.0
21683.67252085081, 35, -1.0
21689.88911371786, 75, -1.0
21690.493720555736, 44, -1.0
21694.829885330764, 101, 1.0
21697.454160761794, 35, -1.0
21698.33453069577, 101, 1.0
21698.696322438806, 101, 1.0
21699.186005949417, 154, 1.0
21701.606009877974, 35, -1.0
21709.303540741137, 154, 1.0
21711.225519224638, 101, 1.0
21712.533181011102, 101, -1.0
21713.037281315526, 152, 1.0
21720.769179963805, 154, 1.0
21724.991186615138, 101, -1.0
21725.02313966075, 103, 1.0
21725.66089929571, 148, -1.0
21732.706123464308, 101, -1.0
21737.732389783203, 35, -1.0
21738.882809604198, 154, 1.0
21741.21855529986, 103, 1.0
21753.23580456349, 154, 1.0
21757.214382059894, 101, 1.0
21766.770328228813, 154, -1.0
21766.940119398438, 75, 1.0
21767.04226700507, 75, 1.0
21767.32669714055, 103, 1.0
21776.45648159341, 103, 1.0
21781.712081814672, 148, -1.0
21794.30724618616, 101, 1.0
21800.308316854185, 75, 1.0
21809.152978367274, 101, 1.0
21813.382818640643, 152, 1.0
21829.9650826096, 35, 1.0
21831.23513584287, 152, 1.0
21841.625020488904, 103, 1.0
21842.792119143858, 101, 1.0
21845.664386723733, 75, 1.0
21852.720066910268, 152, -1.0
21861.605779763133, 154, 1.0
21863.687849459795, 154, 1.0
21871.409159930663, 148, -1.0
21877.129475258935, 75, 1.0
21880.16283345996, 148, -1.0
21882.60950105962, 101, 1.0
21882.917779246785, 152, 1.0
21884.981051070874, 75, 1.0
21891.461515734285, 75, -1.0
21894.68377670552, 103, 1.0
21897.117407786245, 148, -1.0
21897.687071308177, 101, 1.0
21901.546412287105, 148, -1.0
21907.26326646938, 148, -1.0
21909.74686419274, 154, 1.0
21913.287416041665, 75, -1.0
21924.553648152276, 152, 1.0
21924.741750152625, 35, -1.0
21926.961462642063, 152, 1.0
21934.586329690104, 154, 1.0
21935.072934065553, 44, -1.0
21939.38203570655, 35, -1.0
21948.410241252343, 35, 1.0
21948.93043980105, 101, 1.0
21952.659111415353, 103, 1.0
21953.676403109843, 103, 1.0
21954.29163799782, 75, 1.0
21963.860476604703, 154, 1.0
21969.28009314107, 103, 1.0
21972.439798241106, 103, 1.0
21972.467286237443, 35, -1.0
21973.37197465041, 101, 1.0
21973.672171455637, 101, -1.0
21975.110994389834, 154, 1.0
21975.572362666942, 75, 1.0
21981.827787162314, 154, 1.0
21986.501967937806, 154, 1.0
21998.333488502132, 103, 1.0
22007.230597410246, 154, 1.0
22008.50409456092, 103, 1.0
22014.032511178193, 101, 1.0
22018.782055953445, 154, 1.0
22020.06480896948, 35, -1.0
22027.03094387544, 101, 1.0
22027.964656662894, 148, -1.0
22028.0436292205, 35, -1.0
22031.232205608954, 103, 1.0
22032.79649486713, 148, -1.0
22033.94611240648, 35, -1.0
22035.29326762165, 154, 1.0
22041.766036210134, 103, 1.0
22043.28431343844, 148, -1.0
22044.633796023558, 101, 1.0
22049.485508584785, 101, 1.0
22052.335451809657, 44, -1.0
22056.951579061526, 101, 1.0
22069.761311003112, 154, 1.0
22073.764338096218, 148, 1.0
22077.794163740826, 103, 1.0
22078.02220265119, 103, 1.0
22078.73770294417, 103, 1.0
22081.044906240943, 75, -1.0
22083.89024446438, 35, -1.0
22088.062119466722, 148, -1.0
22090.633428375513, 35, 1.0
22092.156487672302, 75, -1.0
22103.401083500754, 154, 1.0
22112.88833417199, 35, -1.0
22126.61152765049, 101, 1.0
22127.864766045648, 75, -1.0
22129.17055977417, 154, 1.0
22131.92890957142, 103, 1.0
22132.877499153798, 154, 1.0
22147.790377714937, 148, -1.0
22154.827818223515, 103, -1.0
22161.281429805997, 101, -1.0
22164.34389156812, 154, 1.0
22167.82055702164, 103, 1.0
22168.326594683913, 75, 1.0
22170.43695948304, 75, 1.0
22179.188798995365, 101, 1.0
22186.649898594813, 101, 1.0
22188.646137025407, 35, -1.0
22189.6844976967, 101, 1.0
22193.146245126045, 101, 1.0
22200.12024960789, 154, 1.0
22200.910529046792, 103, 1.0
22204.62338633601, 101, 1.0
22209.11519081412, 103, 1.0
22213.38935365529, 35, -1.0
22216.084592909232, 101, 1.0
22225.181800685008, 75, 1.0
22232.760599149897, 75, -1.0
22236.44575644674, 103, 1.0
22237.46912002049, 103, 1.0
22241.67500170726, 103, 1.0
22247.29302802344, 103, 1.0
22247.584759790512, 75, -1.0
22253.145924341723, 154, 1.0
22255.093461570283, 44, -1.0
22257.63232798153, 101, 1.0
22260.18411911765, 35, -1.0
22261.604844832636, 154, 1.0
22263.84322970077, 154, 1.0
22265.37926706925, 103, 1.0
22266.553750339594, 75, 1.0
22268.746150024726, 75, 1.0
22274.77435011301, 148, 1.0
22275.58654186668, 154, -1.0
22285.21017539114, 103, 1.0
22286.121696345188, 35, -1.0
22294.13013673465, 101, 1.0
22297.28207634752, 35, -1.0
22300.36357048296, 154, 1.0
22302.738552321964, 101, 1.0
22305.08225402963, 75, -1.0
22310.91271566435, 154, 1.0
22324.631567140834, 103, 1.0
22328.19339829199, 152, -1.0
22335.04944299434, 75, 1.0
22339.774155264065, 75, 1.0
22343.276450843743, 148, -1.0
22350.93766222869, 35, -1.0
22352.387337721757, 35, -1.0
22355.028175535794, 152, 1.0
22361.161378384615, 154, 1.0
22375.43980057774, 148, -1.0
22375.46327076884, 75, -1.0
22376.666628386658, 148, 1.0
22378.492622490423, 103, 1.0
22385.965730079704, 35, -1.0
22388.06149228189, 154, 1.0
22392.32914951062, 154, -1.0
22396.332226143677, 103, 1.0
22399.541876237206, 148, -1.0
22399.69297503035, 101, 1.0
22411.151119965332, 35, -1.0
22413.084905425927, 101, 1.0
22422.38640321418, 103, 1.0
22426.06148113418, 154, 1.0
22432.136540618532, 75, -1.0
22448.566748925463, 35, -1.0
22451.780830687825, 35, -1.0
22454.27512450096, 75, -1.0
22456.008242138716, 103, 1.0
22457.300785877367, 154, 1.0
22461.260648822732, 103, 1.0
22470.055886282284, 148, -1.0
22473.067672116642, 154, 1.0
22478.247061544902, 101, 1.0
22485.299087748557, 103, -1.0
22485.42989172694, 152, -1.0
22491.845999187768, 35, 1.0
22496.049610131628, 101, 1.0
22505.054556982424, 154, 1.0
22510.262105445294, 103, 1.0
22511.85720264632, 75, 1.0
22519.153262894877, 101, 1.0
22522.07675628204, 154, 1.0
22533.8878575248, 75, -1.0
22537.056552212005, 154, 1.0
22538.70812507251, 103, 1.0
22540.503279973225, 154, 1.0
22541.06401253352, 75, -1.0
22545.804369974107, 154, 1.0
22547.479837911967, 101, 1.0
22553.37756392186, 103, -1.0
22556.569017547343, 154, 1.0
22558.008689688228, 75, 1.0
22563.39273577709, 44, -1.0
22564.650552410356, 75, -1.0
22565.044853093117, 154, 1.0
22566.5133121622, 154, 1.0
22567.330456782376, 148, -1.0
22568.169777069048, 101, 1.0
22571.839539969456, 75, -1.0
22572.203097064983, 154, 1.0
22572.32701165462, 35, -1.0
22585.79551801134, 148, -1.0
22593.973539724706, 101, -1.0
22595.950843033854, 75, 1.0
22597.14764996784, 75, -1.0
22601.678090052166, 152, -1.0
22602.145328382267, 103, 1.0
22603.85853570404, 148, -1.0
22605.37332885947, 35, -1.0
22611.356081063183, 154, -1.0
22621.23416666665, 154, 1.0
22626.804178589537, 154, 1.0
22639.350813842764, 101, 1.0
22641.818277293394, 35, -1.0
22642.45185753902, 103, 1.0
22643.033648471963, 154, 1.0
22651.005661868287, 75, -1.0
22658.96874252144, 103, 1.0
22660.23777384759, 75, 1.0
22666.23952904329, 103, 1.0
22666.454265948916, 152, -1.0
22669.019467319005, 44, -1.0
22669.289023844787, 103, 1.0
22678.896889849028, 154, 1.0
22678.901557981106, 154, 1.0
22682.6623694627, 75, 1.0
22685.602855908655, 101, 1.0
22686.39190623518, 101, 1.0
22688.409465121473, 101, -1.0
22690.400749863835, 75, -1.0
22696.27324332789, 101, -1.0
22698.844347629278, 148, -1.0
22698.872083684917, 101, 1.0
22699.146541055503, 35, 1.0
22706.45509861483, 35, 1.0
22717.64495864291, 101, 1.0
22718.770984072446, 75, -1.0
22720.135990523868, 154, 1.0
22725.492501095257, 75, 1.0
22726.00966546419, 148, -1.0
22728.153127957143, 154, 1.0
22729.008009830784, 148, -1.0
22743.927692969715, 75, 1.0
22756.300123623554, 154, 1.0
22756.666424336032, 103, 1.0
22763.967095545606, 35, -1.0
22768.076280545265, 75, -1.0
22773.066214047074, 101, 1.0
22774.020417865977, 154, -1.0
22774.20019931207, 75, -1.0
22776.958240094318, 154, 1.0
22783.750798465477, 75, -1.0
22783.995051149075, 35, -1.0
22787.368032816463, 152, 1.0
22788.140025909863, 154, 1.0
22792.709996165635, 101, 1.0
22792.792563836156, 154, 1.0
22795.25451253413, 154, 1.0
22801.213530703575, 35, -1.0
22802.774384553668, 154, 1.0
22805.140423987155, 35, -1.0
22810.773107931676, 101, 1.0
22811.064759741024, 35, -1.0
22815.020540243742, 75, 1.0
22826.99215336091, 103, 1.0
22848.338455599926, 103, 1.0
22854.745938148142, 103, 1.0
22858.79290320416, 154, 1.0
22862.62645236719, 75, -1.0
22875.492348991713, 152, -1.0
22885.36806828431, 101, 1.0
22889.95483918129, 103, 1.0
22896.32141268225, 35, -1.0
22896.630609226504, 148, 1.0
22897.090021967488, 103, 1.0
22898.859552098453, 154, 1.0
22910.562722641036, 35, -1.0
22915.0762199663, 75, -1.0
22916.534205104224, 152, -1.0
22916.951771001226, 154, 1.0
22920.737755129914, 35, -1.0
22921.13350538995, 152, -1.0
22929.188192066074, 101, 1.0
22936.55215226119, 154, 1.0
22941.824585273807, 103, 1.0
22949.939799164305, 101, 1.0
22950.201296225077, 154, 1.0
22961.0109784203, 103, 1.0
22962.104445986686, 103, 1.0
22963.72445536293, 101, 1.0
22963.991930545366, 101, 1.0
22964.333587310575, 35, -1.0
22965.48378856232, 101, 1.0
22972.33286133975, 152, 1.0
22975.226736801847, 101, 1.0
22981.740438677138, 101, 1.0
22988.684027332172, 101, -1.0
22990.618713726963, 154, 1.0
23007.58807414929, 101, 1.0
23027.307681149938, 154, 1.0
23033.33697294577, 101, 1.0
23038.421337308107, 103, 1.0
23044.75230780541, 103, 1.0
23046.68995224957, 75, -1.0
23053.84449871845, 154, 1.0
23075.512396686565, 101, 1.0
23080.64434403397, 148, -1.0
23082.858601789816, 154, 1.0
23086.828426023414, 154, 1.0
23097.677424330475, 103, 1.0
23100.71606754663, 103, 1.0
23104.145802324078, 152, 1.0
23108.717371263258, 35, -1.0
23114.50792624778, 154, 1.0
23118.78723587019, 101, 1.0
23120.036959274974, 154, 1.0
23123.211056174332, 148, 1.0
23123.87385495535, 101, 1.0
23125.870969406646, 44, -1.0
23127.17699180689, 75, -1.0
23141.502538537126, 154, 1.0
23142.303350856197, 75, -1.0
23143.596486636932, 75, 1.0
23150.64979379031, 103, 1.0
23152.91962066973, 103, 1.0
23157.81125040616, 154, 1.0
23158.286815305808, 35, -1.0
23165.80300903882, 103, 1.0
23166.058783343025, 101, -1.0
23173.283004273642, 152, 1.0
23193.391882115222, 148, -1.0
23201.4994392362, 44, -1.0
23202.34978533119, 101, 1.0
23204.40903989724, 35, -1.0
23207.239884923223, 103, 1.0
23210.2694612943, 101, 1.0
23216.92023972476, 148, -1.0
23232.199714901297, 154, 1.0
23233.43195049574, 103, 1.0
23235.27181893009, 103, 1.0
23237.168067040773, 35, -1.0
23239.16187989547, 35, -1.0
23239.47922490869, 103, 1.0
23240.586599640108, 154, -1.0
23250.932031668715, 75, -1.0
23251.441205513893, 101, -1.0
23258.693985506914, 101, 1.0
23259.64600447785, 44, -1.0
23260.50357717445, 101, 1.0
23272.056147948282, 154, 1.0
23274.54782736349, 103, 1.0
23277.130379226917, 44, -1.0
23277.384479621116, 101, 1.0
23281.28802903101, 154, 1.0
23282.519882366425, 103, 1.0
23290.334810674285, 101, 1.0
23291.27841962815, 103, 1.0
23295.076646449856, 35, -1.0
23296.89102124384, 44, 1.0
23297.861199367788, 101, 1.0
23298.067921542864, 152, -1.0
23299.853675852093, 35, -1.0
23306.37281281919, 101, 1.0
23310.005332654284, 154, 1.0
23311.884560396753, 148, -1.0
23322.11031827577, 152, 1.0
23325.335501985955, 154, 1.0
23337.59370245808, 103, 1.0
23338.577239698097, 154, 1.0
23340.580072903922, 75, -1.0
23341.494488018503, 44, -1.0
23342.53597921299, 35, -1.0
23344.83969382232, 35, 1.0
23347.43303073593, 44, 1.0
23353.30254575626, 101, 1.0
23358.706573553678, 101, 1.0
23368.383797010312, 154, -1.0
23373.854110025866, 101, -1.0
23381.39144472367, 103, 1.0
23382.695628019545, 103, 1.0
23385.749976663265, 101, 1.0
23386.43694022827, 152, 1.0
23392.566764085543, 35, -1.0
23397.558384145173, 101, 1.0
23398.021255885338, 103, 1.0
23405.17936502213, 154, -1.0
23410.918762203146, 154, 1.0
23417.553726787144, 35, 1.0
23420.928994537288, 75, -1.0
23421.949885173504, 148, -1.0
23426.194781033635, 35, 1.0
23427.128940339728, 101, 1.0
23434.765263463993, 103, 1.0
23435.64245349207, 154, 1.0
23437.994930403314, 35, -1.0
23458.30523919157, 154, 1.0
23458.876537750133, 103, -1.0
23462.1591820561, 152, 1.0
23462.88327367088, 101, 1.0
23467.312404838853, 101, 1.0
23468.902800514923, 101, 1.0
23469.47073496872, 35, 1.0
23470.638995320038, 75, 1.0
23475.407608875772, 103, 1.0
23479.871998318253, 101, -1.0
23485.946986004023, 35, -1.0
23487.401003921892, 103, -1.0
23489.136130762905, 154, 1.0
23502.042088267226, 103, 1.0
23504.49296698142, 154, 1.0
23507.164532746236, 154, -1.0
23515.883663465498, 75, 1.0
23530.571672772166, 103, 1.0
23536.556219140297, 154, 1.0
23550.837112862588, 35, -1.0
23554.86432959129, 152, 1.0
23560.33966198273, 154, 1.0
23569.791970976552, 154, 1.0
23572.873663106475, 154, 1.0
23575.62511849328, 35, -1.0
23582.745495887637, 101, 1.0
23586.062335297058, 75, 1.0
23591.616303561717, 35, -1.0
23591.911493672178, 101, 1.0
23596.534077543212, 101, -1.0
23599.204920390363, 44, -1.0
23600.09722387762, 103, 1.0
23601.28173334423, 35, -1.0
23607.713907459576, 152, -1.0
23608.307347041326, 75, -1.0
23611.620528728752, 154, 1.0
23616.03271398442, 154, 1.0
23619.863578094442, 35, -1.0
23625.759402930205, 148, -1.0
23630.65261622963, 148, -1.0
23631.64272177735, 101, 1.0
23641.805776812434, 101, 1.0
23647.34745835748, 154, 1.0
23650.043835986387, 154, 1.0
23662.24023579483, 101, 1.0
23663.20943609594, 35, 1.0
23667.835756762324, 101, 1.0
23668.876274071332, 152, 1.0
23674.624671421854, 154, 1.0
23682.817068154713, 152, 1.0
23689.864206790644, 154, 1.0
23690.403509470252, 35, -1.0
23691.408630847905, 103, 1.0
23695.409670590558, 103, 1.0
23723.77989767741, 152, -1.0
23727.732427172712, 75, 1.0
23741.92929200767, 154, 1.0
23747.725508787058, 103, 1.0
23748.05013662229, 75, 1.0
23761.416385904082, 75, -1.0
23770.29045487579, 35, -1.0
23773.711800217614, 154, 1.0
23776.891802893337, 154, 1.0
23782.66258875327, 103, 1.0
23787.681764059904, 101, -1.0
23794.289159786873, 35, -1.0
23799.071987847376, 152, 1.0
23801.6910528471, 154, 1.0
23810.01176488078, 101, -1.0
23818.43881067418, 75, 1.0
23819.398188265775, 101, 1.0
23820.971040535682, 101, 1.0
23825.030985044075, 35, -1.0
23826.368490374363, 154, 1.0
23830.709686999282, 148, -1.0
23833.311601124184, 75, 1.0
23837.49058386266, 103, 1.0
23843.092545042404, 103, 1.0
23844.45127418375, 154, -1.0
23852.883875115385, 154, 1.0
23863.143735118305, 75, -1.0
23872.096409956088, 154, 1.0
23872.449532586135, 35, -1.0
23874.60945786071, 154, 1.0
23874.8614283552, 75, -1.0
23876.937330892295, 103, 1.0
23889.706667189508, 101, 1.0
23895.063870806214, 154, 1.0
23895.430228803707, 101, 1.0
23899.4063371, 154, -1.0
23901.93355538516, 154, 1.0
23909.787665792424, 101, 1.0
23912.598467078522, 154, 1.0
23914.842221961168, 101, 1.0
23920.546284471402, 154, 1.0
23920.785247755735, 75, -1.0
23923.366755866246, 101, 1.0
23925.728858861192, 154, 1.0
23926.51120822625, 154, 1.0
23928.67406256342, 35, -1.0
23943.05528598291, 103, 1.0
23944.57654509759, 101, 1.0
23947.45217204683, 75, 1.0
23964.252789540824, 103, 1.0
23973.093185113266, 103, 1.0
23983.41437477336, 101, 1.0
23984.341574704595, 101, 1.0
23986.43992942464, 103, 1.0
23987.39619448071, 152, -1.0
23993.88559157673, 75, 1.0
23996.143302138527, 103, 1.0
24001.058025345814, 75, 1.0
24006.438498234038, 103, 1.0
24007.9913082903, 154, 1.0
24018.325267409145, 101, 1.0
24029.852122519616, 101, 1.0
24030.980677381547, 103, 1.0
24052.34704426312, 75, 1.0
24054.668147464283, 148, -1.0
24066.25882435485, 101, 1.0
24067.279312343115, 35, -1.0
24072.131399502083, 35, -1.0
24073.127658399164, 101, -1.0
24073.57691035317, 101, 1.0
24075.391936251683, 44, -1.0
24075.568183741365, 101, 1.0
24076.034680466135, 35, 1.0
24077.107045944187, 44, -1.0
24081.81150933021, 35, -1.0
24083.068785737738, 101, 1.0
24091.817705652167, 75, -1.0
24098.70456478639, 75, 1.0
24119.533632156104, 152, -1.0
24128.529247240866, 154, 1.0
24130.576716478903, 35, -1.0
24138.60786308578, 103, 1.0
24139.2224087926, 101, 1.0
24143.99454876526, 103, 1.0
24156.534538085856, 103, 1.0
24157.60541368132, 154, 1.0
24160.018824271672, 154, 1.0
24168.633323377093, 101, 1.0
24174.818365499108, 154, 1.0
24179.222862502415, 35, -1.0
24179.63931943884, 75, 1.0
24182.964925734934, 154, -1.0
24188.420313131857, 101, 1.0
24188.864279479032, 154, 1.0
24194.266656223597, 103, 1.0
24199.040913871595, 35, -1.0
24206.905135545287, 75, 1.0
24219.30523589911, 103, 1.0
24220.638160100327, 154, 1.0
24224.26865538001, 101, 1.0
24224.288830262456, 35, -1.0
24227.57960760234, 154, 1.0
24228.121961368044, 152, 1.0
24232.119413804652, 154, -1.0
24239.651404001732, 35, -1.0
24241.468411591384, 75, 1.0
24245.802930108697, 103, 1.0
24245.88370486485, 35, -1.0
24258.297515338716, 154, 1.0
24259.635166956512, 35, 1.0
24263.845679888564, 152, 1.0
24273.449974844865, 152, 1.0
24287.546906340864, 35, -1.0
24290.936954068635, 154, 1.0
24300.331027375367, 103, 1.0
24300.701515515146, 103, 1.0
24307.42919342915, 35, -1.0
24312.769113751896, 101, 1.0
24313.965948149133, 35, -1.0
24318.186728954053, 154, -1.0
24319.667237893547, 35, -1.0
24321.613399571514, 75, 1.0
24324.02350539999, 101, 1.0
24325.01973059679, 101, 1.0
24329.851917610667, 154, 1.0
24331.306787848283, 75, 1.0
24335.336285031004, 148, -1.0
24343.16018395153, 103, -1.0
24344.419565085092, 35, -1.0
24346.301249041328, 75, 1.0
24349.025594305916, 35, -1.0
24354.196218842495, 152, -1.0
24359.308959572758, 103, 1.0
24360.96228901667, 148, 1.0
24370.11567733347, 44, 1.0
24377.94554621442, 75, -1.0
24378.04134875873, 154, 1.0
24381.54004074362, 101, 1.0
24390.360639744686, 103, 1.0
24393.29966917645, 154, 1.0
24394.96607985124, 35, -1.0
24395.270772269203, 152, -1.0
24395.749531272533, 101, 1.0
24396.238632971406, 101, 1.0
24397.445376626718, 101, 1.0
24409.2171827789, 154, 1.0
24409.72031164779, 148, -1.0
24413.426065669137, 154, 1.0
24416.21787425524, 35, 1.0
24417.882713535106, 75, 1.0
24418.948218233454, 103, 1.0
24422.05499116475, 75, 1.0
24430.120753098483, 35, -1.0
24431.534234075112, 35, -1.0
24432.070687018597, 101, 1.0
24436.67575305257, 35, -1.0
24437.62348766608, 103, 1.0
24442.054190035273, 103, 1.0
24444.21430221803, 35, 1.0
24444.804181118667, 103, 1.0
24454.524167912583, 35, 1.0
24457.44877023929, 75, 1.0
24460.548012450483, 154, 1.0
24470.33419612927, 75, 1.0
24471.56071669242, 152, -1.0
24478.214539202734, 101, -1.0
24480.911973096172, 154, 1.0
24482.83099369416, 35, -1.0
24485.165008971573, 101, 1.0
24498.702178276155, 103, 1.0
24499.07469175534, 103, 1.0
24500.72461996666, 103, 1.0
24508.537536224096, 101, -1.0
24511.54578493637, 152, -1.0
24512.82047842365, 44, -1.0
24532.019731485154, 101, -1.0
24536.466301368586, 148, -1.0
24541.419671557953, 154, 1.0
24544.07596969048, 103, 1.0
24544.744333323353, 35, -1.0
24544.936283382227, 35, -1.0
24546.404061883804, 75, 1.0
24547.906065289608, 148, -1.0
24558.067921985174, 35, -1.0
24562.612721171256, 75, 1.0
24562.800940730896, 75, 1.0
24562.8696607786, 101, 1.0
24570.23451269871, 75, 1.0
24570.796200057455, 101, 1.0
24573.80825860013, 154, 1.0
24580.564926447074, 101, 1.0
24586.77305040969, 103, 1.0
24588.550299718467, 154, 1.0
24601.491488377902, 154, -1.0
24606.72056114243, 101, -1.0
24607.590746572674, 103, 1.0
24611.864599800057, 35, -1.0
24619.890505937776, 148, -1.0
24621.608201809377, 154, 1.0
24634.217959799604, 75, -1.0
24640.905044832412, 154, 1.0
24649.47779480521, 154, 1.0
24674.650132648163, 44, -1.0
24678.331254677658, 35, -1.0
24680.231365665113, 101, 1.0
24683.34818395471, 103, 1.0
24685.659890789648, 154, 1.0
24686.816515619612, 101, 1.0
24689.014510834397, 35, -1.0
24690.328927850507, 35, -1.0
24691.570133222227, 75, 1.0
24705.304479531715, 154, 1.0
24707.47844207672, 101, 1.0
24713.22496972223, 103, -1.0
24718.47863362131, 148, -1.0
24720.26916001148, 152, -1.0
24720.45730621166, 101, 1.0
24721.02498986601, 103, 1.0
24723.282192451494, 35, -1.0
24724.221636258564, 35, -1.0
24728.005301502428, 101, 1.0
24729.352131926382, 103, 1.0
24731.006146996944, 101, 1.0
24733.659442219407, 148, -1.0
24749.577834055846, 154, 1.0
24750.83634656074, 101, 1.0
24751.85378699892, 35, -1.0
24753.48834047638, 103, 1.0
24754.185185062128, 154, 1.0
24757.204273832944, 35, -1.0
24758.66457597221, 101, 1.0
24759.265050269565, 154, 1.0
24760.620286721605, 103, 1.0
24762.894851946618, 75, -1.0
24770.4856293652, 152, -1.0
24771.31380003303, 101, 1.0
24773.693731459334, 101, 1.0
24780.653349558506, 101, 1.0
24787.29747874297, 148, -1.0
24790.684919981883, 103, 1.0
24792.365389181658, 35, -1.0
24794.15809433495, 154, 1.0
24799.247318769438, 35, -1.0
24807.730305818895, 75, 1.0
24817.499818866818, 35, -1.0
24824.875025783098, 75, 1.0
24824.891611965635, 152, 1.0
24830.32357911271, 35, 1.0
24831.41814388587, 75, -1.0
24831.531555917405, 148, -1.0
24835.161949716177, 154, 1.0
24835.963303870947, 103, 1.0
24845.255430151276, 101, 1.0
24848.693333607076, 103, 1.0
24854.65315014203, 103, 1.0
24864.406100959317, 154, 1.0
24867.78629622844, 152, 1.0
24870.846695765544, 103, 1.0
24871.999983286256, 154, 1.0
24873.278620222995, 35, -1.0
24878.566101455603, 154, 1.0
24879.21290941573, 103, 1.0
24883.074254597825, 101, 1.0
24890.152339003296, 103, 1.0
24891.929061885832, 75, 1.0
24895.78533138997, 35, -1.0
24907.621125563066, 75, 1.0
24909.75831320692, 75, -1.0
24913.497133723755, 101, 1.0
24913.709472115537, 75, -1.0
24920.692213502138, 101, 1.0
24921.97493468344, 154, 1.0
24923.977151707157, 101, -1.0
24937.533395587267, 101, -1.0
24940.684313811656, 101, 1.0
24952.423163252464, 103, -1.0
24960.387228068597, 101, 1.0
24961.680785186345, 35, -1.0
24962.325160690565, 148, -1.0
24963.69369354718, 101, 1.0
24980.622061300648, 35, -1.0
25001.02826365822, 75, -1.0
25008.28258488442, 154, 1.0
25015.52243589187, 103, 1.0
25017.889035502732, 75, -1.0
25025.083218717253, 154, 1.0
25038.028925163228, 103, 1.0
25043.291336770333, 75, 1.0
25049.464753540044, 148, -1.0
25055.32398749787, 154, -1.0
25075.323406386742, 148, -1.0
25075.51137812249, 154, 1.0
25075.801974153732, 154, 1.0
25079.209798644304, 35, -1.0
25079.393055814093, 101, -1.0
25080.73151440797, 152, -1.0
25085.831591108355, 103, 1.0
25113.644640900802, 101, 1.0
25120.67011780134, 101, 1.0
25129.079044713966, 35, 1.0
25129.45678005124, 44, -1.0
25139.023744299186, 152, -1.0
25152.470907323648, 154, 1.0
25154.62797128959, 44, -1.0
25155.610065443918, 103, 1.0
25159.041628176838, 154, 1.0
25161.498750122322, 103, 1.0
25166.587208978068, 154, 1.0
25186.838781615104, 75, -1.0
25195.463511520844, 103, 1.0
25198.461350527257, 154, -1.0
25200.457645700746, 103, 1.0
25200.568353725506, 152, -1.0
25214.06677222186, 101, -1.0
25217.558374739783, 75, 1.0
25217.962869470597, 148, -1.0
25230.40693110977, 148, -1.0
25232.780348977918, 44, -1.0
25241.210021112995, 44, -1.0
25248.79696116165, 103, -1.0
25252.214865745907, 75, 1.0
25255.004164293136, 35, -1.0
25255.046541981323, 152, -1.0
25258.62205366055, 44, -1.0
25258.63318499183, 103, 1.0
25268.602533031502, 148, -1.0
25270.063127684676, 148, -1.0
25280.630464318678, 148, -1.0
25288.99812186541, 103, 1.0
25297.96006621578, 35, -1.0
25301.63174937923, 75, -1.0
25302.677572586803, 148, -1.0
25311.714316152214, 154, 1.0
25312.341829447687, 75, -1.0
25313.836068400487, 75, 1.0
25322.199920041578, 103, 1.0
25329.68145247014, 44, -1.0
25330.51764888453, 103, 1.0
25334.049755826258, 35, -1.0
25352.752238624744, 75, 1.0
25354.85910934275, 103, -1.0
25358.76668163519, 101, -1.0
25366.215143370646, 103, 1.0
25374.263824129357, 35, -1.0
25379.203791952656, 103, 1.0
25379.567307650534, 103, 1.0
25380.368942603665, 75, -1.0
25382.321872531087, 44, -1.0
25393.5019975202, 35, -1.0
25400.159784223975, 103, -1.0
25402.531003312528, 101, 1.0
25415.066799734974, 44, -1.0
25420.933083882843, 35, 1.0
25422.428270710072, 152, 1.0
25431.180358356974, 152, 1.0
25433.303391705558, 35, -1.0
25434.361603734313, 44, -1.0
25450.897226195615, 101, -1.0
25456.241147201446, 101, -1.0
25468.29189793713, 148, -1.0
25473.895711941837, 35, -1.0
25479.204304708535, 35, 1.0
25481.023790462146, 152, 1.0
25489.479683211975, 152, 1.0
25490.47031169858, 44, -1.0
25500.44934865039, 35, -1.0
25500.91099929067, 152, -1.0
25502.995727824382, 75, -1.0
25536.38764552557, 101, 1.0
25538.599947737097, 103, 1.0
25544.12410421557, 103, 1.0
25561.193568125273, 103, 1.0
25561.640748178408, 152, -1.0
25564.685663422424, 152, -1.0
25567.40962849739, 148, -1.0
25571.786660886395, 35, -1.0
25576.728019702805, 101, -1.0
25580.207065903855, 154, -1.0
25588.362124101528, 103, 1.0
25593.3581532696, 103, 1.0
25598.373659559027, 103, 1.0
25599.731216520802, 75, -1.0
25605.07395406567, 148, -1.0
25606.71456226263, 35, 1.0
25608.86695031565, 148, -1.0
25610.270486726247, 148, -1.0
25614.788527053926, 103, -1.0
25614.901681708638, 44, -1.0
25615.632850750262, 35, -1.0
25618.076380045197, 44, -1.0
25622.692642206137, 44, -1.0
25630.011212096644, 35, 1.0
25635.53038372069, 101, -1.0
25681.627787029414, 148, -1.0
25682.033352547776, 35, 1.0
25685.605639559268, 152, -1.0
25686.505438887463, 148, -1.0
25688.88183060777, 44, -1.0
25689.255033231653, 101, -1.0
25700.454350404343, 148, -1.0
25704.453531946045, 148, -1.0
25710.96817648722, 152, 1.0
25724.734288046006, 101, 1.0
25732.97160942511, 35, 1.0
25734.225008357498, 154, 1.0
25743.88873080066, 75, 1.0
25748.77318760534, 44, -1.0
25756.706777081083, 101, 1.0
25758.413639758834, 103, 1.0
25760.67211374186, 101, 1.0
25769.474600609312, 103, 1.0
25771.143867704843, 35, 1.0
25777.55727074114, 75, -1.0
25783.243845189198, 152, 1.0
25787.93146703145, 75, -1.0
25788.705370955646, 35, -1.0
25791.91108681001, 101, -1.0
25813.318387554034, 75, 1.0
25817.48089382612, 101, 1.0
25821.325502277046, 101, -1.0
25827.075958094825, 35, -1.0
25828.612602203604, 35, 1.0
25832.984502028135, 103, 1.0
25838.04675256969, 154, 1.0
25842.340121022273, 35, -1.0
25847.775809063554, 103, 1.0
25848.455748672455, 148, -1.0
25861.70217951805, 44, 1.0
25862.162986981602, 103, 1.0
25867.612194621903, 103, 1.0
25868.839238046396, 44, -1.0
25887.487200919288, 154, 1.0
25895.449097246074, 75, -1.0
25897.207452480383, 75, -1.0
25908.55467489722, 103, 1.0
25917.931141621895, 152, -1.0
25918.759174859646, 152, -1.0
25920.984094297564, 103, 1.0
25925.538643311647, 103, 1.0
25930.460845161382, 148, -1.0
25942.53406276571, 35, -1.0
25950.120738036265, 103, -1.0
25953.683850197234, 103, 1.0
25965.090876692007, 103, 1.0
25971.792106383138, 35, 1.0
25974.52075150205, 148, -1.0
25979.99204119858, 152, -1.0
25981.21905876373, 35, -1.0
25981.841452059936, 152, -1.0
25981.953783249515, 152, 1.0
25984.933912805376, 154, -1.0
25992.060038995744, 103, 1.0
25992.99400517938, 103, 1.0
25999.795058962725, 148, -1.0
26007.50307200572, 44, -1.0
26019.199683155974, 152, 1.0
26022.674352032765, 75, 1.0
26033.786511012444, 154, -1.0
26045.90015958097, 75, -1.0
26059.346438452478, 103, 1.0
26069.40243373031, 75, 1.0
26071.738634881884, 101, -1.0
26073.154760604513, 101, -1.0
26086.375214744414, 103, 1.0
26095.00069207611, 75, 1.0
26095.40769239482, 101, 1.0
26103.938645162907, 148, -1.0
26103.93869442789, 101, -1.0
26105.201577744254, 35, 1.0
26107.068925531636, 35, -1.0
26108.13912984239, 152, -1.0
26108.32077633158, 154, -1.0
26113.21929473976, 103, 1.0
26123.98647597338, 103, 1.0
26130.32523085183, 35, -1.0
26131.98494113742, 103, 1.0
26151.973413167852, 35, -1.0
26161.475221524204, 75, -1.0
26171.84662880776, 35, -1.0
26184.513308873167, 152, 1.0
26201.43281820404, 35, -1.0
26208.349148691934, 101, 1.0
26210.78720488763, 101, -1.0
26223.762813677797, 75, 1.0
26236.442407170307, 154, -1.0
26238.79884328076, 103, 1.0
26240.17272894501, 154, 1.0
26245.946360297283, 75, -1.0
26250.21583794641, 101, -1.0
26255.373528580923, 103, 1.0
26259.010614455292, 44, -1.0
26266.146308407584, 148, -1.0
26266.839780525697, 35, -1.0
26278.498708748117, 35, 1.0
26283.955967124763, 154, -1.0
26287.138280299976, 101, 1.0
26288.481346363566, 35, 1.0
26301.45795920576, 103, 1.0
26308.46498690848, 154, 1.0
26321.24362178978, 44, -1.0
26321.43342914639, 103, 1.0
26325.77945936363, 148, -1.0
26326.715113764698, 103, 1.0
26329.22577527393, 35, 1.0
26332.56725418815, 103, 1.0
26334.880049785592, 152, -1.0
26335.49676102885, 101, -1.0
26340.20804137743, 35, -1.0
26345.409340966926, 101, -1.0
26351.617723450552, 152, -1.0
26352.590642093317, 148, -1.0
26353.425791137586, 35, 1.0
26355.747599262908, 75, -1.0
26359.14386939794, 44, 1.0
26362.44999392891, 35, -1.0
26378.65754444739, 154, -1.0
26383.89863940066, 148, -1.0
26384.908931175014, 103, 1.0
26385.072980153083, 152, 1.0
26389.271455405476, 101, -1.0
26399.237674165666, 154, 1.0
26410.0722367268, 35, 1.0
26418.488355054837, 148, -1.0
26450.417282141414, 44, -1.0
26470.824169944273, 44, -1.0
26474.07996560253, 35, -1.0
26481.741901593185, 152, 1.0
26485.584491730646, 103, -1.0
26488.84752119163, 152, -1.0
26491.933580590947, 101, 1.0
26496.036403454094, 148, 1.0
26502.29942588584, 35, -1.0
26512.894782239182, 44, -1.0
26514.832666013135, 154, -1.0
26535.11931177053, 148, -1.0
26540.74748169343, 103, 1.0
26541.479843079433, 103, -1.0
26542.3472056168, 101, 1.0
26548.3859677761, 148, -1.0
26549.25069865489, 103, -1.0
26556.934939212242, 35, -1.0
26561.79744112168, 148, -1.0
26562.90748604643, 44, -1.0
26563.117741588696, 75, -1.0
26564.42078244385, 152, -1.0
26564.99327450942, 35, -1.0
26567.103550891494, 103, 1.0
26571.682244776814, 75, 1.0
26571.87006405691, 101, -1.0
26580.15138380711, 101, 1.0
26582.35232377647, 148, -1.0
26583.439429421458, 148, -1.0
26599.13975495631, 75, -1.0
26610.385164412713, 148, -1.0
26622.84143891505, 103, 1.0
26623.227562291457, 75, 1.0
26625.434388258698, 148, -1.0
26634.91319459301, 35, -1.0
26635.59614448772, 35, -1.0
26638.246016936093, 75, 1.0
26641.52532275136, 103, -1.0
26647.586581194926, 75, -1.0
26654.395657266203, 154, -1.0
26675.541585995055, 44, -1.0
26677.786027902795, 154, -1.0
26685.841152774054, 103, 1.0
26686.522517257818, 101, -1.0
26690.217662240637, 103, 1.0
26696.555303863825, 75, -1.0
26701.071081490685, 152, 1.0
26705.19897088854, 35, 1.0
26712.083660746117, 101, -1.0
26712.133406494464, 35, 1.0
26720.55197655766, 152, -1.0
26726.669751214944, 35, 1.0
26733.605494156196, 35, -1.0
26735.884896740255, 44, -1.0
26739.827364064975, 44, -1.0
26746.353134539695, 103, 1.0
26751.943938889475, 75, -1.0
26752.387220487668, 75, 1.0
26757.7019017118, 148, -1.0
26759.08748260002, 75, -1.0
26765.365204146532, 35, -1.0
26771.26705606271, 35, -1.0
26790.126929938662, 101, -1.0
26791.7746180158, 75, 1.0
26798.155057711327, 148, -1.0
26801.861143232138, 103, 1.0
26809.663768391056, 103, 1.0
26812.564022563118, 101, 1.0
26814.161537458156, 103, 1.0
26815.643522331215, 75, 1.0
26823.097400891405, 103, 1.0
26832.274294249175, 148, 1.0
26833.385183460352, 152, 1.0
26839.862877225405, 101, 1.0
26841.95706145792, 35, 1.0
26848.151952306987, 35, 1.0
26867.922027213004, 103, 1.0
26870.84566653862, 148, -1.0
26882.21465011344, 148, -1.0
26884.10635475971, 154, -1.0
26886.06221317362, 75, -1.0
26887.348925922546, 148, -1.0
26898.137898185953, 103, 1.0
26901.85541319862, 35, -1.0
26902.91137575637, 103, 1.0
26908.68106849416, 101, 1.0
26933.74014333748, 103, 1.0
26934.11816757106, 35, -1.0
26942.46378757585, 75, -1.0
26953.554776030287, 35, -1.0
26966.507133442894, 44, -1.0
26971.58742349771, 44, -1.0
26975.401901290606, 75, 1.0
26976.014981070424, 103, 1.0
26977.078944161978, 103, 1.0
26978.647907180526, 148, -1.0
26986.49259956902, 154, 1.0
26996.968321735363, 148, -1.0
26999.5421662654, 35, -1.0
27000.781904591724, 148, 1.0
27000.959537742954, 152, 1.0
27005.3141299014, 101, 1.0
27011.158919462898, 148, -1.0
27011.404294839063, 75, -1.0
27014.424219367993, 103, 1.0
27031.490110119317, 148, -1.0
27034.30577922426, 103, 1.0
27037.512900255555, 75, -1.0
27040.88958728815, 35, -1.0
27047.661304327736, 148, -1.0
27061.6504138532, 103, 1.0
27063.750251753427, 148, -1.0
27072.664300952012, 35, 1.0
27075.864172451213, 103, 1.0
27081.729432874174, 103, 1.0
27104.90569715184, 148, -1.0
27114.92074108449, 75, -1.0
27118.857808536457, 154, 1.0
27122.416828909616, 35, -1.0
27125.999995848597, 35, -1.0
27135.631154147173, 75, -1.0
27135.742400364714, 152, 1.0
27143.090299360752, 101, -1.0
27153.358071557395, 103, 1.0
27158.148215762405, 148, -1.0
27165.939332370526, 75, 1.0
27174.502954526077, 44, -1.0
27175.71135515756, 103, 1.0
27180.641470519793, 35, 1.0
27184.93902181024, 148, -1.0
27206.649931042168, 44, -1.0
27206.65729967791, 75, -1.0
27212.27570751001, 103, 1.0
27215.971750769215, 75, -1.0
27223.170679629235, 101, 1.0
27225.124525439664, 152, 1.0
27225.13995985748, 35, 1.0
27225.414282101214, 101, 1.0
27238.569421749442, 75, -1.0
27244.88836174232, 148, -1.0
27255.544555726934, 103, 1.0
27264.726506197218, 103, 1.0
27266.696814185143, 44, -1.0
27270.955280409587, 154, -1.0
27272.300421617365, 44, 1.0
27273.85522595562, 44, -1.0
27276.63710512529, 148, -1.0
27282.72558645297, 103, 1.0
27285.30836700277, 148, -1.0
27294.664610459557, 148, -1.0
27300.25403893888, 101, -1.0
27304.842268375935, 148, -1.0
27314.567138638653, 152, 1.0
27317.356782148294, 152, -1.0
27320.619274720124, 35, 1.0
27333.778204326798, 103, 1.0
27335.913120810135, 35, -1.0
27339.705983906948, 35, -1.0
27344.04179090899, 35, -1.0
27344.062244060977, 103, 1.0
27345.006882047437, 103, 1.0
27349.99344827631, 103, 1.0
27353.433592825328, 75, 1.0
27356.12004445519, 75, 1.0
27367.36689707296, 152, 1.0
27368.57439927543, 35, -1.0
27370.68234636651, 75, 1.0
27371.624495987046, 101, 1.0
27374.555104998835, 103, 1.0
27386.44071838371, 103, 1.0
27390.78169377277, 75, -1.0
27397.757626529015, 101, -1.0
27399.970165328257, 75, -1.0
27411.062175315685, 152, 1.0
27412.23601102637, 148, -1.0
27414.079518454502, 103, 1.0
27419.276991452643, 103, 1.0
27422.82443453751, 152, -1.0
27429.80757547647, 101, -1.0
27430.345861732734, 35, -1.0
27434.108801661445, 103, 1.0
27456.794376038542, 35, 1.0
27461.668523259734, 103, 1.0
27462.84282045799, 148, -1.0
27470.242246723406, 148, -1.0
27472.10879597509, 148, 1.0
27473.31759689041, 35, 1.0
27477.76322939192, 101, -1.0
27481.412478059694, 103, 1.0
27483.198051416453, 101, -1.0
27506.729181434705, 44, -1.0
27520.812261314215, 44, -1.0
27521.073059318693, 148, -1.0
27521.56292970986, 35, -1.0
27522.93849200737, 35, -1.0
27524.239280705482, 103, -1.0
27526.673826377042, 103, 1.0
27530.720169830453, 101, 1.0
27533.45807905844, 148, -1.0
27538.72237040302, 35, 1.0
27539.25210925071, 44, -1.0
27542.725137932757, 101, -1.0
27548.006156992735, 44, -1.0
27551.61652411808, 101, 1.0
27560.63567103787, 35, -1.0
27564.06153849635, 154, 1.0
27564.697485985394, 35, -1.0
27568.932853610928, 103, -1.0
27571.156083967748, 103, 1.0
27580.67836311787, 152, -1.0
27585.06699055005, 101, 1.0
27586.162076281813, 75, 1.0
27601.30162379619, 35, -1.0
27605.317070101217, 148, -1.0
27605.60561067248, 103, 1.0
27609.492825433692, 152, -1.0
27614.218723032453, 75, 1.0
27620.214635545846, 103, -1.0
27628.593643588167, 35, -1.0
27635.744903294853, 35, 1.0
27639.4453208852, 44, -1.0
27641.877716254035, 35, -1.0
27642.72434730075, 101, 1.0
27645.863752239533, 44, -1.0
27657.26618310974, 35, -1.0
27673.725809931282, 103, 1.0
27682.948197027963, 44, -1.0
27682.969963353775, 44, -1.0
27684.6898851203, 101, -1.0
27689.134494179412, 103, 1.0
27695.20825410667, 103, 1.0
27697.958213165763, 44, -1.0
27698.92771259235, 148, -1.0
27707.716780812447, 103, 1.0
27713.205930868222, 103, 1.0
27718.42869875085, 75, 1.0
27726.26141120741, 35, -1.0
27726.93089545751, 35, -1.0
27729.54698618861, 148, -1.0
27751.34837080837, 101, 1.0
27751.50252333116, 35, -1.0
27751.927673102404, 152, 1.0
27759.63104052142, 103, 1.0
27761.500643521256, 103, 1.0
27767.135273141743, 148, -1.0
27775.50243830825, 148, -1.0
27778.87668333934, 75, -1.0
27781.42666671552, 44, -1.0
27795.12106251241, 103, 1.0
27807.430080292732, 44, -1.0
27809.223114871704, 35, -1.0
27810.37310389977, 152, 1.0
27810.682543011542, 103, 1.0
27827.99671056234, 35, -1.0
27828.344767562823, 35, 1.0
27835.30327905132, 75, -1.0
27839.538522780273, 35, -1.0
27846.019854220332, 35, -1.0
27852.89437208092, 148, -1.0
27877.88353439508, 148, -1.0
27890.141521504807, 148, -1.0
27900.658580927444, 103, -1.0
27904.771501381023, 35, -1.0
27907.34629334349, 35, -1.0
27912.954504008616, 152, 1.0
27916.274597165146, 103, -1.0
27926.782458148922, 35, -1.0
27927.286472397762, 103, 1.0
27928.13352979139, 154, 1.0
27955.710786627773, 75, 1.0
27956.05360277711, 103, 1.0
27957.817896398337, 152, -1.0
27973.59807671858, 35, -1.0
27974.84806214583, 152, -1.0
27975.61664199361, 75, -1.0
27978.96031902434, 103, 1.0
27980.01625156888, 101, 1.0
27980.050998457744, 103, 1.0
27980.41819247523, 148, -1.0
27985.04315309388, 101, 1.0
27990.55655395931, 152, -1.0
27992.19748061378, 103, 1.0
27994.762966302187, 75, 1.0
27996.331848998525, 35, -1.0
28001.425153960645, 152, -1.0
28001.706870736445, 44, -1.0
28002.54437207263, 101, 1.0
28007.04993290395, 103, 1.0
28012.505669951577, 103, 1.0
28022.813910867888, 75, 1.0
28045.709919249035, 35, -1.0
28052.971404034077, 103, 1.0
28054.901191324592, 148, -1.0
28059.29212066462, 44, -1.0
28089.291566001437, 152, 1.0
28093.283047609366, 148, -1.0
28100.63558045794, 103, -1.0
28102.25549012588, 35, -1.0
28120.559109656853, 35, 1.0
28139.61221638713, 152, 1.0
28142.85228720589, 35, 1.0
28143.509829642866, 152, -1.0
28149.515858881972, 154, -1.0
28159.333991497195, 75, -1.0
28163.59797333691, 152, 1.0
28166.29111830924, 75, 1.0
28171.949337789007, 152, -1.0
28184.172833325098, 44, -1.0
28189.508537683356, 103, 1.0
28210.392623101063, 103, 1.0
28211.02725991573, 103, -1.0
28213.572706311443, 101, 1.0
28220.779305228203, 35, -1.0
28223.269424641592, 35, -1.0
28223.83861651515, 44, -1.0
28232.41807070364, 148, -1.0
28238.04527098789, 152, 1.0
28243.875678949727, 75, -1.0
28250.927563042227, 103, 1.0
28254.76588294896, 152, 1.0
28287.25615357409, 148, -1.0
28292.159743842538, 75, -1.0
28313.213225886102, 103, 1.0
28317.822136290037, 148, -1.0
28317.876113454844, 103, 1.0
28319.256195377096, 103, 1.0
28322.8225656363, 103, -1.0
28326.09694200987, 44, -1.0
28336.706791363613, 101, 1.0
28338.30968025984, 103, 1.0
28354.027683721688, 103, 1.0
28360.554944156174, 103, 1.0
28367.505977906734, 148, -1.0
28369.132463811966, 103, 1.0
28370.299923928444, 75, 1.0
28372.882489730444, 154, 1.0
28376.581354317223, 75, 1.0
28385.6333564054, 152, 1.0
28386.370306447996, 44, -1.0
28388.921008125493, 103, 1.0
28397.659310347244, 101, 1.0
28398.993827599053, 75, -1.0
28405.088477008358, 101, 1.0
28410.23305147192, 35, 1.0
28415.271277810767, 35, 1.0
28430.06387967902, 152, 1.0
28436.38834341352, 148, -1.0
28438.2359274796, 101, -1.0
28446.59681791846, 35, -1.0
28446.70489354336, 103, 1.0
28454.65071276005, 152, -1.0
28459.11225678227, 35, 1.0
28460.401227539653, 103, 1.0
28467.820718360497, 154, 1.0
28469.866016210224, 148, -1.0
28474.18249206145, 103, 1.0
28477.31325766533, 103, 1.0
28479.628350675262, 103, 1.0
28481.36192986426, 101, 1.0
28501.988130880858, 35, -1.0
28505.42455793793, 75, 1.0
28507.57970520099, 44, 1.0
28507.655606264816, 148, -1.0
28508.383424706677, 103, 1.0
28509.908902974632, 75, -1.0
28520.91436386246, 75, -1.0
28523.638155570894, 44, -1.0
28532.63655057505, 44, -1.0
28533.401780781784, 35, -1.0
28534.858010776115, 75, -1.0
28538.474814459645, 154, 1.0
28538.76574412566, 101, -1.0
28548.48301561785, 44, -1.0
28562.184593896127, 75, -1.0
28564.292774739875, 44, -1.0
28565.237768887397, 101, -1.0
28568.15936707205, 75, -1.0
28570.767130273573, 35, -1.0
28570.932990565776, 103, 1.0
28578.433497365986, 75, -1.0
28583.424646056203, 35, -1.0
28586.661512207127, 103, -1.0
28587.144010019645, 35, -1.0
28591.116463016748, 35, 1.0
28591.95566532907, 35, 1.0
28597.554967252338, 148, -1.0
28600.657383486, 44, 1.0
28600.736528058296, 35, -1.0
28603.371783992912, 75, -1.0
28615.951705190753, 44, -1.0
28617.04761443326, 154, 1.0
28623.155868853948, 103, 1.0
28624.559441326106, 148, -1.0
28629.60099727803, 152, -1.0
28634.547282679723, 154, -1.0
28644.82270655666, 103, 1.0
28648.73865312908, 44, -1.0
28650.664996852734, 101, 1.0
28665.843569707395, 148, -1.0
28666.665819290865, 152, 1.0
28670.252306992486, 103, -1.0
28670.477410781277, 154, -1.0
28671.25194193617, 152, -1.0
28681.740573097286, 154, -1.0
28692.812026137817, 103, -1.0
28697.904561017145, 35, -1.0
28698.803828199725, 44, -1.0
28707.730567706683, 35, -1.0
28714.52414874035, 154, 1.0
28715.2966686729, 35, -1.0
28732.523065347606, 152, -1.0
28732.72493043779, 152, -1.0
28733.888990794676, 152, -1.0
28736.221901797042, 75, -1.0
28737.080139663223, 148, -1.0
28739.928255790317, 103, 1.0
28740.791052894663, 75, 1.0
28741.385894983985, 152, 1.0
28750.576706883574, 103, -1.0
28750.704923494646, 75, -1.0
28753.394848383643, 75, -1.0
28763.853588038484, 148, -1.0
28786.208834162535, 35, -1.0
28791.506918935374, 103, 1.0
28800.040474661102, 101, 1.0
28803.23113524051, 103, 1.0
28810.99571765525, 152, -1.0
28815.868052190133, 44, -1.0
28818.090230403664, 75, 1.0
28820.956075055117, 103, 1.0
28837.112568295655, 152, -1.0
28839.277802747783, 75, 1.0
28841.90464927818, 103, 1.0
28843.395931246272, 101, -1.0
28860.251434699054, 152, 1.0
28862.495679607073, 154, -1.0
28863.210111374032, 103, 1.0
28866.944356559394, 75, 1.0
28868.40408192842, 148, -1.0
28887.15163665656, 103, 1.0
28887.446359557573, 103, 1.0
28890.909797482564, 35, -1.0
28891.459971454395, 152, -1.0
28892.701572673832, 103, 1.0
28895.780549069852, 152, 1.0
28898.709666449166, 35, -1.0
28905.75878653936, 103, 1.0
28907.541893634545, 44, -1.0
28913.571904766828, 154, -1.0
28916.851360043747, 75, 1.0
28917.593940253963, 103, 1.0
28922.25152480861, 152, -1.0
28941.896878949872, 103, 1.0
28944.48450108309, 152, 1.0
28951.997176007797, 103, 1.0
28953.79595081205, 35, -1.0
28964.22831542836, 152, -1.0
28965.474436375698, 75, 1.0
28968.61793110857, 152, 1.0
28977.76688377413, 148, -1.0
28981.654414539473, 35, -1.0
28990.97612667662, 154, 1.0
28995.38281087433, 154, -1.0
29007.74935793408, 103, -1.0
29008.85066631608, 152, 1.0
29024.779946452123, 103, 1.0
29027.041416997716, 152, -1.0
29027.200568043794, 75, 1.0
29028.362025703103, 103, 1.0
29033.80743553322, 101, -1.0
29035.84043455453, 35, -1.0
29039.158413724854, 35, 1.0
29055.074532399754, 148, -1.0
29061.74988398221, 75, 1.0
29081.39698620715, 152, -1.0
29082.45445111508, 152, -1.0
29088.632189386833, 103, 1.0
29092.091905392495, 35, -1.0
29097.31944396576, 152, -1.0
29105.582323431554, 101, 1.0
29106.93221099688, 103, 1.0
29107.023058912982, 35, -1.0
29120.10846573103, 75, -1.0
29131.479952851456, 152, -1.0
29136.357192024938, 152, -1.0
29137.695645615313, 152, 1.0
29141.15360814094, 154, -1.0
29147.305615884976, 101, -1.0
29148.610054321245, 35, -1.0
29149.897169291824, 152, 1.0
29157.65236721811, 103, 1.0
29160.553107270134, 75, 1.0
29168.134495035538, 101, -1.0
29168.762212452075, 75, 1.0
29176.842882702822, 152, 1.0
29178.417273590916, 103, 1.0
29184.924458068188, 75, 1.0
29199.27054742978, 75, 1.0
29224.09671570145, 152, -1.0
29227.670918340147, 103, -1.0
29228.642590511852, 154, 1.0
29228.761539733663, 154, -1.0
29242.547565588033, 148, -1.0
29244.660089284625, 35, 1.0
29245.978966443756, 103, 1.0
29247.160590742704, 35, 1.0
29249.45485656675, 101, -1.0
29250.992905347237, 75, -1.0
29252.254295428265, 101, -1.0
29265.393618830527, 152, -1.0
29270.006890264285, 44, -1.0
29281.10775004111, 35, -1.0
29285.532680563378, 44, -1.0
29289.258270278267, 152, 1.0
29292.030025446507, 75, 1.0
29293.437216629987, 152, 1.0
29295.49207579805, 148, -1.0
29300.235224630538, 154, -1.0
29312.332443117, 75, 1.0
29317.502941657807, 35, -1.0
29317.73200712116, 75, -1.0
29318.189371375865, 75, -1.0
29319.69752945031, 103, -1.0
29324.232545923787, 75, -1.0
29330.09686770036, 101, 1.0
29333.28455118371, 152, -1.0
29333.586564719826, 35, 1.0
29366.127308712574, 148, -1.0
29368.723049092972, 103, 1.0
29369.321741808537, 148, -1.0
29374.660894927776, 101, -1.0
29377.719519568294, 35, -1.0
29388.56233964566, 152, 1.0
29394.97225416252, 152, -1.0
29395.656363177117, 75, 1.0
29402.424872784522, 35, 1.0
29404.021137137202, 101, -1.0
29404.757057803297, 75, 1.0
29413.76826463589, 75, 1.0
29427.748928274697, 103, 1.0
29428.016929215453, 152, -1.0
29433.446021826374, 75, 1.0
29434.05423073117, 75, 1.0
29439.699161056607, 75, 1.0
29458.432813047708, 101, 1.0
29471.45599448035, 101, -1.0
29474.008152654715, 154, 1.0
29475.987405446867, 154, -1.0
29487.193394985065, 103, 1.0
29487.556118313474, 152, -1.0
29490.51259490943, 101, -1.0
29492.8163181713, 75, 1.0
29496.35778709069, 35, -1.0
29503.38048257593, 101, 1.0
29504.751337975656, 101, -1.0
29520.407371197573, 103, -1.0
29521.175694131536, 152, -1.0
29523.913364563246, 75, 1.0
29527.17184018965, 35, -1.0
29538.1679418982, 75, 1.0
29540.37954120709, 152, -1.0
29549.70981155637, 35, 1.0
29550.453941429467, 101, 1.0
29556.13494038512, 101, -1.0
29559.135034018047, 103, 1.0
29563.371333969266, 75, -1.0
29575.2236477825, 152, 1.0
29580.678004656555, 75, -1.0
29581.78113219011, 103, 1.0
29591.13094377284, 75, 1.0
29597.524398392965, 101, 1.0
29600.532407552655, 103, -1.0
29601.88209654123, 152, -1.0
29606.081695346806, 148, -1.0
29619.668617062693, 152, -1.0
29624.202181269866, 103, 1.0
29629.528467481054, 152, -1.0
29630.690810390315, 101, 1.0
29634.02533674628, 103, 1.0
29637.906269788713, 35, -1.0
29640.60048143212, 101, -1.0
29645.263847522216, 35, -1.0
29657.34645110446, 103, 1.0
29658.475182492868, 35, 1.0
29660.99840578411, 152, -1.0
29663.191517628966, 35, -1.0
29677.355958436186, 35, -1.0
29677.449792755713, 103, 1.0
29688.84606427777, 103, 1.0
29690.545851423074, 148, -1.0
29692.384933216643, 35, 1.0
29693.64338347444, 101, 1.0
29695.780424884135, 75, 1.0
29695.882952974323, 35, 1.0
29717.893802453123, 154, 1.0
29723.71317382163, 154, 1.0
29740.807072107356, 101, 1.0
29745.927231536924, 103, 1.0
29748.88727171908, 35, -1.0
29749.88249406985, 103, 1.0
29750.454746389187, 101, 1.0
29760.589479871323, 75, 1.0
29767.060194589, 103, 1.0
29781.564604592957, 148, 1.0
29786.91452723145, 101, -1.0
29792.441513081925, 75, 1.0
29796.61953126033, 44, -1.0
29797.194913311952, 152, -1.0
29799.713698482294, 75, 1.0
29806.399913380716, 75, 1.0
29824.904032063936, 101, 1.0
29825.94543017613, 148, -1.0
29827.990266349534, 75, 1.0
29833.56546990754, 103, 1.0
29834.610717367963, 75, 1.0
29835.669488221232, 44, -1.0
29840.84959678916, 35, -1.0
29848.184466677925, 35, -1.0
29849.200441731904, 35, -1.0
29850.3915906533, 75, 1.0
29850.808238634385, 35, -1.0
29853.36556131598, 44, -1.0
29856.80023338453, 75, 1.0
29858.77355092638, 103, 1.0
29869.52691914575, 35, 1.0
29871.42037149234, 35, -1.0
29871.62477481159, 101, -1.0
29872.98431642164, 35, 1.0
29882.730980449614, 152, -1.0
29885.47761995472, 44, -1.0
29888.827767634113, 75, 1.0
29903.34868736326, 75, 1.0
29907.376332445037, 154, -1.0
29911.237680574042, 35, 1.0
29911.772502938038, 101, -1.0
29912.712421090895, 35, -1.0
29915.74830569639, 75, 1.0
29918.4332794804, 103, 1.0
29923.173416147205, 35, 1.0
29926.996758711168, 152, -1.0
29932.310692668045, 103, -1.0
29932.38630235936, 148, -1.0
29934.800541408644, 103, 1.0
29939.04521708087, 75, 1.0
29946.752815987795, 35, 1.0
29954.311755163402, 101, 1.0
29954.475849845032, 154, -1.0
29956.913864449692, 75, 1.0
29959.263854609908, 103, 1.0
29961.15764402454, 148, -1.0
29962.095172370726, 75, 1.0
29968.417868767967, 154, 1.0
29974.177330367143, 148, -1.0
29987.201154941973, 44, -1.0
30012.50973992944, 152, -1.0
30016.61864834858, 101, -1.0
30016.673245827216, 103, 1.0
30020.219869824617, 35, -1.0
30022.315035871594, 101, -1.0
30043.617617282518, 148, -1.0
30053.520055200745, 101, -1.0
30064.406240055898, 75, 1.0
30076.070682974074, 101, -1.0
30082.36000119196, 101, -1.0
30090.82811911225, 152, -1.0
30094.875301604956, 154, -1.0
30109.319605203153, 35, 1.0
30109.590787302528, 148, -1.0
30111.775018226625, 101, -1.0
30113.01039296066, 75, 1.0
30113.704474864047, 75, 1.0
30120.020949904876, 148, 1.0
30136.577007202228, 44, -1.0
30138.485173199122, 75, 1.0
30140.052270909808, 101, -1.0
30145.589867997744, 148, -1.0
30155.627826194956, 35, -1.0
30163.26600271419, 75, -1.0
30164.757822718722, 75, -1.0
30165.20030209496, 154, -1.0
30165.680353792835, 75, 1.0
30184.78206363843, 103, 1.0
30186.898681436727, 148, -1.0
30189.257210323085, 35, 1.0
30194.351609081867, 101, -1.0
30195.05188293827, 101, -1.0
30198.10391866831, 152, 1.0
30202.57562061469, 152, -1.0
30203.429687767195, 152, 1.0
30212.11976979841, 152, -1.0
30212.87358449521, 75, 1.0
30216.331222229845, 103, 1.0
30226.665847811077, 103, 1.0
30230.40823148063, 101, -1.0
30231.4855332324, 35, -1.0
30248.274291241138, 154, 1.0
30248.79974247754, 101, 1.0
30248.992434508746, 75, 1.0
30249.51143018681, 148, -1.0
30258.058478526633, 103, 1.0
30264.64356632358, 101, 1.0
30265.78065172869, 152, 1.0
30269.253006259663, 103, 1.0
30279.651850574526, 101, 1.0
30281.337255419196, 75, 1.0
30282.58028594541, 35, -1.0
30290.145972115646, 103, 1.0
30297.78896980801, 101, -1.0
30308.42060466875, 75, 1.0
30327.262707554066, 152, -1.0
30328.68366416561, 103, 1.0
30334.930159371153, 75, 1.0
30338.351514915117, 103, 1.0
30353.388429001177, 148, -1.0
30353.745162770705, 75, -1.0
30354.9823880872, 35, -1.0
30359.587150112297, 35, -1.0
30361.103195839667, 75, 1.0
30361.69661640726, 152, -1.0
30363.149286781343, 75, 1.0
30363.582311883103, 103, 1.0
30369.85823464328, 103, -1.0
30370.399180554316, 44, -1.0
30380.973516935497, 75, 1.0
30384.03057449406, 103, 1.0
30388.173850402465, 103, 1.0
30392.480034009284, 101, 1.0
30402.932916493883, 152, 1.0
30404.980460417082, 101, -1.0
30410.362544627194, 152, -1.0
30412.148889598368, 148, 1.0
30428.81906368157, 35, 1.0
30430.47297597723, 35, 1.0
30439.40609922259, 101, -1.0
30439.419981025992, 75, 1.0
30454.64658040103, 75, 1.0
30457.84364936241, 35, -1.0
30465.370984848618, 101, -1.0
30468.541875361578, 75, 1.0
30474.43658749364, 75, 1.0
30477.924651443507, 44, 1.0
30495.97341563717, 148, -1.0
30500.075935359033, 148, -1.0
30514.57950973358, 75, 1.0
30532.950161805496, 75, -1.0
30542.284837757456, 101, -1.0
30542.592169435582, 154, -1.0
30544.626267365446, 75, 1.0
30556.21659327266, 154, -1.0
30558.157745559467, 44, 1.0
30565.21481212078, 103, -1.0
30566.09146847425, 75, 1.0
30567.937742279846, 152, -1.0
30579.113730811267, 152, 1.0
30590.900209086423, 44, -1.0
30591.086442655327, 152, -1.0
30608.34697860692, 44, -1.0
30608.786757157937, 154, 1.0
30608.84704269232, 152, -1.0
30609.971141909475, 152, -1.0
30610.62323923613, 75, 1.0
30612.541599775053, 152, 1.0
30613.594462302226, 35, -1.0
30635.116662203178, 44, -1.0
30640.897675154258, 152, 1.0
30645.573016914263, 152, 1.0
30647.76361379169, 101, -1.0
30652.655356647883, 154, 1.0
30657.507966482546, 75, 1.0
30673.141448820243, 44, -1.0
30680.75211764287, 101, 1.0
30681.67053003484, 148, -1.0
30689.963597974027, 103, -1.0
30692.661424917103, 35, -1.0
30692.661966734577, 101, 1.0
30696.450166260078, 154, 1.0
30697.41818150697, 35, -1.0
30698.64440717663, 103, 1.0
30702.584763669554, 103, -1.0
30708.631818019465, 152, 1.0
30720.67155623241, 103, 1.0
30726.71669627542, 44, -1.0
30729.65418144275, 103, -1.0
30730.895331070573, 152, -1.0
30734.425778844492, 75, 1.0
30736.189234118458, 35, -1.0
30737.884834486056, 35, -1.0
30738.90364449822, 101, 1.0
30740.720371552707, 152, -1.0
30741.372581836025, 101, -1.0
30742.997110510627, 44, -1.0
30747.421894661653, 101, 1.0
30751.35887718198, 75, -1.0
30755.257603004033, 75, 1.0
30758.57101794741, 35, -1.0
30764.809176583436, 148, -1.0
30766.13096721794, 103, 1.0
30777.394230637095, 152, -1.0
30787.251223538737, 101, -1.0
30800.400172379617, 152, -1.0
30802.275000497717, 35, 1.0
30802.34301915535, 75, 1.0
30802.53564712036, 44, -1.0
30803.10084446604, 44, -1.0
30803.298418311937, 152, 1.0
30807.218903655066, 35, -1.0
30807.37466719705, 101, 1.0
30835.17479655055, 75, -1.0
30840.401131191626, 152, 1.0
30842.890621951883, 75, -1.0
30847.67336364752, 75, 1.0
30851.663993053706, 75, 1.0
30861.766787527005, 152, -1.0
30863.85334055833, 103, 1.0
30874.410355612737, 35, -1.0
30875.2980711292, 148, 1.0
30875.8114563547, 154, -1.0
30881.5054505719, 44, -1.0
30913.512823361954, 103, 1.0
30920.33851553052, 103, 1.0
30922.461862770382, 103, 1.0
30942.41035300726, 152, -1.0
30942.46111083144, 75, 1.0
30942.554448594645, 35, 1.0
30944.16222716088, 44, -1.0
30952.992553335553, 148, 1.0
30953.22383942413, 154, -1.0
30954.911733759775, 103, 1.0
30956.654727352536, 152, -1.0
30957.225166002987, 75, 1.0
30963.128789441682, 75, -1.0
30969.746111773195, 44, -1.0
30978.582521460325, 152, -1.0
30980.0466842284, 103, -1.0
31011.542741969864, 152, 1.0
31025.806273251066, 152, -1.0
31028.517735858775, 103, 1.0
31034.81887447123, 152, -1.0
31037.633609874487, 75, 1.0
31040.188592052018, 103, 1.0
31041.434246763572, 75, -1.0
31048.88485256045, 75, 1.0
31068.34747502291, 101, -1.0
31075.2133328981, 35, 1.0
31077.61235250685, 44, 1.0
31083.64578671524, 148, -1.0
31086.76209004669, 35, -1.0
31092.561270605336, 154, 1.0
31103.124692567402, 75, 1.0
31112.047285702854, 154, -1.0
31124.68460105092, 152, -1.0
31144.263191957118, 103, 1.0
31147.790011744117, 152, 1.0
31154.995847240036, 103, 1.0
31156.985096236815, 75, 1.0
31158.769529611287, 152, -1.0
31159.926821806115, 44, -1.0
31169.641103962793, 35, -1.0
31173.554071712548, 103, 1.0
31174.276950419957, 35, -1.0
31175.245608730176, 152, -1.0
31183.824747579645, 75, 1.0
31186.949475336874, 152, 1.0
31192.345504643978, 103, -1.0
31194.03156288171, 152, -1.0
31209.015365185798, 44, -1.0
31218.614070727766, 75, 1.0
31218.63064473169, 103, 1.0
31225.91781706875, 44, -1.0
31230.15965115443, 75, 1.0
31236.48687951168, 101, -1.0
31245.025827405178, 75, 1.0
31247.153807773244, 101, 1.0
31247.172568518497, 103, 1.0
31250.80287107586, 35, 1.0
31252.877527473785, 101, -1.0
31255.432170882603, 101, -1.0
31256.56562497328, 101, -1.0
31257.864754295635, 103, -1.0
31262.37757869772, 103, 1.0
31265.359811898423, 75, 1.0
31276.35727288903, 154, 1.0
31287.312127305006, 103, 1.0
31288.49270331096, 75, -1.0
31291.374849845884, 35, -1.0
31293.239157680142, 152, 1.0
31297.088919106962, 101, -1.0
31302.026037416457, 148, -1.0
31309.830328129403, 103, 1.0
31312.351780826593, 35, 1.0
31313.192979021078, 152, 1.0
31322.06777903505, 44, -1.0
31330.068632285736, 75, 1.0
31345.304247397227, 35, -1.0
31346.799735433367, 103, 1.0
31346.802855155103, 152, -1.0
31347.743536940776, 154, -1.0
31357.209274184956, 154, -1.0
31375.270155022827, 103, 1.0
31383.427463771244, 35, -1.0
31387.431623622466, 101, -1.0
31390.569006687045, 35, -1.0
31391.038219752754, 75, -1.0
31391.977415370533, 152, 1.0
31392.35479867045, 75, 1.0
31398.2299020997, 101, 1.0
31400.258821158764, 75, 1.0
31414.437214062375, 148, -1.0
31416.443747443067, 103, 1.0
31416.83054960615, 35, 1.0
31418.360999378998, 75, 1.0
31427.333935810217, 35, 1.0
31433.035288441613, 35, 1.0
31436.768817450436, 75, 1.0
31444.40359652701, 103, 1.0
31457.21491368389, 75, 1.0
31457.38192058542, 152, -1.0
31458.242051461235, 35, -1.0
31463.94968553112, 154, 1.0
31467.93034714416, 103, 1.0
31477.844878042335, 152, -1.0
31495.43249862137, 44, -1.0
31496.994422820553, 148, -1.0
31504.591758919047, 148, -1.0
31508.28327529482, 103, 1.0
31521.41695751413, 35, -1.0
31523.892886962418, 75, 1.0
31546.865911977555, 103, 1.0
31567.20613952177, 75, -1.0
31573.1926849088, 152, -1.0
31581.114318472395, 75, -1.0
31583.191190312184, 152, -1.0
31584.507019800243, 154, -1.0
31588.65526630142, 103, 1.0
31590.119220009514, 75, 1.0
31591.436992277526, 35, -1.0
31593.052989962904, 101, -1.0
31597.76748965802, 75, -1.0
31616.98884467291, 152, 1.0
31619.983391704576, 152, 1.0
31632.749586880815, 35, 1.0
31633.08819174724, 75, 1.0
31633.104487035107, 152, 1.0
31633.87009163527, 154, -1.0
31657.369773812992, 35, -1.0
31664.0487725466, 35, -1.0
31668.25853169308, 148, 1.0
31668.67261451899, 103, 1.0
31674.716635770103, 152, -1.0
31680.302490931237, 75, -1.0
31682.768519899902, 148, 1.0
31697.806462883982, 152, 1.0
31699.553323101976, 35, -1.0
31702.73694365265, 103, 1.0
31706.137354959435, 101, 1.0
31715.18009142777, 152, -1.0
31726.470441900696, 103, -1.0
31730.286461449658, 152, -1.0
31734.024314843395, 101, -1.0
31739.914721621684, 103, 1.0
31742.007474210164, 152, -1.0
31760.571172711592, 101, 1.0
31763.343213171014, 35, -1.0
31769.445939581936, 75, 1.0
31775.18429462842, 148, -1.0
31775.30000494235, 152, 1.0
31780.47259926601, 103, 1.0
31782.30524941582, 44, -1.0
31785.80517933768, 44, 1.0
31796.62712818182, 152, -1.0
31800.82422052877, 103, 1.0
31802.463532108864, 152, 1.0
31810.90887390531, 75, -1.0
31817.82870030731, 103, 1.0
31818.778235999624, 148, 1.0
31826.44737331319, 148, -1.0
31839.808389890364, 148, -1.0
31847.68468506731, 103, -1.0
31853.008333904625, 35, -1.0
31854.367181223424, 154, 1.0
31858.880952807063, 35, 1.0
31867.52602634053, 154, 1.0
31873.600933696333, 103, 1.0
31876.08696423378, 35, -1.0
31877.894849370176, 75, 1.0
31880.820069702262, 148, -1.0
31881.92800472851, 75, 1.0
31882.095912274614, 101, -1.0
31888.016110527256, 103, 1.0
31914.03173410241, 148, -1.0
31924.750884073295, 44, 1.0
31938.319170435563, 103, 1.0
31951.04882716561, 152, 1.0
31952.536621542633, 103, -1.0
31953.162441004148, 148, -1.0
31954.294702828658, 152, -1.0
31966.53944476759, 75, 1.0
31973.63865341919, 103, 1.0
31982.745465563432, 103, 1.0
31983.035262271896, 103, -1.0
31988.85307255823, 44, -1.0
31990.007562988678, 101, -1.0
31998.270331133474, 75, 1.0
31999.33111420802, 103, 1.0
32000.75016530797, 152, 1.0
32006.047794952876, 154, -1.0
32006.224911474048, 152, 1.0
32006.236592536927, 35, -1.0
32010.84621830608, 101, 1.0
32013.10857829013, 103, 1.0
32021.80150153897, 103, 1.0
32035.444017439728, 152, 1.0
32052.950893325975, 101, 1.0
32059.639526444847, 103, 1.0
32060.203045054615, 44, 1.0
32064.11276432453, 103, 1.0
32067.4680988612, 103, 1.0
32068.121765511663, 75, 1.0
32072.13740635106, 154, 1.0
32073.769592316872, 101, -1.0
32074.4875053498, 148, 1.0
32079.481744111767, 101, -1.0
32083.185298770877, 75, 1.0
32092.79415783268, 35, 1.0
32103.24984274274, 103, 1.0
32106.13098458746, 148, -1.0
32110.06779016145, 103, 1.0
32110.084590556977, 75, -1.0
32114.26496180847, 101, -1.0
32117.56551023641, 101, -1.0
32118.818381897174, 75, 1.0
32120.28374259232, 154, -1.0
32129.429728084677, 103, 1.0
32133.199565864637, 101, -1.0
32138.576651088577, 35, -1.0
32153.847698614587, 103, 1.0
32158.469852941023, 103, 1.0
32159.115920700784, 103, 1.0
32165.855977839037, 152, -1.0
32170.71443520896, 44, -1.0
32183.34330912641, 35, 1.0
32193.254971052866, 44, 1.0
32193.86189146798, 101, -1.0
32202.295234742545, 101, -1.0
32212.55869570987, 35, -1.0
32212.565159488204, 152, -1.0
32218.19117339448, 152, 1.0
32220.839419519038, 35, -1.0
32221.449206068024, 154, 1.0
32221.84649847573, 152, -1.0
32223.356409330936, 101, -1.0
32237.587181138395, 103, 1.0
32239.25776121136, 103, 1.0
32240.366899684024, 35, -1.0
32243.172111092434, 101, -1.0
32249.9355255332, 152, 1.0
32259.119031649065, 148, 1.0
32269.76394546277, 101, -1.0
32272.097393667795, 152, -1.0
32275.53845216647, 35, 1.0
32277.731730777952, 35, 1.0
32280.59481977931, 75, -1.0
32308.765895662604, 103, 1.0
32310.737259599828, 154, 1.0
32315.835331321076, 35, -1.0
32319.530115625595, 152, -1.0
32320.396379391103, 35, 1.0
32320.74081908921, 154, 1.0
32325.870224076327, 154, -1.0
32342.42550868981, 75, 1.0
32363.28179827579, 152, -1.0
32390.20480023897, 103, 1.0
32395.883662432407, 35, -1.0
32397.398888182266, 35, -1.0
32400.86960319322, 35, -1.0
32401.66472899449, 44, -1.0
32412.066082450492, 75, 1.0
32418.026118983733, 44, -1.0
32423.049801850033, 44, -1.0
32424.65063243982, 35, 1.0
32426.511134015025, 101, -1.0
32432.012242521312, 101, 1.0
32435.8018702254, 148, -1.0
32456.314240102263, 152, 1.0
32460.511056754727, 148, -1.0
32461.61288913248, 75, 1.0
32461.896807250858, 35, -1.0
32466.494063777547, 152, 1.0
32467.228370512614, 101, -1.0
32469.734892454704, 154, -1.0
32471.24338850174, 101, 1.0
32477.5636697468, 148, -1.0
32481.045876696422, 103, -1.0
32483.528644715225, 101, -1.0
32486.441953545873, 103, -1.0
32488.24739734588, 44, 1.0
32490.593125891723, 154, 1.0
32499.92104774154, 148, -1.0
32499.97725570443, 35, 1.0
32507.80770398897, 152, -1.0
32510.48108836011, 148, -1.0
32514.383776177412, 103, -1.0
32518.365681031668, 103, -1.0
32518.83638059667, 35, -1.0
32519.12826286434, 75, -1.0
32526.332876593562, 152, 1.0
32533.24145712962, 152, 1.0
32535.393438084164, 35, 1.0
32538.656117911127, 35, -1.0
32547.207484220184, 152, 1.0
32547.897507719892, 35, -1.0
32555.85019660588, 152, -1.0
32556.26394628843, 44, 1.0
32560.077734644976, 75, 1.0
32570.394902903205, 101, 1.0
32572.76047462298, 152, -1.0
32574.185305988136, 152, 1.0
32577.78888952066, 75, 1.0
32583.943469102163, 35, -1.0
32584.501880612195, 44, -1.0
32586.281395602204, 148, -1.0
32589.1606014476, 101, 1.0
32594.355437011858, 148, -1.0
32599.735121726204, 152, -1.0
32615.308846437027, 44, 1.0
32617.03053862776, 35, 1.0
32618.36519453244, 148, -1.0
32631.869736660283, 44, -1.0
32637.32890925295, 75, 1.0
32639.963661625374, 75, 1.0
32642.50623118017, 75, -1.0
32646.772882534966, 103, -1.0
32651.308776751408, 148, -1.0
32652.7120218838, 35, 1.0
32655.183020320783, 101, 1.0
32656.514682423734, 148, -1.0
32657.66452570931, 35, 1.0
32659.617196801148, 35, 1.0
32662.167778148763, 154, -1.0
32664.925858823375, 75, -1.0
32666.77792336574, 152, -1.0
32668.34048456054, 35, 1.0
32671.30324642928, 35, -1.0
32674.17018661533, 148, -1.0
32681.558655178986, 101, -1.0
32687.98263054283, 101, 1.0
32691.925328200312, 75, 1.0
32692.35140928213, 44, 1.0
32712.64103165782, 152, -1.0
32715.62824131705, 152, -1.0
32726.060775048907, 101, -1.0
32726.093173941765, 154, -1.0
32726.964995156915, 152, -1.0
32727.66882763389, 148, -1.0
32730.231474368404, 35, -1.0
32740.278932983172, 101, 1.0
32744.335108996544, 75, 1.0
32745.482384877843, 154, -1.0
32748.2087408097, 44, -1.0
32759.885841385832, 101, 1.0
32765.80716949778, 75, -1.0
32773.87795395693, 148, -1.0
32774.157842770226, 35, -1.0
32774.20855798583, 152, -1.0
32775.42456006278, 101, 1.0
32776.80824515534, 35, -1.0
32776.99502964333, 101, -1.0
32779.54735407613, 35, -1.0
32781.61815380211, 75, -1.0
32788.38135463271, 101, -1.0
32794.29609402842, 35, -1.0
32799.72425323085, 103, 1.0
32802.49412202464, 44, -1.0
32805.232441845845, 44, -1.0
32806.35541776474, 101, -1.0
32809.0515025893, 75, -1.0
32809.27811102999, 44, -1.0
32814.97543303075, 44, -1.0
32817.575987194105, 35, 1.0
32826.108613559, 75, -1.0
32831.73895229336, 35, -1.0
32834.04633601105, 35, 1.0
32838.68205527782, 35, -1.0
32845.5160351624, 75, -1.0
32847.88957020534, 154, 1.0
32848.125388041015, 44, 1.0
32859.04391846683, 101, 1.0
32861.306017075745, 44, -1.0
32861.84012755593, 152, 1.0
32861.95573977502, 103, -1.0
32870.603075811065, 148, -1.0
32875.52674077817, 148, -1.0
32886.7853142889, 152, 1.0
32886.86131922471, 148, -1.0
32889.533651069745, 75, -1.0
32889.95374820644, 148, -1.0
32891.85523810523, 152, 1.0
32896.31284929477, 154, -1.0
32902.819859274634, 152, -1.0
32911.400555639506, 101, 1.0
32913.87980422206, 148, -1.0
32916.73226251286, 35, -1.0
32918.808354040455, 152, 1.0
32924.45066276366, 101, 1.0
32927.45547582352, 44, -1.0
32932.931384439325, 148, -1.0
32943.86226549763, 152, 1.0
32945.327137170185, 101, -1.0
32946.971742732, 101, -1.0
32956.85373908129, 75, -1.0
32957.05742886814, 75, 1.0
32957.69345433305, 35, -1.0
32958.109524770334, 101, 1.0
32960.48872307517, 35, 1.0
32964.25690626853, 75, 1.0
32966.87348789821, 75, -1.0
32968.15639495146, 152, 1.0
32972.893102270486, 152, 1.0
32977.531385204136, 35, -1.0
32978.52419053457, 103, -1.0
32979.46479466154, 101, 1.0
32983.869286234505, 148, -1.0
33002.806061841955, 101, 1.0
33003.1587493068, 152, -1.0
33010.56614745285, 35, 1.0
33012.71915752593, 101, -1.0
33022.98443451721, 101, 1.0
33031.50415943813, 75, -1.0
33031.76210718861, 44, -1.0
33034.722755857554, 154, 1.0
33042.670199081884, 35, 1.0
33046.493476766234, 101, 1.0
33054.2448100695, 75, 1.0
33057.09687428332, 148, -1.0
33061.27390233075, 35, -1.0
33064.24646864377, 35, -1.0
33075.85833659859, 75, -1.0
33090.12945128436, 75, 1.0
33112.66455147689, 152, -1.0
33120.0075795798, 101, 1.0
33122.00173461157, 35, 1.0
33122.20493520099, 35, -1.0
33125.440204964056, 152, -1.0
33127.63743104601, 103, -1.0
33129.420050935674, 148, -1.0
33131.874808285786, 35, -1.0
33145.872019532006, 75, -1.0
33151.84237466042, 75, 1.0
33152.74329336249, 152, 1.0
33154.11288489342, 148, -1.0
33155.400847054116, 148, -1.0
33155.71935014487, 75, -1.0
33156.17526135104, 103, -1.0
33159.09636295532, 101, 1.0
33170.24871988051, 148, -1.0
33179.85520613934, 75, 1.0
33181.74352951903, 35, -1.0
33191.75062878316, 101, 1.0
33194.981596652295, 75, -1.0
33196.086173333715, 152, -1.0
33199.417934944824, 35, 1.0
33213.96720962643, 44, -1.0
33215.55104520679, 154, 1.0
33217.97046600432, 101, 1.0
33219.737263734554, 154, -1.0
33220.30220819101, 101, 1.0
33228.00051779035, 154, 1.0
33235.97300978238, 154, 1.0
33236.48257337473, 35, 1.0
33239.91318218949, 75, -1.0
33240.60269123506, 35, 1.0
33250.20915758858, 152, -1.0
33253.38939094876, 101, 1.0
33258.665343103, 152, -1.0
33261.029837067494, 152, 1.0
33265.29283760436, 44, -1.0
33266.62542855256, 152, 1.0
33272.27139536981, 75, -1.0
33278.28854434968, 103, -1.0
33287.18067989798, 148, -1.0
33288.642293661986, 152, 1.0
33288.82282172012, 101, -1.0
33294.04113757838, 35, 1.0
33299.10565925407, 35, -1.0
33301.74913024439, 152, 1.0
33302.09977226799, 101, 1.0
33306.45417885258, 154, -1.0
33308.23952567883, 101, 1.0
33309.30498323183, 148, -1.0
33311.660919971735, 35, 1.0
33313.155392974644, 101, -1.0
33316.28307405946, 75, 1.0
33317.131230832274, 152, -1.0
33317.39341087269, 35, -1.0
33319.67671648867, 44, -1.0
33319.749378355, 101, -1.0
33320.24113219424, 103, -1.0
33322.03746179902, 148, -1.0
33322.22664443714, 44, 1.0
33326.15140933175, 101, 1.0
33333.80607853406, 35, -1.0
33342.14772709849, 44, -1.0
33345.42555014254, 75, -1.0
33348.583732620966, 75, -1.0
33356.61877546309, 35, -1.0
33361.07657539406, 101, -1.0
33365.251822762475, 75, -1.0
33369.9662829442, 75, 1.0
33372.63600925293, 148, -1.0
33379.32092998788, 44, -1.0
33380.789913713634, 35, -1.0
33389.34444909367, 148, -1.0
33390.62263219038, 101, -1.0
33390.9314983803, 35, 1.0
33391.83915678858, 103, -1.0
33394.80396396198, 152, -1.0
33398.0812148544, 75, 1.0
33398.16586419176, 101, 1.0
33418.62304219864, 101, 1.0
33433.371336419856, 152, 1.0
33437.793609076296, 154, 1.0
33439.702652165266, 103, -1.0
33440.270580179, 75, 1.0
33448.53789614287, 44, -1.0
33452.92495857026, 75, -1.0
33454.71749793163, 103, 1.0
33457.153885502536, 152, 1.0
33460.0868405762, 152, 1.0
33461.35296354866, 148, -1.0
33469.94689626358, 148, -1.0
33473.19357444902, 152, -1.0
33473.25842632234, 148, -1.0
33474.52992885466, 152, -1.0
33480.06816843396, 148, -1.0
33480.68116439947, 75, -1.0
33480.757330849425, 44, 1.0
33488.688673480894, 101, 1.0
33497.84618342957, 75, -1.0
33506.5514503458, 148, -1.0
33515.22520849503, 35, 1.0
33516.26605402159, 154, 1.0
33519.13780528877, 101, 1.0
33520.606708668456, 154, -1.0
33521.75793401668, 101, 1.0
33525.408551792985, 154, -1.0
33525.68810396363, 154, -1.0
33528.105729906085, 154, 1.0
33532.44337766104, 75, 1.0
33534.523064252084, 44, -1.0
33538.15623698817, 35, 1.0
33542.063965537316, 101, -1.0
33545.786906473804, 154, -1.0
33550.91196774339, 75, -1.0
33562.86858161903, 152, 1.0
33566.48569322721, 75, 1.0
33566.684384755834, 75, -1.0
33568.90225038301, 75, -1.0
33570.703196998664, 35, -1.0
33571.14857127685, 101, 1.0
33571.52110650232, 148, -1.0
33572.610344427434, 152, 1.0
33575.78114523823, 101, -1.0
33576.5915112265, 101, 1.0
33576.77731270423, 75, -1.0
33582.81935504624, 101, 1.0
33584.921465891006, 35, 1.0
33587.42829444793, 44, -1.0
33592.31146011937, 75, 1.0
33605.318082053855, 35, 1.0
33608.22701199315, 101, 1.0
33614.176486486416, 152, -1.0
33616.82514552762, 152, -1.0
33622.547795100574, 148, -1.0
33624.163896575534, 44, 1.0
33626.25433896329, 35, -1.0
33632.390840140986, 154, -1.0
33637.43162579664, 152, -1.0
33638.159389827015, 103, -1.0
33643.03892805225, 75, -1.0
33643.56764056932, 75, -1.0
33649.05035948045, 35, 1.0
33653.917562991955, 35, -1.0
33656.022393724634, 75, -1.0
33660.763791423255, 152, 1.0
33666.739032679485, 75, 1.0
33674.015800666326, 148, -1.0
33680.91567062726, 75, -1.0
33693.64079709889, 101, 1.0
33700.59423616234, 44, -1.0
33703.65232863533, 35, 1.0
33705.58615782634, 148, -1.0
33705.788102892315, 148, -1.0
33706.622260604905, 101, -1.0
33706.80627760564, 101, 1.0
33708.82543881249, 44, -1.0
33741.09162851463, 75, -1.0
33741.332761011705, 35, -1.0
33742.54260623425, 148, -1.0
33743.532262062356, 148, -1.0
33744.05818410982, 35, -1.0
33751.268076104556, 152, 1.0
33761.05262974203, 152, -1.0
33764.11456067266, 148, -1.0
33764.78170615363, 154, 1.0
33770.22066650466, 101, 1.0
33772.970909265285, 75, -1.0
33776.693539286156, 101, -1.0
33780.85673684224, 148, -1.0
33781.50812601182, 75, -1.0
33785.14437325836, 35, -1.0
33787.49964425258, 75, -1.0
33797.47093309859, 152, 1.0
33800.35620095987, 44, -1.0
33801.528596373384, 44, 1.0
33803.553272091995, 35, -1.0
33809.51756702295, 101, -1.0
33813.12986832317, 35, -1.0
33822.75273337435, 148, -1.0
33828.2028828343, 154, -1.0
33833.561707148205, 75, -1.0
33840.15257664889, 35, 1.0
33842.97451183, 152, -1.0
33847.93478211721, 148, -1.0
33858.25954021089, 35, 1.0
33859.60954548789, 75, -1.0
33881.81985660639, 35, -1.0
33883.81860435115, 44, -1.0
33886.081483460046, 35, -1.0
33890.92489666598, 75, -1.0
33890.944796079464, 148, -1.0
33896.10544600118, 35, -1.0
33901.892979270895, 152, -1.0
33902.84437919476, 101, 1.0
33903.76992885065, 35, -1.0
33905.87627314626, 75, 1.0
33916.87749743988, 75, 1.0
33920.08153880498, 35, -1.0
33923.673165710046, 44, -1.0
33924.958679075, 44, -1.0
33926.94538086594, 103, -1.0
33930.18020307672, 35, -1.0
33930.29048419277, 75, 1.0
33931.7965656556, 148, -1.0
33948.56368848811, 35, 1.0
33955.280599297075, 103, -1.0
33959.360159575306, 103, -1.0
33965.58445297915, 152, -1.0
33972.170428183934, 35, 1.0
33974.79458572905, 35, -1.0
33978.04341145547, 75, 1.0
33982.2352165633, 75, 1.0
33982.632329912376, 101, 1.0
33990.50323564827, 35, -1.0
33992.76216971183, 103, -1.0
33993.8288045714, 154, 1.0
33996.75125606042, 152, 1.0
34005.3385170032, 101, 1.0
34008.343953847434, 154, -1.0
34011.48469164577, 75, -1.0
34011.94417857968, 44, -1.0
34012.1931459687, 103, -1.0
34014.92440059617, 75, -1.0
34020.57368505697, 44, -1.0
34028.83052411805, 44, -1.0
34033.45734452502, 101, 1.0
34038.185721754264, 75, 1.0
34044.392071086826, 44, -1.0
34045.06490449615, 44, 1.0
34053.809375324505, 154, -1.0
34067.83667833811, 44, -1.0
34068.073639182345, 148, -1.0
34073.84684236437, 75, -1.0
34074.64543358162, 103, -1.0
34079.36126461757, 44, -1.0
34080.315928171425, 148, -1.0
34088.27813140519, 148, -1.0
34088.490772566576, 101, 1.0
34088.62666823388, 35, 1.0
34091.91361328732, 35, -1.0
34097.34223268695, 148, -1.0
34100.392965385545, 154, 1.0
34121.97466998926, 103, -1.0
34125.79284187373, 101, -1.0
34131.89888889846, 101, -1.0
34133.568281936336, 75, 1.0
34134.55551251392, 101, -1.0
34134.87467668457, 101, -1.0
34159.29485112121, 152, 1.0
34163.09606224473, 101, 1.0
34166.06211598724, 148, -1.0
34167.8172254965, 152, 1.0
34169.69051550364, 148, -1.0
34170.045583107625, 154, -1.0
34174.78931739299, 101, 1.0
34180.861719288194, 35, 1.0
34184.32680679062, 35, 1.0
34202.562736735024, 35, -1.0
34204.17800963025, 75, -1.0
34212.58173305428, 35, 1.0
34214.190945714916, 103, -1.0
34215.13157163404, 35, -1.0
34221.43037604096, 101, 1.0
34223.40030634035, 152, 1.0
34228.346747526644, 154, -1.0
34228.35649690307, 75, -1.0
34229.217373571, 101, 1.0
34229.46627448734, 35, 1.0
34239.47187418811, 101, -1.0
34247.96477796646, 103, -1.0
34248.83984841079, 154, -1.0
34252.00205784573, 101, 1.0
34252.530314803305, 154, -1.0
34255.832994725075, 35, -1.0
34261.730662616894, 75, -1.0
34265.18061774577, 148, -1.0
34267.37378419661, 101, -1.0
34269.36945644251, 148, -1.0
34280.394551090416, 35, -1.0
34281.37165798885, 152, 1.0
34287.36730438628, 44, -1.0
34294.50115922261, 148, -1.0
34296.82821551244, 148, -1.0
34303.503771970085, 101, 1.0
34303.893784927684, 154, 1.0
34308.3737317108, 101, -1.0
34317.23365847517, 44, -1.0
34320.37055520575, 101, -1.0
34322.896455371636, 148, -1.0
34323.097576809065, 75, -1.0
34329.193558265666, 101, 1.0
34330.20241757278, 103, -1.0
34334.24830427692, 148, -1.0
34334.999480158964, 35, 1.0
34336.11863257376, 152, -1.0
34337.61432757146, 148, -1.0
34339.16662536544, 75, -1.0
34339.32566148804, 152, -1.0
34339.562882674465, 148, -1.0
34342.34526940706, 35, -1.0
34343.553347732464, 152, -1.0
34343.61083105637, 152, -1.0
34351.836891666426, 35, -1.0
34353.04719369504, 101, -1.0
34360.300451432166, 101, -1.0
34361.651003636216, 35, -1.0
34367.896016458195, 35, -1.0
34369.39151971914, 152, 1.0
34374.09696326749, 44, -1.0
34377.11644927183, 75, 1.0
34378.345660048515, 101, 1.0
34390.01103752582, 152, 1.0
34394.2896210972, 148, -1.0
34394.334759572186, 35, -1.0
34405.477206292904, 75, 1.0
34406.67470176468, 101, 1.0
34408.076208145656, 101, 1.0
34408.57008188196, 35, -1.0
34413.764020656155, 101, 1.0
34414.22074510755, 35, -1.0
34419.04824620434, 75, 1.0
34419.180295674705, 148, -1.0
34423.92406485898, 35, 1.0
34425.67328525531, 154, 1.0
34438.46199090472, 44, -1.0
34439.08109869984, 152, 1.0
34442.245798344215, 152, 1.0
34444.34998349891, 101, 1.0
34455.00297215932, 35, 1.0
34458.35075370321, 44, -1.0
34458.43855194592, 152, -1.0
34459.109619409675, 101, -1.0
34460.75847092904, 148, -1.0
34463.241934081074, 148, -1.0
34469.87467160198, 35, -1.0
34470.359313877205, 35, 1.0
34473.978922535964, 154, -1.0
34479.62660927217, 148, -1.0
34489.6814688886, 44, -1.0
34491.74015246709, 148, -1.0
34498.803193389846, 101, -1.0
34500.337734285546, 152, 1.0
34504.99706814314, 44, -1.0
34511.40896777671, 152, -1.0
34515.38084731887, 148, -1.0
34523.74184842554, 35, -1.0
34533.78307931756, 44, -1.0
34540.71107210985, 148, -1.0
34546.150644039546, 44, -1.0
34550.83449401788, 44, -1.0
34559.859580399825, 44, -1.0
34571.1697317302, 101, 1.0
34574.69661569358, 35, -1.0
34576.884493990954, 75, -1.0
34581.70629309321, 44, -1.0
34586.20666759624, 103, -1.0
34590.91198146839, 101, 1.0
34599.64595481796, 101, 1.0
34599.84933839865, 148, -1.0
34603.5998928054, 35, -1.0
34609.91613405882, 101, -1.0
34618.42891862736, 101, 1.0
34621.76671147905, 103, -1.0
34622.54394946067, 75, -1.0
34625.8485621663, 75, -1.0
34647.67804772542, 35, 1.0
34653.04815378893, 148, -1.0
34653.515937552766, 35, -1.0
34655.16636831014, 152, 1.0
34655.760838521746, 154, 1.0
34658.61352976191, 101, 1.0
34660.70003094751, 75, -1.0
34675.37200376236, 35, -1.0
34682.77406089767, 103, 1.0
34688.79528263355, 103, -1.0
34696.96182586398, 152, 1.0
34697.214909763476, 101, 1.0
34697.99538143923, 101, 1.0
34710.55897152235, 152, -1.0
34715.86007386276, 35, 1.0
34716.24106066046, 152, 1.0
34725.8381985913, 148, -1.0
34733.06026492826, 148, -1.0
34734.2406346552, 75, -1.0
34741.70525210599, 154, -1.0
34761.58346684719, 75, 1.0
34767.28496514729, 152, 1.0
34775.62834414244, 101, 1.0
34776.84082079426, 35, -1.0
34783.65751970801, 35, -1.0
34790.99878705979, 44, -1.0
34793.21022595877, 75, -1.0
34798.12011044772, 35, -1.0
34800.93831751282, 101, 1.0
34803.40324543624, 148, -1.0
34803.86418177485, 101, 1.0
34808.47576734434, 152, -1.0
34812.049291654366, 101, 1.0
34813.47168203906, 148, -1.0
34816.24663412295, 148, -1.0
34820.84103881731, 152, 1.0
34824.56369487972, 101, -1.0
34826.98868250948, 152, 1.0
34831.09857718629, 101, 1.0
34834.213594830406, 44, -1.0
34846.07520454752, 44, -1.0
34849.23473801098, 35, 1.0
34854.54877628299, 148, -1.0
34856.7209877719, 154, 1.0
34860.265275671976, 35, -1.0
34866.71882762739, 152, 1.0
34868.20453668459, 35, -1.0
34870.51636833851, 35, -1.0
34871.56431417002, 35, -1.0
34871.912206112494, 35, -1.0
34875.558889290776, 35, 1.0
34878.20806627628, 35, -1.0
34879.13935557188, 101, -1.0
34880.81781511697, 101, 1.0
34887.43820819044, 101, 1.0
34887.754902003086, 75, 1.0
34894.238703440016, 148, -1.0
34899.27639471119, 101, -1.0
34900.19582024466, 148, -1.0
34901.18986323783, 154, -1.0
34902.59022357153, 101, 1.0
34910.75102587583, 101, -1.0
34919.72735168087, 75, -1.0
34922.32749034328, 101, -1.0
34922.382926513215, 75, -1.0
34930.947312644406, 148, -1.0
34937.88151072267, 75, -1.0
34940.66057427876, 101, -1.0
34948.94732659902, 148, -1.0
34951.17447524305, 44, -1.0
34951.45674631897, 75, 1.0
34953.99089123131, 101, 1.0
34955.65504780055, 44, -1.0
34960.640104797974, 35, 1.0
34968.01660074326, 101, 1.0
34979.54439928993, 154, -1.0
34983.82951563292, 35, 1.0
34988.61308521717, 44, -1.0
35001.33507337922, 103, -1.0
35006.78618809371, 152, -1.0
35008.971887803826, 152, 1.0
35023.343396706325, 35, 1.0
35032.02764709844, 101, -1.0
35036.25103156826, 152, -1.0
35043.547263482826, 101, 1.0
35050.240546319365, 35, -1.0
35052.04078067141, 101, -1.0
35052.43014178964, 103, -1.0
35057.83207396354, 101, 1.0
35060.087586047935, 75, -1.0
35073.03133006672, 101, -1.0
35078.739100881416, 148, -1.0
35078.919580984126, 35, -1.0
35079.54452551522, 75, -1.0
35080.69512858055, 152, 1.0
35081.44512063079, 154, 1.0
35081.7382532926, 44, -1.0
35090.613513024546, 148, -1.0
35102.825361661, 75, 1.0
35110.96200995484, 44, -1.0
35113.88113795068, 35, -1.0
35118.43135299176, 101, 1.0
35122.138074783885, 75, -1.0
35122.8596395799, 101, 1.0
35125.81838522455, 152, -1.0
35127.52721291947, 152, 1.0
35129.82635220841, 154, -1.0
35130.96639644938, 75, -1.0
35135.61218909149, 44, -1.0
35141.38432138244, 35, 1.0
35142.0639447678, 101, 1.0
35156.33613285349, 152, -1.0
35160.27102993574, 75, -1.0
35162.67180831601, 101, 1.0
35176.456750497964, 103, -1.0
35179.47339955426, 44, -1.0
35182.56308429461, 44, -1.0
35185.12197412541, 152, -1.0
35186.00516880757, 75, -1.0
35187.997305466386, 101, -1.0
35200.067130176416, 101, 1.0
35210.671635437255, 154, 1.0
35212.83286892711, 44, -1.0
35217.744262516244, 103, -1.0
35218.06465966546, 35, 1.0
35218.4110762531, 35, -1.0
35229.02328040826, 148, -1.0
35229.73809336223, 148, -1.0
35247.39864029753, 44, -1.0
35253.71815869161, 35, -1.0
35255.050426750575, 75, -1.0
35255.79431203167, 101, -1.0
35260.90590130531, 35, 1.0
35263.91860533587, 75, -1.0
35270.44850808307, 101, 1.0
35282.59792374205, 35, -1.0
35282.89860364629, 35, 1.0
35283.68783097247, 148, -1.0
35296.046267285885, 154, -1.0
35301.810292941525, 101, 1.0
35306.9152479543, 35, -1.0
35317.30503503959, 101, -1.0
35319.64360680338, 35, 1.0
35334.67166701004, 75, -1.0
35335.75514956455, 75, -1.0
35353.38676385235, 75, 1.0
35355.156116085716, 152, -1.0
35356.25397367948, 75, -1.0
35359.82732008646, 44, -1.0
35374.264118275496, 101, 1.0
35378.342859628385, 44, -1.0
35387.84293066156, 101, -1.0
35388.40120151871, 35, -1.0
35394.52438978005, 103, -1.0
35396.58003517015, 75, -1.0
35399.1437975334, 148, -1.0
35403.417682810745, 35, -1.0
35418.712540843444, 148, -1.0
35428.401464398405, 35, -1.0
35435.93934965556, 44, -1.0
35441.833605569824, 75, -1.0
35442.842566695894, 152, 1.0
35443.62170109726, 148, -1.0
35444.151509201954, 75, -1.0
35447.189563769454, 148, -1.0
35447.54453048772, 75, -1.0
35447.664037425195, 35, -1.0
35453.03103768855, 152, 1.0
35455.51269800256, 75, 1.0
35455.524097842994, 152, 1.0
35466.11368723554, 154, -1.0
35466.233718382384, 35, -1.0
35469.48746329556, 75, 1.0
35471.048201459846, 101, 1.0
35474.834473566574, 152, 1.0
35478.209458306315, 35, -1.0
35482.41747789777, 35, -1.0
35489.31443160256, 101, 1.0
35493.54146851506, 44, -1.0
35494.20863401443, 44, -1.0
35497.43883890248, 101, 1.0
35509.646902241984, 44, -1.0
35512.55788951841, 152, -1.0
35513.35554213561, 44, -1.0
35515.80496294997, 35, 1.0
35515.84851219473, 35, -1.0
35522.895214649834, 75, -1.0
35525.08887022547, 101, 1.0
35530.28851412208, 148, -1.0
35534.42241180862, 35, -1.0
35534.73333928058, 152, 1.0
35543.23766625335, 35, 1.0
35553.56575788391, 44, -1.0
35554.38086207477, 103, -1.0
35555.93639083389, 101, 1.0
35565.62377198553, 75, -1.0
35569.9180000259, 152, -1.0
35575.54525730423, 148, -1.0
35582.07541924598, 101, -1.0
35582.31256310137, 152, -1.0
35583.74799655685, 35, -1.0
35595.410288229046, 154, 1.0
35599.55409419805, 44, -1.0
35606.56072431484, 101, 1.0
35607.05924163443, 101, -1.0
35610.076035341226, 35, -1.0
35622.2818722635, 103, -1.0
35628.93637831471, 152, 1.0
35633.04738115497, 101, 1.0
35634.4220474607, 75, -1.0
35639.130819501595, 101, 1.0
35640.389247156476, 154, 1.0
35641.720945352325, 75, 1.0
35647.02486216757, 152, 1.0
35649.43439092533, 101, -1.0
35660.74674863954, 35, 1.0
35666.846612746696, 75, -1.0
35671.35286715564, 154, 1.0
35674.42918991255, 44, -1.0
35683.284046397755, 75, 1.0
35683.86371935892, 44, -1.0
35690.49938090229, 101, -1.0
35692.52030304643, 35, -1.0
35693.88730532775, 35, 1.0
35718.94086173604, 154, 1.0
35723.13299253776, 154, -1.0
35724.999862951736, 44, -1.0
35731.23747661059, 154, -1.0
35733.99405643366, 152, -1.0
35735.50377355151, 148, -1.0
35748.02366563242, 44, 1.0
35750.8994610164, 44, -1.0
35755.545171119564, 154, 1.0
35761.25984179822, 154, -1.0
35764.02710500348, 75, 1.0
35771.13438148187, 75, -1.0
35772.95318096616, 154, 1.0
35783.25469388903, 75, -1.0
35783.629737500545, 101, 1.0
35786.56547804242, 35, -1.0
35791.07209990341, 152, -1.0
35792.16917504453, 101, -1.0
35794.249747394446, 101, -1.0
35794.60786877715, 103, -1.0
35800.5685209652, 35, -1.0
35814.414061558375, 154, -1.0
35817.59533355069, 35, 1.0
35822.94867281147, 75, -1.0
35834.724278062844, 148, -1.0
35844.69788321732, 35, -1.0
35847.873448881386, 35, -1.0
35858.116688439564, 101, 1.0
35861.370996665, 35, -1.0
35867.45497264175, 75, -1.0
35867.5972488782, 101, 1.0
35881.93863005235, 35, -1.0
35892.60707321021, 101, 1.0
35892.656004093405, 101, 1.0
35897.859936146626, 152, -1.0
35898.55271792489, 152, 1.0
35900.66281052521, 148, -1.0
35900.88162529174, 154, -1.0
35901.37572043482, 75, -1.0
35903.1720394616, 152, 1.0
35904.81485747445, 75, -1.0
35908.9636549386, 35, -1.0
35911.327680367016, 35, 1.0
35912.43547211533, 154, 1.0
35913.39206299369, 35, -1.0
35923.26013579357, 35, -1.0
35927.312381561766, 44, -1.0
35932.2355236989, 103, -1.0
35935.26500283876, 101, -1.0
35938.410839858036, 75, -1.0
35942.83066295123, 35, -1.0
35943.56758710559, 35, 1.0
35949.71014177108, 75, -1.0
35952.91601113582, 152, -1.0
35953.51057961814, 148, -1.0
35955.4782746871, 101, 1.0
35956.80975157537, 35, 1.0
35962.020799201564, 44, -1.0
35969.82398074538, 44, -1.0
35978.55591904328, 44, -1.0
35980.260327096556, 148, -1.0
35986.855100368535, 44, -1.0
35993.54823879414, 44, -1.0
