21610.76997295155, 44, 1.0
21618.192485880143, 148, -1.0
21619.769654443207, 35, -1.0
21620.85363791892, 35, -1.0
21621.68843269347, 35, 1.0
21623.074580978944, 75, 1.0
21628.841967638014, 35, 1.0
21629.8297060676, 75, -1.0
21630.050011887965, 101, 1.0
21640.215842665264, 103, 1.0
21647.447391586797, 35, 1.0
21653.31092302613, 44, -1.0
21660.19807108682, 154, 1.0
21664.533398800035, 148, -1.0
21667.160817580087, 154, -1.0
21671.105659984532, 154, 1.0
21672.761303540436, 154, 1.0
21677.6964775012, 148, -1.0
21680.055007736104, 154, 1.0
21686.040051115844, 154, -1.0
21686.596676486606, 101, 1.0
21687.092289340548, 154, 1.0
21687.49366384429, 154, 1.0
21699.39820822074, 44, -1.0
21703.36678406651, 75, -1.0
21703.416994498042, 103, 1.0
21714.67738427882, 154, -1.0
21715.69013977721, 154, 1.0
21720.361955177144, 148, -1.0
21729.54571922952, 101, 1.0
21732.48983795871, 103, 1.0
21733.514417694136, 101, 1.0
21734.76940692087, 154, 1.0
21744.669464262497, 148, -1.0
21752.555453646786, 75, 1.0
21754.655027624853, 75, 1.0
21756.357947283803, 75, -1.0
21770.911618352282, 44, -1.0
21773.574381571416, 101, -1.0
21774.251305339018, 35, -1.0
21781.972777427065, 148, -1.0
21787.171969850766, 75, 1.0
21803.011865198634, 35, 1.0
21803.964328882736, 152, -1.0
21807.189340773188, 103, 1.0
21812.23741270676, 152, -1.0
21812.86748742869, 103, 1.0
21830.311387522186, 148, -1.0
21830.67193957098, 103, 1.0
21834.63169003205, 35, 1.0
21839.61290643137, 154, 1.0
21842.049400509815, 101, 1.0
21847.33419065856, 35, 1.0
21850.316399043593, 35, -1.0
21853.095859354053, 44, 1.0
21863.87675602939, 152, -1.0
21864.993903836712, 154, 1.0
21868.698132616617, 44, -1.0
21869.51622948413, 103, 1.0
21871.865262414805, 101, 1.0
21880.49656374606, 148, -1.0
21889.771039422503, 44, -1.0
21889.79885306636, 154, 1.0
21891.34579165859, 148, -1.0
21908.447130635963, 148, -1.0
21909.00561826547, 44, -1.0
21928.549988434606, 35, 1.0
21928.872995097066, 35, 1.0
21940.878541167964, 75, -1.0
21944.149837822686, 154, 1.0
21952.508836011286, 35, 1.0
21958.533126799804, 101, -1.0
21961.92774748885, 148, -1.0
21963.878221102917, 103, -1.0
21968.319797157033, 75, -1.0
21968.554383707567, 44, -1.0
21969.282210916965, 101, 1.0
21977.243184222527, 75, -1.0
21985.54355039709, 75, -1.0
22006.743557983835, 75, 1.0
22015.87217568787, 101, 1.0
22020.385215705326, 101, 1.0
22025.43771193855, 154, -1.0
22036.40281576069, 75, -1.0
22037.006106519108, 154, 1.0
22037.447895552497, 44, -1.0
22047.652623344857, 44, -1.0
22057.480256595558, 35, -1.0
22062.967064389097, 35, 1.0
22063.412480264487, 75, -1.0
22087.28757721536, 75, -1.0
22093.26544384595, 44, -1.0
22096.65370026981, 103, -1.0
22097.992231713055, 75, -1.0
22098.210125559865, 103, 1.0
22099.911956518536, 152, -1.0
22101.97767411124, 154, 1.0
22105.063406861664, 101, -1.0
22117.237772339442, 75, -1.0
22118.103989480795, 101, 1.0
22129.70850262591, 103, -1.0
22130.58154871951, 44, -1.0
22133.000207781675, 154, 1.0
22140.347439305904, 154, 1.0
22146.46028809342, 154, 1.0
22149.57330794633, 101, 1.0
22150.453222120217, 103, 1.0
22153.280704359997, 152, -1.0
22158.891133665755, 154, 1.0
22171.48451392456, 103, 1.0
22176.847592477992, 103, 1.0
22177.442376964682, 103, 1.0
22181.125897651782, 35, 1.0
22181.959300622733, 101, 1.0
22183.894896241593, 75, -1.0
22188.31825470066, 75, -1.0
22189.741889592195, 103, -1.0
22192.48398559868, 35, -1.0
22192.88851050209, 35, 1.0
22203.22611050577, 75, -1.0
22211.351494207396, 101, 1.0
22211.594488190844, 152, 1.0
22213.408354435087, 75, 1.0
22222.13832074577, 148, -1.0
22223.32146218311, 35, 1.0
22235.170231226304, 35, -1.0
22235.318145090776, 103, 1.0
22235.495979845593, 103, 1.0
22237.41669727714, 154, -1.0
22238.554825369465, 101, 1.0
22238.965764391996, 152, -1.0
22244.072327389968, 152, -1.0
22244.155798785592, 154, 1.0
22246.539628630602, 152, 1.0
22253.777533837812, 103, 1.0
22260.28119764843, 103, 1.0
22261.378404646803, 44, -1.0
22264.04880244576, 101, 1.0
22265.891944407784, 75, -1.0
22266.434908609637, 103, 1.0
22284.954149594952, 103, 1.0
22285.57417632784, 103, 1.0
22288.38237328571, 103, 1.0
22296.011385701215, 101, 1.0
22296.29709929442, 103, 1.0
22299.04093878828, 148, -1.0
22308.082551128955, 154, 1.0
22316.38124275997, 75, -1.0
22320.409711900047, 103, 1.0
22346.36976726199, 103, 1.0
22347.54814492419, 103, 1.0
22348.644049742445, 152, 1.0
22354.023742521906, 101, 1.0
22368.811326500105, 103, 1.0
22377.81609589222, 101, 1.0
22385.863873469458, 103, 1.0
22394.7185312047, 101, 1.0
22408.54627603726, 103, 1.0
22412.643020171094, 75, -1.0
22414.51102333065, 75, 1.0
22418.42813110635, 154, 1.0
22419.166067005688, 152, 1.0
22419.996649615365, 154, 1.0
22422.890052013026, 35, -1.0
22423.847007037053, 103, 1.0
22424.99515474262, 35, -1.0
22429.69798857738, 154, 1.0
22434.344031952907, 103, 1.0
22444.375312121032, 148, -1.0
22447.44767871034, 103, 1.0
22450.263865282832, 101, -1.0
22452.004587149597, 154, 1.0
22452.600021521434, 101, -1.0
22460.47271297831, 152, 1.0
22467.64628773528, 154, 1.0
22481.77608254674, 103, 1.0
22482.062830393952, 75, -1.0
22482.333445650376, 44, -1.0
22484.593220614945, 154, 1.0
22486.811257781, 103, 1.0
22487.92900992737, 75, -1.0
22488.86428219728, 35, -1.0
22491.97417290351, 35, -1.0
22493.754713070342, 103, 1.0
22498.76954569084, 152, 1.0
22498.980098421907, 35, -1.0
22499.241140433332, 103, 1.0
22503.70862333548, 44, -1.0
22504.337607613637, 154, -1.0
22505.61832239497, 154, -1.0
22506.7675884049, 154, 1.0
22515.796413830936, 103, 1.0
22530.552143582085, 154, -1.0
22530.84713342409, 148, 1.0
22532.99564581891, 103, 1.0
22540.342206413556, 103, 1.0
22542.54588530629, 148, -1.0
22542.782323897125, 103, -1.0
22547.927950336983, 35, 1.0
22553.51493501936, 101, -1.0
22554.887138206355, 154, 1.0
22560.82146092799, 103, 1.0
22566.424978678442, 101, 1.0
22570.284011891184, 75, -1.0
22572.183205140896, 103, 1.0
22578.317049769907, 35, 1.0
22579.130679907852, 35, 1.0
22579.231332766536, 154, 1.0
22586.30199033495, 101, 1.0
22596.228930564543, 75, -1.0
22601.757375993435, 154, 1.0
22602.890789290097, 103, 1.0
22606.91758506032, 35, -1.0
22608.11976897716, 75, 1.0
22616.85743982904, 75, 1.0
22620.421829722032, 154, 1.0
22621.355820045188, 75, 1.0
22624.212279916715, 103, 1.0
22638.84678854057, 103, 1.0
22639.832568320664, 101, 1.0
22642.23415346891, 148, -1.0
22642.458541284497, 75, 1.0
22661.811838429734, 154, 1.0
22664.44143933499, 154, 1.0
22672.513154723023, 35, -1.0
22672.793873700884, 103, 1.0
22679.222772351488, 101, 1.0
22679.838750043178, 75, 1.0
22681.008979177022, 103, 1.0
22685.320459915758, 154, 1.0
22693.209055903313, 152, -1.0
22695.786557384483, 75, 1.0
22711.459760727343, 75, -1.0
22717.620103184305, 154, 1.0
22720.102584775104, 35, 1.0
22725.670451573813, 44, -1.0
22729.176381918773, 103, 1.0
22736.630568935216, 101, 1.0
22738.54891769345, 103, 1.0
22760.5212264441, 148, -1.0
22760.901306370797, 75, -1.0
22762.24387846001, 101, 1.0
22762.722556716068, 35, -1.0
22763.65361409089, 101, 1.0
22772.21096284178, 35, -1.0
22777.727045348875, 154, 1.0
22780.200417019583, 101, 1.0
22788.23719925502, 44, -1.0
22789.591901109943, 154, -1.0
22795.145254274583, 103, 1.0
22803.014497513042, 152, -1.0
22805.292041892124, 35, 1.0
22808.55455276568, 101, 1.0
22813.82962896249, 103, 1.0
22816.793025379953, 101, -1.0
22818.72694398465, 103, 1.0
22825.85034497202, 154, 1.0
22826.905183688617, 101, -1.0
22830.414471388074, 103, 1.0
22837.347367923052, 148, -1.0
22840.658695803977, 35, 1.0
22846.618306586643, 103, 1.0
22850.890234496823, 148, -1.0
22852.208407710154, 101, 1.0
22860.490327962547, 154, 1.0
22863.37693201645, 35, -1.0
22865.862271329395, 75, -1.0
22866.264869845465, 75, -1.0
22880.474627690986, 103, 1.0
22880.678574018628, 101, 1.0
22886.792910587315, 103, 1.0
22893.4721475483, 154, 1.0
22893.636494668837, 101, 1.0
22896.388428024748, 35, 1.0
22906.775595283812, 148, -1.0
22909.962302896845, 154, 1.0
22917.161083354233, 154, 1.0
22920.431952619478, 148, -1.0
22925.461078850425, 44, -1.0
22943.953764502734, 101, 1.0
22945.667317212734, 101, 1.0
22964.296524413603, 35, -1.0
22965.630636436086, 35, 1.0
22970.42084000572, 154, 1.0
22988.562035739793, 44, -1.0
22999.99592967762, 75, -1.0
23018.81127120747, 154, 1.0
23020.79509483155, 148, -1.0
23023.428412143025, 101, 1.0
23026.73465816165, 75, 1.0
23026.851952107827, 101, 1.0
23032.985140837092, 154, 1.0
23034.774330719818, 75, -1.0
23039.162267419004, 154, 1.0
23044.26472813263, 103, 1.0
23044.463644313983, 75, 1.0
23048.191819148527, 103, 1.0
23052.21698054189, 75, 1.0
23055.911757764217, 154, 1.0
23073.73238002348, 103, 1.0
23074.305763649314, 35, 1.0
23079.14849638191, 44, -1.0
23079.84884078569, 75, 1.0
23080.78846855481, 154, 1.0
23083.241075440477, 154, 1.0
23084.62617360424, 152, -1.0
23085.527007853238, 35, 1.0
23099.081254991204, 154, 1.0
23099.372008482864, 35, 1.0
23106.751212340154, 154, 1.0
23106.863518446673, 44, -1.0
23108.00382735989, 44, -1.0
23110.677345285305, 154, -1.0
23137.333086510902, 103, 1.0
23149.16359267276, 101, -1.0
23150.835948767355, 101, 1.0
23152.76427698579, 154, 1.0
23155.61835866604, 101, 1.0
23155.82379931696, 101, 1.0
23156.62196298315, 103, 1.0
23157.914719628257, 75, -1.0
23158.60133002516, 75, 1.0
23159.040902448498, 75, 1.0
23164.19723244174, 35, -1.0
23165.534203931165, 75, 1.0
23181.355502264378, 101, 1.0
23184.60915879822, 148, -1.0
23184.788213671014, 148, -1.0
23191.191602079096, 35, 1.0
23193.351669186184, 35, 1.0
23194.478960589287, 75, 1.0
23195.287668669076, 35, -1.0
23195.552310600666, 44, 1.0
23196.380927890394, 35, 1.0
23197.638782551345, 103, 1.0
23210.52281761171, 103, 1.0
23211.14072394153, 152, -1.0
23216.92203433424, 101, 1.0
23216.941866075074, 75, -1.0
23224.185705970627, 154, 1.0
23227.105679236945, 35, -1.0
23227.65854703087, 35, 1.0
23229.401002127055, 148, -1.0
23233.49464077902, 75, -1.0
23239.98060473322, 148, -1.0
23244.199613711706, 148, -1.0
23244.531474801963, 35, -1.0
23250.966758801897, 103, 1.0
23268.450514618948, 152, 1.0
23271.221962202864, 152, 1.0
23272.09405609798, 103, 1.0
23273.950758106348, 154, 1.0
23277.238196938542, 75, -1.0
23282.837611213712, 35, 1.0
23287.716399199428, 101, -1.0
23292.509174432304, 148, -1.0
23297.6351203943, 103, 1.0
23300.896508971793, 103, 1.0
23312.851412329626, 103, 1.0
23315.62175414719, 75, 1.0
23319.612369612, 103, 1.0
23320.279566028334, 103, 1.0
23329.847574350697, 75, -1.0
23331.437862712482, 154, 1.0
23332.804262099417, 75, -1.0
23332.921465528798, 152, -1.0
23343.14931912246, 154, 1.0
23356.40711276324, 152, -1.0
23357.850672530312, 152, -1.0
23358.325498374932, 154, 1.0
23361.92919535558, 75, -1.0
23363.812525708676, 101, -1.0
23369.983557200845, 75, -1.0
23383.56270642485, 154, 1.0
23383.668579498015, 103, 1.0
23385.36729297983, 154, 1.0
23406.19621713211, 154, 1.0
23414.856417668685, 101, 1.0
23417.049622065413, 101, 1.0
23418.26993842275, 103, 1.0
23422.6619662343, 75, -1.0
23426.713365111238, 75, 1.0
23431.610307122668, 103, 1.0
23446.374789465826, 75, -1.0
23467.413896640926, 152, -1.0
23472.085259878048, 75, -1.0
23472.494989099792, 103, 1.0
23478.6289235617, 154, 1.0
23481.73609623573, 35, 1.0
23487.680740506963, 44, -1.0
23492.70008081531, 44, -1.0
23493.760164714495, 101, 1.0
23493.883758950506, 35, -1.0
23494.301388430373, 44, 1.0
23499.99724634336, 103, 1.0
23503.690677059512, 154, 1.0
23518.412768822815, 75, 1.0
23522.452993230054, 101, -1.0
23534.996614708387, 103, 1.0
23539.791581527796, 75, 1.0
23543.14206464217, 152, -1.0
23553.572074088283, 75, 1.0
23556.24906409643, 75, 1.0
23557.36816234921, 75, -1.0
23560.80233768598, 75, -1.0
23568.02576537546, 101, 1.0
23571.428451668293, 75, -1.0
23577.60500464503, 148, -1.0
23585.286702684276, 44, -1.0
23587.869849970233, 152, 1.0
23599.350444532494, 103, 1.0
23609.46476224456, 148, -1.0
23625.724030167064, 35, 1.0
23630.17724531363, 152, -1.0
23630.374525441286, 101, -1.0
23633.743639691, 152, -1.0
23634.791002120164, 44, -1.0
23660.442560148404, 101, 1.0
23661.11276445488, 154, 1.0
23666.999064873835, 75, -1.0
23674.497002539632, 103, 1.0
23675.450129695946, 35, -1.0
23676.931934165274, 152, 1.0
23679.98102300348, 154, 1.0
23685.018424002683, 75, 1.0
23686.576829929938, 154, 1.0
23695.680620165524, 152, -1.0
23698.702707365217, 35, -1.0
23706.62523889992, 75, -1.0
23710.039268391498, 152, -1.0
23710.718874984526, 154, 1.0
23711.708404002497, 154, -1.0
23714.48724930247, 75, -1.0
23727.28444679881, 103, 1.0
23732.306708701937, 35, -1.0
23742.59168120026, 148, -1.0
23751.987991061356, 103, -1.0
23755.746626608016, 154, 1.0
23756.610115179443, 103, 1.0
23760.57927556698, 75, -1.0
23761.27294304195, 35, 1.0
23776.235850709316, 75, 1.0
23785.933936052978, 35, 1.0
23789.738489472264, 148, -1.0
23797.89633402142, 101, 1.0
23802.224403201468, 101, 1.0
23805.22228508362, 75, 1.0
23808.63214506915, 152, -1.0
23813.496390680746, 148, -1.0
23824.493658294206, 154, 1.0
23825.521168738767, 154, -1.0
23831.454247482558, 101, 1.0
23833.542175946593, 154, 1.0
23835.388188364668, 101, -1.0
23835.887980754334, 75, -1.0
23838.212689246302, 101, 1.0
23840.324661190454, 35, 1.0
23845.441068718006, 148, -1.0
23851.309505185913, 103, 1.0
23857.226224309557, 103, 1.0
23861.147574536706, 148, -1.0
23868.96927621423, 103, 1.0
23874.85678849141, 154, 1.0
23879.47057215472, 154, 1.0
23880.066353639344, 103, 1.0
23880.490307663466, 148, -1.0
23886.449775255132, 103, -1.0
23894.682590321605, 148, -1.0
23895.009701282175, 103, 1.0
23898.69061438702, 101, 1.0
23909.714921672097, 154, 1.0
23919.757805208897, 148, -1.0
23934.704310588684, 75, 1.0
23936.395415002968, 75, 1.0
23942.48085660895, 44, -1.0
23943.839875460133, 35, 1.0
23945.655192576723, 101, 1.0
23964.848466150932, 154, 1.0
23968.323734491787, 101, 1.0
23972.080644940386, 44, -1.0
23973.59867315738, 154, 1.0
23974.274975135995, 154, 1.0
23974.70848252822, 154, 1.0
23984.221002384962, 35, 1.0
23992.80226497839, 148, -1.0
23997.132937002778, 101, 1.0
24002.11536983817, 152, 1.0
24022.35907532907, 101, 1.0
24039.720451034005, 101, 1.0
24042.480614440654, 103, 1.0
24043.52647893609, 101, 1.0
24044.106937063985, 101, -1.0
24051.688803472578, 35, 1.0
24057.778740196205, 154, 1.0
24068.3920364836, 101, 1.0
24068.903418094356, 35, -1.0
24068.94806987124, 101, 1.0
24072.16890774275, 35, -1.0
24073.10407113295, 35, 1.0
24073.472312663664, 154, 1.0
24078.163348215465, 148, -1.0
24105.347182681482, 101, 1.0
24109.621643975417, 154, 1.0
24116.97486893754, 152, -1.0
24118.357136612984, 44, -1.0
24124.26240073027, 44, -1.0
24127.30542724786, 35, -1.0
24129.28149925023, 75, 1.0
24131.36426974868, 44, -1.0
24135.304119733602, 75, 1.0
24148.42360654723, 103, 1.0
24153.095074914494, 35, 1.0
24155.28441169841, 148, 1.0
24159.71614260659, 75, 1.0
24168.85571038808, 44, -1.0
24170.866151318744, 103, -1.0
24171.63541974227, 35, 1.0
24175.026168161075, 75, 1.0
24178.924866896108, 75, 1.0
24179.62718961193, 101, 1.0
24183.319560735406, 154, 1.0
24219.49445466056, 35, -1.0
24222.547321878534, 44, -1.0
24232.214051568993, 148, 1.0
24235.17284248355, 103, 1.0
24247.613132706876, 101, 1.0
24250.6981434776, 101, -1.0
24250.740857806468, 103, 1.0
24253.1017650571, 75, 1.0
24268.93958932591, 148, -1.0
24270.63272318727, 101, 1.0
24270.86796173935, 101, 1.0
24291.379333622674, 103, 1.0
24299.000872760036, 154, 1.0
24301.268192025218, 44, -1.0
24301.42623217709, 154, 1.0
24303.23480316164, 152, -1.0
24303.477994174274, 35, 1.0
24311.75687243924, 148, -1.0
24314.90831609759, 103, 1.0
24319.12936122906, 148, -1.0
24324.210386510884, 101, -1.0
24327.81246103214, 103, 1.0
24333.46755560223, 148, -1.0
24344.089531844635, 101, 1.0
24351.576559283076, 44, -1.0
24358.907870962037, 103, 1.0
24361.505479450883, 101, 1.0
24369.32318679304, 75, 1.0
24370.0907582378, 103, 1.0
24371.418153613595, 75, -1.0
24382.81070140908, 103, -1.0
24385.497008216746, 154, 1.0
24406.839986088897, 75, 1.0
24415.675703179655, 101, 1.0
24428.00799491471, 154, 1.0
24434.800364980656, 44, -1.0
24439.048037756434, 154, 1.0
24446.410084571948, 154, 1.0
24447.35255358209, 35, 1.0
24459.442838012365, 154, 1.0
24476.742653412337, 35, -1.0
24480.04543019095, 44, -1.0
24482.074899258776, 154, 1.0
24491.382923607558, 103, 1.0
24496.93947279248, 103, 1.0
24497.57945586127, 148, -1.0
24498.393073574825, 35, -1.0
24507.26089551165, 152, 1.0
24508.70203106283, 101, 1.0
24511.384260727024, 75, -1.0
24514.651154345946, 154, 1.0
24515.520034233083, 154, 1.0
24515.52253469829, 154, 1.0
24516.25096108121, 103, 1.0
24518.06185846531, 75, 1.0
24530.29655078684, 44, 1.0
24530.35757720591, 75, -1.0
24538.92802930638, 148, -1.0
24543.6990770343, 101, 1.0
24546.815053310915, 44, -1.0
24548.16235617376, 101, 1.0
24549.703672625623, 75, 1.0
24557.340176509795, 154, 1.0
24559.555118068958, 148, 1.0
24567.848887781372, 154, 1.0
24579.23744261613, 103, 1.0
24589.758444370236, 103, 1.0
24591.601919133387, 101, -1.0
24601.24265179186, 103, 1.0
24606.154749886704, 75, 1.0
24606.42789406572, 75, 1.0
24615.492106536178, 35, 1.0
24622.88965548977, 154, 1.0
24628.55478107172, 152, 1.0
24633.959610826216, 148, -1.0
24644.957410563882, 75, 1.0
24651.726312700106, 35, 1.0
24655.932679610825, 101, 1.0
24658.061087821512, 103, 1.0
24660.032665358925, 35, 1.0
24666.882370561594, 103, 1.0
24674.26717565865, 152, 1.0
24677.320761929634, 101, -1.0
24690.894096523312, 44, -1.0
24691.306464785663, 103, 1.0
24703.79763930831, 101, 1.0
24706.084014251934, 75, -1.0
24706.384581635535, 152, -1.0
24706.93913298779, 75, 1.0
24713.321884829948, 154, 1.0
24717.091168940173, 103, 1.0
24720.292520938194, 44, -1.0
24733.889893560307, 75, -1.0
24740.25665455128, 152, -1.0
24747.998860402982, 154, 1.0
24748.102394444068, 154, 1.0
24753.358834604373, 75, -1.0
24758.20181250312, 152, -1.0
24761.801576422058, 152, -1.0
24765.52905152727, 103, 1.0
24771.9323547149, 101, 1.0
24775.514488415192, 35, 1.0
24777.16358224917, 148, -1.0
24786.631900208675, 35, 1.0
24792.976415941015, 75, -1.0
24797.0895361378, 152, -1.0
24797.15556213049, 101, 1.0
24798.09618961883, 35, 1.0
24800.404961792778, 101, 1.0
24801.502715934017, 103, 1.0
24801.628938071182, 101, 1.0
24804.648275196316, 44, 1.0
24815.585172559615, 35, -1.0
24822.987657842037, 148, -1.0
24828.109881469598, 44, -1.0
24843.833607104058, 154, 1.0
24845.503930123516, 103, 1.0
24847.29010377846, 152, -1.0
24851.174936727435, 101, 1.0
24857.960520270964, 101, 1.0
24864.862138225875, 101, -1.0
24869.418337384803, 75, -1.0
24873.756541785577, 101, 1.0
24875.16048451249, 103, 1.0
24878.635110953277, 35, 1.0
24880.715164074503, 103, 1.0
24881.511950583485, 35, 1.0
24884.902182211605, 101, -1.0
24888.816225962524, 101, -1.0
24892.805892555025, 44, -1.0
24902.275591962247, 44, -1.0
24903.502567398296, 148, -1.0
24906.016800508816, 101, 1.0
24916.629038410243, 103, 1.0
24932.27001255678, 154, -1.0
24943.751064566193, 154, 1.0
24944.165676313893, 148, -1.0
24949.3425036294, 101, 1.0
24962.219335334466, 101, 1.0
24965.05614829962, 154, 1.0
24965.454236502526, 101, 1.0
24966.273988411467, 152, -1.0
24968.545427514764, 148, -1.0
24977.91370280806, 101, 1.0
24983.946697417665, 101, 1.0
24985.853361261576, 154, 1.0
24985.866529258572, 101, 1.0
24987.698756716934, 75, -1.0
24989.881620951306, 103, 1.0
24998.003481709642, 101, -1.0
25011.663280395096, 35, 1.0
25013.329852475505, 44, -1.0
25015.345639858693, 75, -1.0
25018.857412794638, 101, -1.0
25020.164524958684, 75, 1.0
25027.00053488599, 44, -1.0
25034.308262231465, 152, -1.0
25046.88330005238, 44, 1.0
25047.888428707927, 44, -1.0
25050.64196004539, 152, 1.0
25051.355868962706, 152, -1.0
25052.706904793267, 154, 1.0
25057.705081092317, 154, 1.0
25061.41607189188, 101, 1.0
25079.252081727656, 35, 1.0
25080.99130933972, 154, 1.0
25088.351219190507, 101, 1.0
25090.21249435639, 103, 1.0
25092.629409764406, 101, 1.0
25098.364752016747, 103, 1.0
25104.78732436416, 101, 1.0
25112.861238379704, 103, 1.0
25113.353807843432, 35, 1.0
25114.10305686605, 75, 1.0
25122.190320817044, 75, 1.0
25127.287992787093, 35, -1.0
25131.958594178715, 101, 1.0
25137.401248409376, 101, 1.0
25141.38857276782, 75, -1.0
25141.98519470171, 35, 1.0
25150.266437012917, 101, -1.0
25152.118746310094, 35, 1.0
25160.5298146704, 152, -1.0
25166.091361027422, 154, -1.0
25171.11385789685, 44, -1.0
25179.235183276814, 75, 1.0
25184.154946444818, 152, -1.0
25187.615256915054, 148, -1.0
25195.807523087853, 148, -1.0
25197.103939504676, 103, 1.0
25205.659852441862, 101, 1.0
25214.52624654557, 148, -1.0
25217.412480456907, 154, 1.0
25222.277277157184, 152, -1.0
25226.261313704796, 75, 1.0
25243.909815573057, 154, 1.0
25244.932262297785, 152, -1.0
25250.17978698859, 44, -1.0
25250.968560335867, 148, 1.0
25258.65938961677, 101, 1.0
25258.988353198743, 103, 1.0
25260.376380952584, 154, -1.0
25274.817833640234, 75, -1.0
25284.213395043924, 152, -1.0
25285.949447460636, 154, 1.0
25288.38977856622, 148, 1.0
25288.747364711453, 75, 1.0
25289.40320199497, 148, 1.0
25308.39162176778, 103, 1.0
25310.454954787372, 75, 1.0
25318.52493547698, 103, 1.0
25321.398613090085, 152, -1.0
25324.08494011849, 75, -1.0
25329.724141429433, 103, -1.0
25330.456771050085, 101, 1.0
25334.39619318079, 35, 1.0
25336.752926975274, 154, 1.0
25340.13614180414, 75, -1.0
25345.315915875195, 154, 1.0
25354.557523605825, 152, -1.0
25356.96271123799, 148, -1.0
25359.774379837425, 35, 1.0
25361.285206750654, 35, 1.0
25364.67777567516, 148, -1.0
25368.926168601443, 148, 1.0
25375.35670290987, 152, 1.0
25389.05205427931, 152, 1.0
25398.36991994276, 154, 1.0
25399.805014784415, 75, -1.0
25400.445561937813, 103, -1.0
25400.504765063226, 103, 1.0
25404.240093008124, 152, -1.0
25409.32104410717, 101, 1.0
25419.4272116594, 103, 1.0
25421.384919015472, 35, -1.0
25426.887549748877, 75, -1.0
25428.532915618875, 75, 1.0
25436.214415064405, 75, 1.0
25441.334368755866, 154, -1.0
25454.09247456407, 103, 1.0
25458.137470533584, 103, -1.0
25461.90936211015, 152, 1.0
25461.93648928112, 75, -1.0
25463.105469236434, 152, -1.0
25463.110117943103, 154, 1.0
25463.578782948833, 101, 1.0
25495.334335272117, 101, 1.0
25505.4048813228, 101, 1.0
25506.912832214926, 75, 1.0
25514.666316420866, 152, 1.0
25522.83562989439, 103, 1.0
25523.63429146553, 154, 1.0
25538.507449950754, 154, 1.0
25542.01834932371, 101, 1.0
25546.52600558389, 75, -1.0
25548.26042156671, 35, -1.0
25556.390849783817, 103, 1.0
25565.185031972487, 101, 1.0
25567.048005237866, 35, 1.0
25568.600202905578, 103, 1.0
25592.864212927052, 103, 1.0
25594.147890698456, 35, 1.0
25600.45293608774, 75, -1.0
25605.13618440594, 154, 1.0
25608.130554604682, 75, -1.0
25610.3739858121, 152, -1.0
25614.22645616309, 152, -1.0
25619.318872801374, 103, 1.0
25626.05125276308, 152, 1.0
25628.99433637231, 35, 1.0
25635.1362031246, 101, 1.0
25635.41965854203, 35, -1.0
25635.94436163259, 101, 1.0
25636.802891348132, 35, 1.0
25639.230433161214, 154, 1.0
25661.672663753965, 101, 1.0
25665.432443579382, 152, -1.0
25667.64543878792, 75, -1.0
25682.852617032746, 103, 1.0
25698.23149444224, 154, 1.0
25709.66855188033, 103, -1.0
25710.136075663875, 75, -1.0
25712.26018590839, 101, 1.0
25712.533081607275, 148, -1.0
25732.416083215114, 103, 1.0
25737.75411593635, 44, -1.0
25742.987046685106, 103, -1.0
25748.365547903526, 35, 1.0
25750.79329483779, 44, -1.0
25753.76065897793, 103, 1.0
25754.923983157623, 101, 1.0
25760.207472212966, 152, 1.0
25770.677133699424, 44, -1.0
25774.662910138286, 35, -1.0
25798.734851335685, 75, 1.0
25803.995161932362, 152, -1.0
25804.994822050834, 44, -1.0
25809.537162989396, 154, 1.0
25813.971098097187, 44, -1.0
25816.59508559096, 154, -1.0
25826.962700331915, 103, 1.0
25835.298088443567, 103, 1.0
25842.745513840026, 101, -1.0
25851.94338628305, 101, -1.0
25853.714532313163, 154, 1.0
25872.306156751816, 154, 1.0
25876.195077468583, 35, 1.0
25876.54957825294, 154, 1.0
25877.5709916586, 101, 1.0
25878.343971411163, 154, 1.0
25890.155717099507, 75, 1.0
25913.88359489279, 35, -1.0
25917.145562816535, 75, 1.0
25918.822476554073, 44, 1.0
25919.600035426112, 152, -1.0
25947.949215181743, 101, 1.0
25953.545229647203, 154, 1.0
25980.17342783097, 101, 1.0
25989.816776942018, 35, -1.0
25991.268084734013, 35, 1.0
26006.73386493267, 152, 1.0
26016.45418728063, 101, -1.0
26024.428179211965, 103, 1.0
26026.98354385281, 154, -1.0
26027.799508368596, 148, -1.0
26045.423670771383, 75, -1.0
26056.43775485161, 154, 1.0
26059.61740518573, 35, -1.0
26061.023728696844, 154, 1.0
26080.71335018195, 152, -1.0
26084.206831618336, 101, 1.0
26088.244050343823, 152, 1.0
26099.510547428585, 35, 1.0
26108.912811359834, 154, 1.0
26111.968399224264, 152, 1.0
26113.25242588153, 101, 1.0
26114.42809063726, 101, 1.0
26114.438199923865, 75, -1.0
26120.234969073885, 101, 1.0
26123.644944579617, 103, 1.0
26124.381164680544, 103, 1.0
26127.050583742468, 44, -1.0
26134.23242363403, 101, 1.0
26148.49005070506, 154, -1.0
26152.45268558114, 101, -1.0
26164.985566174284, 152, 1.0
26168.533028964983, 154, 1.0
26171.75402280607, 35, -1.0
26175.032373316237, 75, -1.0
26191.43716021016, 103, 1.0
26193.530531576587, 44, -1.0
26207.119481948757, 154, 1.0
26209.18391955226, 35, -1.0
26211.662478154547, 35, 1.0
26212.31444085759, 154, 1.0
26214.094412589686, 152, -1.0
26218.073291854507, 103, 1.0
26220.186862670726, 103, 1.0
26221.587640389906, 101, 1.0
26228.68964322064, 101, 1.0
26230.00882751798, 152, -1.0
26230.505555590662, 75, -1.0
26233.400475643393, 103, 1.0
26235.465658804143, 148, 1.0
26237.101732580817, 44, 1.0
26247.200429429897, 103, 1.0
26249.42086555371, 75, 1.0
26249.534995623122, 103, 1.0
26251.03910292096, 101, 1.0
26270.6577060933, 75, -1.0
26290.234396347063, 103, 1.0
26290.57306490182, 103, 1.0
26295.5593470558, 44, -1.0
26302.529600233574, 35, -1.0
26302.85801165022, 152, -1.0
26317.951180003532, 75, 1.0
26330.827911775385, 75, 1.0
26332.505361010994, 101, 1.0
26343.448414662642, 44, -1.0
26344.933287263586, 75, -1.0
26353.279705451492, 101, 1.0
26359.362144964918, 101, -1.0
26361.52729690005, 148, -1.0
26361.946423577763, 101, 1.0
26375.045605986128, 154, 1.0
26379.787518923386, 103, 1.0
26381.211035945682, 101, 1.0
26385.36978596472, 152, -1.0
26386.093693137642, 148, -1.0
26391.31956163169, 103, 1.0
26393.49662973453, 152, -1.0
26398.95684714656, 154, 1.0
26400.506150382378, 75, 1.0
26404.359028457606, 35, -1.0
26409.28226382507, 103, 1.0
26412.446734532645, 152, 1.0
26414.269900053445, 35, -1.0
26418.75541938449, 103, 1.0
26419.324195493333, 152, 1.0
26439.498084074785, 152, -1.0
26449.155116901427, 103, 1.0
26452.26470579971, 152, -1.0
26465.355613859156, 101, 1.0
26478.102662990346, 103, 1.0
26479.93345368003, 101, 1.0
26493.43481817719, 154, 1.0
26493.615925368613, 101, 1.0
26502.169830756422, 148, -1.0
26503.452396069068, 103, 1.0
26520.675398708754, 154, 1.0
26527.126647226378, 101, 1.0
26539.941304181208, 35, -1.0
26540.741232442197, 152, -1.0
26569.885439254183, 101, 1.0
26581.181910300897, 44, -1.0
26581.387302829433, 35, -1.0
26583.17387817503, 44, 1.0
26586.307201108728, 101, -1.0
26587.01779032082, 152, -1.0
26592.052452911536, 103, 1.0
26602.509052464542, 148, -1.0
26604.541841654074, 148, -1.0
26613.97508126486, 44, -1.0
26617.67642321614, 154, 1.0
26619.937679421884, 75, -1.0
26621.20010901654, 35, 1.0
26622.834670162458, 152, -1.0
26626.379698593268, 103, 1.0
26627.0169487315, 101, -1.0
26627.97192113632, 101, -1.0
26646.387077170413, 101, 1.0
26649.25409354449, 154, 1.0
26650.18749648199, 75, 1.0
26652.571682324844, 75, 1.0
26654.746466682183, 35, 1.0
26661.7223936353, 101, 1.0
26671.528646836152, 75, -1.0
26677.94400645822, 152, -1.0
26688.274998866527, 154, 1.0
26689.439619297664, 148, -1.0
26693.16309631166, 75, -1.0
26694.31674114823, 101, 1.0
26694.58928203452, 35, 1.0
26709.274897489246, 103, 1.0
26709.918122156076, 152, -1.0
26714.934436695865, 103, 1.0
26716.2776114783, 75, 1.0
26717.784727834573, 101, 1.0
26719.013294958404, 35, 1.0
26728.512367307776, 103, 1.0
26729.19172657436, 75, -1.0
26735.553988672556, 103, 1.0
26746.664954189244, 103, 1.0
26749.16062833362, 101, -1.0
26752.639861039723, 154, 1.0
26764.392038189962, 152, -1.0
26765.550228243377, 35, 1.0
26766.232640686932, 75, 1.0
26770.772594618793, 154, 1.0
26771.469894778977, 152, -1.0
26782.399861422968, 103, 1.0
26782.992469124332, 154, 1.0
26790.505907961488, 75, -1.0
26793.920580880324, 152, -1.0
26810.064443196483, 103, 1.0
26813.71124396996, 154, 1.0
26820.408974082657, 101, 1.0
26823.17879768033, 75, -1.0
26830.918620976554, 152, 1.0
26840.208965035526, 75, 1.0
26845.97980585458, 154, 1.0
26850.34908830876, 101, 1.0
26855.07721423096, 75, -1.0
26875.333624795167, 35, -1.0
26881.356146476606, 101, -1.0
26888.54031835867, 35, 1.0
26898.112877752028, 103, 1.0
26898.489196826496, 101, 1.0
26915.773365839355, 101, -1.0
26921.125811119735, 103, 1.0
26923.714226173484, 152, -1.0
26923.78471641276, 101, 1.0
26937.076749554948, 103, 1.0
26938.73988316606, 148, 1.0
26944.817347806922, 35, 1.0
26945.167820495408, 44, 1.0
26949.71713336382, 35, 1.0
26951.37145639199, 148, 1.0
26956.200651206724, 154, -1.0
26957.491912499285, 154, -1.0
26966.10605558548, 75, -1.0
26989.993449011556, 101, 1.0
26996.037678598994, 152, -1.0
26999.70484245336, 101, 1.0
27003.4892829114, 103, 1.0
27004.555967164684, 35, 1.0
27013.053119741406, 103, 1.0
27015.80580143223, 103, 1.0
27022.69651140994, 35, 1.0
27043.756404543714, 101, 1.0
27055.69319793755, 101, 1.0
27068.652483892274, 75, 1.0
27077.396814505973, 103, 1.0
27077.646422311704, 148, -1.0
27079.14091330387, 75, -1.0
27091.613162813872, 154, 1.0
27092.680538235098, 152, -1.0
27094.693192928222, 148, -1.0
27097.64783740488, 154, 1.0
27123.905678929757, 75, 1.0
27128.583613866314, 154, 1.0
27135.217353592685, 44, 1.0
27139.072835118775, 152, -1.0
27143.088728964427, 75, -1.0
27144.640446733087, 75, 1.0
27150.34089725748, 75, -1.0
27152.557098611393, 103, 1.0
27165.059851812926, 75, -1.0
27169.994323727962, 154, 1.0
27178.326031694647, 103, 1.0
27182.741649604573, 101, 1.0
27190.61807509874, 75, 1.0
27204.707606069802, 154, 1.0
27209.852825415197, 35, 1.0
27210.32202691842, 154, 1.0
27216.425946243053, 101, 1.0
27226.368654261954, 101, 1.0
27228.050662708294, 35, 1.0
27243.185746679927, 35, 1.0
27245.54768382674, 154, 1.0
27252.03796870303, 35, -1.0
27257.111700577236, 152, 1.0
27262.036490625484, 152, -1.0
27265.598566659482, 101, 1.0
27266.287092688897, 154, 1.0
27269.280611835304, 35, -1.0
27272.64231521515, 75, 1.0
27282.54371726564, 152, 1.0
27292.037220340648, 152, 1.0
27296.085218864246, 35, 1.0
27304.853691279695, 152, 1.0
27308.421063570084, 154, 1.0
27332.715350453283, 44, -1.0
27333.636089229803, 152, 1.0
27335.162409588604, 35, 1.0
27336.197048821487, 44, -1.0
27337.38743539016, 101, 1.0
27338.30811532119, 35, 1.0
27340.223668607538, 103, -1.0
27340.515333292125, 103, 1.0
27345.27693796729, 75, -1.0
27377.719099294638, 35, 1.0
27378.501486582238, 44, 1.0
27378.924310310715, 148, -1.0
27380.159917788646, 103, 1.0
27380.556327721195, 75, 1.0
27387.4415714896, 101, 1.0
27395.226710747098, 35, 1.0
27396.370988371975, 35, -1.0
27398.10510023812, 152, 1.0
27404.569953484508, 35, 1.0
27405.69282397927, 152, -1.0
27412.326721316644, 103, 1.0
27414.586431459396, 152, 1.0
27419.772225910478, 44, -1.0
27422.458414855526, 103, 1.0
27424.80174534372, 101, 1.0
27427.179503166342, 75, 1.0
27430.479329437334, 103, -1.0
27434.09210687676, 154, 1.0
27438.71276292101, 103, 1.0
27446.229187852157, 35, -1.0
27446.554880184958, 44, -1.0
27449.521540384347, 154, 1.0
27451.88312478668, 35, -1.0
27457.354057671346, 35, -1.0
27458.802573917837, 154, 1.0
27468.046130518305, 154, 1.0
27475.626595283262, 152, -1.0
27481.500196536806, 35, -1.0
27487.290502979307, 44, -1.0
27499.192302319087, 101, 1.0
27509.778528183047, 154, 1.0
27523.83928467543, 148, 1.0
27529.125087659257, 103, 1.0
27530.62654991376, 103, 1.0
27538.613643323344, 103, -1.0
27553.00140887598, 152, -1.0
27553.80141681465, 103, 1.0
27555.170516519294, 75, -1.0
27555.345184314676, 152, -1.0
27562.990096385052, 101, 1.0
27564.002161307064, 44, -1.0
27565.431495167166, 35, 1.0
27571.83042033454, 152, -1.0
27591.509955333655, 148, 1.0
27597.907074961022, 75, -1.0
27599.9795129876, 103, 1.0
27605.814520725795, 152, 1.0
27609.886966933824, 152, -1.0
27618.395117676657, 148, 1.0
27625.192519325097, 75, 1.0
27639.249140969565, 101, -1.0
27640.299929400087, 44, -1.0
27646.430539978242, 154, 1.0
27653.455536935675, 148, 1.0
27653.734383643914, 103, 1.0
27662.249655522995, 101, 1.0
27664.433485530222, 154, 1.0
27666.20127583126, 154, 1.0
27666.227719148363, 101, 1.0
27667.997036067245, 103, 1.0
27670.779927738964, 101, 1.0
27675.872945475723, 152, -1.0
27680.06638267389, 101, 1.0
27684.47662225785, 103, -1.0
27689.867725189302, 35, -1.0
27693.823383330142, 154, 1.0
27698.519529603785, 101, 1.0
27714.950825488744, 154, 1.0
27721.038327830338, 35, -1.0
27725.667445841245, 152, -1.0
27728.853035407185, 75, -1.0
27745.27651236319, 152, 1.0
27753.246834845504, 35, -1.0
27754.874525286148, 44, 1.0
27758.203901229324, 154, 1.0
27759.22834170026, 75, -1.0
27763.749925223867, 154, 1.0
27771.84699217206, 152, 1.0
27781.917783435547, 152, 1.0
27783.05455016819, 75, -1.0
27790.16442483781, 103, -1.0
27796.142969577944, 154, 1.0
27798.742256129233, 154, 1.0
27799.050963085258, 148, -1.0
27820.114624755115, 35, 1.0
27820.63309379867, 154, 1.0
27825.912705091658, 154, 1.0
27830.68374024063, 101, 1.0
27855.83572341186, 103, 1.0
27863.856552440026, 154, 1.0
27865.482792535335, 103, 1.0
27866.49842431996, 152, -1.0
27870.07127241392, 154, 1.0
27873.74915920476, 35, -1.0
27909.400681087598, 44, -1.0
27910.193091810623, 148, 1.0
27916.455266392397, 35, -1.0
27918.104286471847, 148, -1.0
27923.685322021, 152, -1.0
27924.2416435561, 103, 1.0
27924.717366092616, 44, -1.0
27936.822749566232, 154, 1.0
27950.872488521894, 152, 1.0
27951.90929436911, 101, 1.0
27955.604215844338, 44, -1.0
27960.399265720243, 154, 1.0
27960.582533543376, 35, -1.0
27972.86056565113, 154, 1.0
27974.791338839652, 103, 1.0
27975.4035004143, 103, 1.0
27984.88854127128, 148, -1.0
27988.803008675975, 35, 1.0
27997.279051085065, 154, -1.0
28000.542254058644, 103, 1.0
28004.006880608198, 152, -1.0
28014.48231627106, 101, 1.0
28021.36701957621, 154, 1.0
28030.734751156662, 103, 1.0
28037.56053760092, 154, 1.0
28037.64929249476, 154, 1.0
28061.121535654675, 152, 1.0
28062.495356944044, 101, 1.0
28062.855292299453, 35, 1.0
28065.335838930656, 154, -1.0
28068.19146464225, 75, 1.0
28083.919255971607, 75, -1.0
28085.065709964514, 35, 1.0
28086.456630113837, 101, 1.0
28093.764273562272, 101, -1.0
28097.382632548968, 101, -1.0
28098.037768340437, 35, -1.0
28109.011687566155, 154, 1.0
28126.456638263444, 75, 1.0
28137.317036800294, 154, 1.0
28162.778508615447, 154, 1.0
28163.05038668692, 103, 1.0
28166.382546581262, 75, -1.0
28172.18569749886, 44, -1.0
28179.645367176556, 75, 1.0
28191.37015594009, 103, 1.0
28198.15758409465, 103, 1.0
28200.844951015297, 35, 1.0
28201.23131680356, 101, 1.0
28203.306693782404, 152, -1.0
28206.451235903856, 75, -1.0
28208.84545682448, 103, 1.0
28209.669222698853, 154, 1.0
28214.076587583182, 101, 1.0
28216.388963210222, 103, 1.0
28222.84639882967, 103, 1.0
28226.324764306868, 35, -1.0
28230.197809314628, 152, -1.0
28251.945184083357, 35, 1.0
28257.240441808484, 35, 1.0
28258.85957541003, 101, 1.0
28260.95802102575, 152, -1.0
28269.096191117424, 152, -1.0
28285.78706387278, 101, 1.0
28295.663902576707, 148, -1.0
28297.54075809016, 152, -1.0
28299.009302142855, 44, 1.0
28305.46995295509, 103, 1.0
28305.98854500517, 103, 1.0
28331.35484481745, 101, 1.0
28340.413496672973, 101, 1.0
28340.764557943912, 44, 1.0
28350.80520400414, 103, 1.0
28361.23122017278, 152, -1.0
28361.239461972906, 101, -1.0
28362.74123897718, 44, -1.0
28369.946226562086, 101, 1.0
28370.946399288867, 103, 1.0
28373.339213077, 101, 1.0
28376.77916364385, 152, 1.0
28380.21620147952, 101, 1.0
28383.034995364185, 101, 1.0
28388.352914561463, 152, 1.0
28391.02746924316, 154, 1.0
28391.24696496961, 75, 1.0
28408.806093664043, 101, 1.0
28411.595253658437, 75, -1.0
28412.55177558825, 35, -1.0
28415.90889244306, 75, 1.0
28418.125449071405, 101, 1.0
28422.36291855871, 148, -1.0
28426.31327460126, 44, -1.0
28430.034557188897, 75, -1.0
28433.95644274323, 101, 1.0
28440.99705268962, 75, -1.0
28444.39056859752, 103, -1.0
28447.309817588368, 154, 1.0
28454.62975496533, 154, 1.0
28469.97563808371, 154, 1.0
28474.593521926552, 75, -1.0
28476.430226420947, 148, 1.0
28491.205229165647, 35, -1.0
28498.21822025626, 103, 1.0
28500.174192535538, 101, -1.0
28503.138543174286, 101, 1.0
28503.59877903894, 152, -1.0
28517.484332374424, 35, -1.0
28526.874331114483, 152, -1.0
28530.659197080106, 152, -1.0
28534.991747028904, 101, 1.0
28538.686707309305, 154, -1.0
28561.758310689558, 152, -1.0
28572.376878276486, 75, 1.0
28583.60644458348, 154, 1.0
28583.97177989253, 152, 1.0
28584.609278687713, 154, 1.0
28586.010633143647, 154, 1.0
28587.559604384754, 103, -1.0
28590.24336045999, 103, -1.0
28593.932411580616, 152, 1.0
28596.238792560715, 101, 1.0
28596.495492241927, 101, 1.0
28603.11083258682, 103, 1.0
28608.63963679449, 154, 1.0
28611.51155057052, 35, -1.0
28623.7214412701, 103, 1.0
28629.727717028043, 154, 1.0
28633.194294457866, 154, 1.0
28635.29678779234, 75, -1.0
28641.88636111383, 75, -1.0
28647.82123181365, 154, 1.0
28657.141949846995, 103, 1.0
28663.47298766422, 101, 1.0
28664.59437253877, 103, 1.0
28670.156961960744, 154, 1.0
28675.229257883104, 154, 1.0
28686.520116679192, 154, 1.0
28696.521305271744, 35, -1.0
28698.455854642725, 35, 1.0
28701.962302328768, 154, -1.0
28703.69637009559, 35, 1.0
28714.321671196023, 101, 1.0
28717.15307135812, 75, -1.0
28719.556068809172, 101, 1.0
28727.01587528201, 152, 1.0
28729.07560236823, 154, 1.0
28732.43566095444, 152, 1.0
28734.534695792507, 35, -1.0
28735.22653858945, 75, -1.0
28762.64581745633, 101, -1.0
28763.52680789668, 154, 1.0
28764.267598512226, 35, 1.0
28770.09801180255, 35, 1.0
28773.556042421762, 101, 1.0
28779.631625407997, 101, -1.0
28788.376715960923, 75, -1.0
28792.017515125906, 154, 1.0
28802.483344667322, 44, -1.0
28802.78910041802, 152, 1.0
28811.271193115477, 154, -1.0
28828.975559640166, 154, 1.0
28834.40589045696, 35, -1.0
28836.500357188328, 35, -1.0
28853.647819325255, 148, -1.0
28855.286827589254, 103, 1.0
28864.076401175727, 152, 1.0
28871.303239928384, 101, 1.0
28872.47247206742, 152, -1.0
28886.48492429384, 101, -1.0
28892.293141819657, 35, -1.0
28896.442908598077, 101, 1.0
28897.389174517113, 101, 1.0
28898.171776741056, 152, 1.0
28904.287467002512, 154, 1.0
28906.7710974128, 44, 1.0
28911.394481116993, 152, -1.0
28917.51361399466, 152, -1.0
28917.722499866682, 35, 1.0
28917.73219657907, 35, -1.0
28923.25269683118, 152, -1.0
28927.051174455784, 154, 1.0
28932.467124627456, 103, 1.0
28933.783918731362, 44, 1.0
28946.95749389162, 148, -1.0
28959.66088317882, 154, -1.0
28965.277383899618, 148, -1.0
28968.568215353924, 101, 1.0
28968.998903372998, 154, 1.0
28971.744828020346, 154, 1.0
28972.134739632464, 101, -1.0
28975.31244701718, 75, -1.0
28981.830454364324, 35, -1.0
28983.409107547082, 148, -1.0
28986.083304732332, 35, -1.0
28988.309630089705, 35, -1.0
28995.129037831724, 75, 1.0
29002.740878110548, 152, -1.0
29005.14106975212, 103, -1.0
29006.504261136648, 152, -1.0
29012.776870586684, 101, 1.0
29015.754100398608, 101, 1.0
29021.490035260944, 152, -1.0
29026.488446228646, 103, 1.0
29028.45327821808, 154, 1.0
29036.10133586403, 101, -1.0
29036.503669332247, 101, 1.0
29042.675227988777, 103, 1.0
29043.69782690713, 101, 1.0
29049.06076024511, 103, 1.0
29049.829092085998, 101, 1.0
29056.0269338167, 103, 1.0
29061.33842988764, 101, 1.0
29063.89911031613, 103, 1.0
29064.16819614306, 103, 1.0
29067.53781254051, 44, -1.0
29072.75414240676, 152, -1.0
29073.856109866072, 148, -1.0
29076.840373315215, 101, 1.0
29086.946949628356, 152, -1.0
29095.447673731476, 75, 1.0
29097.76963229503, 35, -1.0
29099.508240331335, 75, -1.0
29100.059768517374, 44, -1.0
29100.147086505393, 101, 1.0
29100.664373103726, 101, 1.0
29103.141243956237, 101, 1.0
29105.04613179622, 101, 1.0
29105.087199875237, 103, 1.0
29107.209797853702, 152, -1.0
29108.65667849401, 148, -1.0
29113.936007710527, 148, -1.0
29114.55614293814, 154, -1.0
29116.897003287177, 35, -1.0
29133.785853719823, 35, 1.0
29139.543189548167, 75, 1.0
29141.956561757226, 101, 1.0
29155.791777441373, 101, -1.0
29159.3836977601, 148, -1.0
29162.96737979041, 35, 1.0
29164.67493583096, 75, -1.0
29173.330199099873, 35, 1.0
29177.724874508596, 103, 1.0
29180.702171401077, 152, -1.0
29193.914094482712, 148, -1.0
29195.56182384807, 148, -1.0
29196.77171710258, 35, -1.0
29197.570936280794, 101, 1.0
29198.546405021636, 75, 1.0
29198.550378961405, 35, -1.0
29213.071738133116, 35, -1.0
29213.545528958733, 101, 1.0
29221.4809424464, 154, 1.0
29224.208805251652, 35, -1.0
29224.479173843083, 154, -1.0
29226.183534551983, 101, 1.0
29227.60620570404, 103, 1.0
29227.89162248298, 35, -1.0
29228.393153501784, 35, 1.0
29233.929639228645, 35, -1.0
29238.956628012987, 152, 1.0
29249.964993507314, 44, 1.0
29266.180697433858, 101, 1.0
29271.418620697154, 103, 1.0
29277.6830954233, 154, 1.0
29280.475512080113, 154, 1.0
29283.93375102629, 152, -1.0
29287.699433981466, 44, -1.0
29296.418940928386, 103, 1.0
29298.5158914136, 35, -1.0
29314.03547629468, 35, -1.0
29319.007689614067, 154, 1.0
29319.17979254166, 103, 1.0
29322.731219029847, 101, 1.0
29327.62750133446, 101, -1.0
29329.851158798403, 148, -1.0
29331.43480731939, 103, 1.0
29335.02565270464, 103, 1.0
29335.13200189024, 152, 1.0
29335.538787379264, 35, -1.0
29337.510566752262, 35, -1.0
29342.15585939015, 103, -1.0
29347.929589017032, 101, 1.0
29349.296784108636, 75, 1.0
29352.28479296976, 103, 1.0
29353.486993924194, 35, 1.0
29356.399154605057, 154, 1.0
29359.643519136815, 148, -1.0
29363.387113099325, 35, 1.0
29364.595557538254, 148, -1.0
29372.72906187572, 101, -1.0
29386.810622643214, 148, -1.0
29387.589115594794, 35, -1.0
29395.927146728965, 75, 1.0
29401.84268517618, 35, -1.0
29421.065962669112, 103, 1.0
29429.845430048936, 101, 1.0
29440.58931531098, 103, 1.0
29461.219885001614, 75, 1.0
29461.772903732024, 101, -1.0
29470.01452990578, 75, -1.0
29470.04970328211, 152, -1.0
29480.735789906677, 101, 1.0
29483.67111017441, 35, -1.0
29484.826197264887, 101, 1.0
29494.01691006554, 75, 1.0
29495.457083846002, 75, 1.0
29498.408338011992, 103, 1.0
29504.608835981915, 101, 1.0
29508.233544046663, 154, 1.0
29509.04021145598, 101, 1.0
29516.400089533516, 101, 1.0
29533.765318748538, 103, -1.0
29536.567926352527, 44, -1.0
29539.559853589617, 35, -1.0
29553.692373114463, 154, 1.0
29557.884697413145, 75, -1.0
29559.636245718568, 154, -1.0
29566.77753756204, 101, -1.0
29569.12308139923, 148, 1.0
29571.460971395507, 35, -1.0
29586.465727918683, 75, 1.0
29597.021998023283, 103, 1.0
29598.45585895919, 75, -1.0
29607.013268092443, 152, 1.0
29615.45589192911, 148, -1.0
29617.646760414995, 35, -1.0
29622.51775654837, 148, 1.0
29623.791780880456, 103, 1.0
29624.43294101994, 101, 1.0
29637.444261639444, 152, -1.0
29640.3941861234, 103, -1.0
29640.60194500212, 101, 1.0
29643.935657570582, 35, -1.0
29644.78206695644, 35, -1.0
29653.5766425845, 35, -1.0
29657.89136464686, 101, 1.0
29660.159189889087, 35, -1.0
29671.593293781858, 101, 1.0
29673.696619823022, 101, -1.0
29675.999341210845, 101, 1.0
29679.224283394142, 35, -1.0
29681.086913031337, 103, -1.0
29683.488942383836, 101, 1.0
29685.497277613442, 152, -1.0
29687.21540150333, 152, -1.0
29687.732854039674, 101, 1.0
29694.137778670487, 75, 1.0
29695.394851961748, 103, 1.0
29700.971982881943, 154, 1.0
29702.583420349372, 75, 1.0
29704.69295670829, 101, -1.0
29704.728143774293, 75, -1.0
29709.683490947402, 75, 1.0
29721.66136600068, 148, -1.0
29724.717797822956, 35, 1.0
29738.5486226696, 103, 1.0
29739.925857002258, 101, 1.0
29740.91951447576, 103, 1.0
29744.464451776745, 35, -1.0
29745.943788730205, 101, -1.0
29749.93916064113, 103, -1.0
29750.598490615397, 103, 1.0
29751.213555452105, 148, -1.0
29753.3216218674, 148, -1.0
29764.399226761852, 35, -1.0
29776.35677307145, 152, -1.0
29777.49403322195, 103, -1.0
29784.865069452266, 154, 1.0
29785.048678982486, 35, -1.0
29789.339881254193, 35, -1.0
29801.022754910606, 152, 1.0
29803.553253657996, 44, -1.0
29812.08603392995, 101, 1.0
29812.885204822385, 152, -1.0
29815.749351094986, 148, 1.0
29821.652113738986, 75, -1.0
29827.729780507703, 152, -1.0
29828.51985578125, 35, 1.0
29842.62048660792, 75, 1.0
29849.064733568957, 103, -1.0
29854.312139891634, 101, 1.0
29865.207704484958, 75, -1.0
29867.75031435722, 35, -1.0
29874.667095704088, 152, -1.0
29883.711711877222, 101, 1.0
29890.587116317267, 75, 1.0
29893.221888792545, 101, -1.0
29901.18098038636, 75, -1.0
29905.460937794298, 148, -1.0
29908.890491316313, 101, -1.0
29909.5475812196, 75, 1.0
29912.577737981283, 35, 1.0
29915.849080157004, 154, 1.0
29921.034444198114, 103, 1.0
29924.680342166364, 75, 1.0
29926.39416139653, 103, -1.0
29931.91468598524, 152, -1.0
29940.726043085877, 152, -1.0
29947.167281999853, 103, 1.0
29953.25532961519, 75, 1.0
29964.26099391454, 154, 1.0
29967.439843592965, 148, -1.0
29970.88931263384, 154, 1.0
29974.644889253825, 148, -1.0
29975.461000243828, 101, -1.0
29982.852573765966, 75, 1.0
29984.877585556438, 75, -1.0
29985.554552392317, 101, 1.0
29988.657614723226, 103, -1.0
29995.68826124946, 44, -1.0
29996.90679643405, 101, 1.0
29998.149058907064, 148, -1.0
30005.44424053228, 101, 1.0
30010.169193163754, 101, 1.0
30011.447458612976, 103, 1.0
30016.876373605606, 152, -1.0
30022.596570305486, 101, 1.0
30026.957371055974, 35, -1.0
30044.26195692218, 103, 1.0
30054.71057309656, 103, 1.0
30055.18199391711, 35, -1.0
30057.201623152327, 154, 1.0
30062.647247006207, 35, -1.0
30066.925113873833, 154, 1.0
30074.49323771111, 103, 1.0
30075.16120959183, 103, 1.0
30079.04880001155, 148, -1.0
30079.540524329466, 152, 1.0
30080.67990532996, 35, -1.0
30083.60734442583, 101, 1.0
30086.943350526373, 101, 1.0
30094.923204215243, 35, -1.0
30098.31667196925, 154, 1.0
30100.362139381214, 35, -1.0
30103.43792314704, 103, 1.0
30106.14886307073, 101, 1.0
30116.175129036503, 75, 1.0
30116.388271604854, 101, -1.0
30116.506001600785, 152, 1.0
30116.59429174581, 35, 1.0
30125.451940607938, 35, -1.0
30133.42798897723, 35, -1.0
30133.992657038183, 154, -1.0
30134.82507637397, 148, -1.0
30136.264610391958, 75, -1.0
30148.844059474122, 154, 1.0
30153.317411803306, 75, 1.0
30155.48713952779, 35, -1.0
30156.822262731675, 35, -1.0
30164.627242270293, 75, 1.0
30168.16182764273, 101, -1.0
30171.634464236413, 152, 1.0
30180.200839433295, 152, 1.0
30181.599172612852, 103, -1.0
30199.867294781743, 152, -1.0
30202.195984326958, 101, 1.0
30207.22626955117, 103, 1.0
30215.353664792263, 75, 1.0
30218.046089632204, 103, 1.0
30233.94554765228, 103, -1.0
30243.81635691921, 148, -1.0
30244.325384837543, 75, 1.0
30255.86898193485, 101, -1.0
30258.486331475186, 101, 1.0
30266.856292790333, 35, -1.0
30267.516773116542, 44, 1.0
30273.25444501709, 148, 1.0
30286.308360723604, 148, -1.0
30291.66895165811, 154, 1.0
30299.594988959572, 101, 1.0
30314.10922194746, 101, -1.0
30323.066857561214, 103, 1.0
30325.5919051601, 152, -1.0
30325.718740960492, 44, -1.0
30326.222243085715, 101, -1.0
30327.845238224876, 101, -1.0
30333.926074147545, 103, -1.0
30353.805972026483, 103, 1.0
30358.87265548385, 35, 1.0
30360.94338518326, 101, 1.0
30366.936606948035, 101, -1.0
30388.294195781822, 75, 1.0
30395.857538388045, 35, 1.0
30396.02867814408, 101, 1.0
30405.572558865733, 152, -1.0
30410.37317928444, 35, 1.0
30413.30495945785, 101, -1.0
30413.930767052563, 101, 1.0
30421.83791165911, 35, -1.0
30424.851987754213, 154, 1.0
30427.31572358839, 35, -1.0
30431.50272738398, 148, -1.0
30431.8032297835, 35, -1.0
30434.511173199622, 101, 1.0
30434.637962674944, 101, 1.0
30436.614433865227, 35, -1.0
30439.870969376945, 103, 1.0
30445.29302426351, 152, 1.0
30445.992997461617, 148, -1.0
30449.342336711048, 35, -1.0
30450.37561798745, 35, -1.0
30456.74994308211, 103, 1.0
30463.20213611061, 101, 1.0
30469.19314800255, 152, 1.0
30473.79919211544, 103, 1.0
30473.907634283507, 44, -1.0
30474.63900100616, 148, -1.0
30477.837510859066, 152, 1.0
30485.79543657886, 75, 1.0
30488.36950695549, 44, 1.0
30490.31829122154, 35, 1.0
30491.610349318646, 75, -1.0
30494.45478145538, 35, -1.0
30494.917810811385, 152, -1.0
30500.130454343016, 101, -1.0
30500.214197761336, 103, 1.0
30511.40822104509, 154, -1.0
30513.396173447036, 35, -1.0
30516.49185600868, 152, -1.0
30531.173302513213, 101, 1.0
30532.71157279703, 35, -1.0
30542.47911111293, 154, 1.0
30543.517342940333, 103, 1.0
30547.646281512734, 101, 1.0
30551.301149888222, 152, -1.0
30553.324134104936, 101, 1.0
30553.434600276883, 148, 1.0
30556.40708999778, 35, -1.0
30557.64176222488, 35, -1.0
30580.97594121945, 75, 1.0
30581.429182667605, 103, -1.0
30582.85044930352, 35, -1.0
30590.11422107984, 35, -1.0
30597.065625914376, 154, 1.0
30600.26061369726, 101, 1.0
30603.46449078052, 103, 1.0
30603.47376547541, 152, 1.0
30603.58635136956, 35, -1.0
30613.33433622987, 35, 1.0
30616.66789968069, 103, -1.0
30634.436569617934, 148, -1.0
30636.583242005774, 75, -1.0
30643.16544870807, 101, 1.0
30643.602952755497, 101, 1.0
30649.999611460695, 35, 1.0
30655.46023047651, 103, 1.0
30656.743880706366, 75, 1.0
30661.414940754486, 101, -1.0
30661.850085647366, 35, -1.0
30664.216215793196, 44, -1.0
30669.634139307556, 35, -1.0
30680.693637995777, 101, 1.0
30691.976316675835, 152, -1.0
30699.510299784884, 101, 1.0
30699.68282560234, 101, -1.0
30700.746651326644, 101, 1.0
30708.58319585457, 154, -1.0
30713.672698926308, 101, 1.0
30727.76443435845, 103, -1.0
30735.557108420886, 35, -1.0
30735.7797540033, 35, -1.0
30736.06821649732, 101, -1.0
30736.737036834747, 152, -1.0
30738.278632794158, 101, 1.0
30739.141454810404, 35, 1.0
30741.61814863758, 148, -1.0
30745.420365270526, 152, 1.0
30748.305685602092, 35, -1.0
30755.391255783405, 75, 1.0
30760.457341697398, 101, 1.0
30761.164284241146, 44, -1.0
30763.295536074147, 101, -1.0
30768.965431594544, 152, -1.0
30772.020247559725, 148, 1.0
30772.530880606813, 152, -1.0
30782.220986701264, 44, -1.0
30787.73994526372, 103, -1.0
30788.52816216386, 103, -1.0
30801.912835722804, 154, 1.0
30802.711740564493, 35, -1.0
30808.785491467876, 101, 1.0
30808.876082085666, 103, 1.0
30808.943491308877, 101, 1.0
30810.10964967289, 101, -1.0
30814.674572538766, 103, 1.0
30828.937496224178, 101, -1.0
30829.375571872675, 35, -1.0
30850.25065018221, 103, 1.0
30855.35493630481, 154, -1.0
30863.345384236825, 101, -1.0
30866.35093637709, 152, -1.0
30870.130644136487, 35, -1.0
30871.922895351396, 35, -1.0
30884.72908394966, 35, -1.0
30891.215766855283, 101, 1.0
30896.119255991176, 35, -1.0
30900.750283918984, 101, -1.0
30905.723096157533, 103, 1.0
30909.741827495276, 35, -1.0
30910.46232481547, 101, 1.0
30910.955809178537, 101, -1.0
30911.8575869025, 148, -1.0
30919.361225122557, 101, 1.0
30923.941951679913, 101, 1.0
30936.759155005933, 101, -1.0
30945.02683983024, 154, 1.0
30971.30309053623, 148, -1.0
30976.512442663596, 101, 1.0
30977.166687233, 35, -1.0
30982.648733775863, 152, -1.0
30984.651612462374, 44, -1.0
30986.92390619118, 44, -1.0
30996.516702532048, 101, 1.0
31012.073115532912, 148, -1.0
31016.71891517356, 152, 1.0
31023.34423858717, 101, 1.0
31028.92283957384, 148, -1.0
31034.778261834934, 75, 1.0
31039.167118716927, 35, -1.0
31039.479054111904, 152, -1.0
31042.6247148741, 154, -1.0
31050.96718173087, 75, -1.0
31053.052131424083, 101, -1.0
31053.30576008065, 103, 1.0
31058.039916464513, 101, 1.0
31064.07343070771, 35, 1.0
31070.380066944126, 103, 1.0
31076.624715672027, 35, -1.0
31086.342726882467, 101, 1.0
31098.857840768425, 101, -1.0
31102.715659549554, 154, 1.0
31105.843092087434, 152, 1.0
31110.228783753824, 148, 1.0
31111.497187442383, 101, -1.0
31113.395000082, 101, -1.0
31121.233394270716, 152, -1.0
31125.22173067965, 152, -1.0
31132.47536187563, 75, -1.0
31133.25813739192, 44, 1.0
31137.926093850343, 148, -1.0
31141.52888793446, 148, -1.0
31141.53281338579, 75, 1.0
31145.466169390853, 35, -1.0
31158.269721383265, 101, 1.0
31166.95970740837, 152, 1.0
31182.789041749555, 101, 1.0
31200.34501513, 75, 1.0
31209.647244543426, 103, 1.0
31233.272239924903, 75, 1.0
31235.982043663127, 35, -1.0
31239.262686709393, 103, 1.0
31246.993846914163, 101, 1.0
31248.11723343267, 152, -1.0
31255.053766912974, 103, -1.0
31270.24349682613, 101, 1.0
31274.989742414695, 152, -1.0
31276.150447223314, 152, -1.0
31277.519278602693, 148, -1.0
31278.205406684006, 101, 1.0
31282.27863600992, 103, 1.0
31292.550598877406, 148, -1.0
31293.279266966114, 152, -1.0
31301.43992815689, 35, -1.0
31307.728993877976, 101, -1.0
31309.9084894803, 101, 1.0
31318.226130621264, 101, -1.0
31324.394953235318, 75, -1.0
31329.052011752425, 154, 1.0
31329.94362187117, 101, -1.0
31333.94314904482, 75, 1.0
31346.73749516894, 152, -1.0
31347.373365468928, 35, -1.0
31349.635639135035, 148, -1.0
31350.220205265065, 75, 1.0
31351.696144801812, 35, -1.0
31352.266691972887, 44, 1.0
31355.303097906257, 101, -1.0
31368.66819661607, 154, 1.0
31375.958522657507, 103, 1.0
31376.613859505014, 75, -1.0
31377.699128918444, 103, 1.0
31388.023845478954, 35, -1.0
31393.750928016056, 148, -1.0
31398.246385678263, 148, -1.0
31398.899640987667, 103, 1.0
31409.959875500463, 152, -1.0
31410.11635476577, 148, -1.0
31417.546267891197, 101, -1.0
31422.71240217802, 101, 1.0
31427.199698627053, 75, 1.0
31431.90659000438, 148, -1.0
31439.180984966046, 101, -1.0
31443.843693373237, 101, -1.0
31447.364735431733, 103, 1.0
31452.162098869914, 154, -1.0
31452.93333265177, 152, -1.0
31456.970657982405, 101, 1.0
31464.549301218198, 35, -1.0
31466.373970277687, 75, 1.0
31468.298759445897, 154, 1.0
31470.157639550875, 101, 1.0
31474.73857432891, 152, -1.0
31474.789929582927, 101, 1.0
31476.867168615496, 44, -1.0
31482.215613314715, 75, -1.0
31483.434523484986, 152, -1.0
31493.378224628348, 152, -1.0
31494.425387991432, 101, 1.0
31496.93571839838, 103, -1.0
31498.155016132627, 103, 1.0
31500.084649699522, 101, 1.0
31502.30954289677, 101, 1.0
31508.106899825412, 101, -1.0
31522.28827274304, 101, 1.0
31527.912605543454, 148, -1.0
31533.040080587045, 35, -1.0
31533.776727160464, 154, 1.0
31539.03928978825, 152, -1.0
31542.755950157865, 75, 1.0
31543.8253622661, 152, 1.0
31547.552081413407, 35, -1.0
31547.56537152804, 101, -1.0
31549.788765736772, 148, -1.0
31551.03251951927, 35, 1.0
31561.433915175203, 35, -1.0
31561.68642313675, 154, 1.0
31563.416680058584, 75, 1.0
31565.733769924103, 152, 1.0
31580.7205317528, 103, 1.0
31592.72422306472, 75, -1.0
31595.07989950667, 103, -1.0
31607.022681966966, 101, -1.0
31618.294285957632, 152, 1.0
31621.31694336664, 101, 1.0
31627.704515884398, 35, -1.0
31627.807686330314, 148, -1.0
31627.956906540483, 103, -1.0
31629.47379041048, 75, 1.0
31631.64889426022, 103, -1.0
31634.113275584536, 101, -1.0
31635.835522425266, 154, 1.0
31639.50920515496, 101, -1.0
31647.617612343893, 101, 1.0
31650.992519385105, 101, 1.0
31651.18361682444, 44, 1.0
31653.278719245904, 35, -1.0
31663.19743976025, 154, 1.0
31676.306527777142, 35, -1.0
31676.765662611037, 75, 1.0
31698.5769086711, 75, -1.0
31707.830260010745, 148, -1.0
31710.64255789104, 103, -1.0
31713.29460413062, 152, 1.0
31713.387739392707, 35, -1.0
31729.98701602134, 154, -1.0
31733.59497513464, 154, 1.0
31735.77374422129, 154, -1.0
31737.534161725445, 154, 1.0
31740.110061199935, 75, 1.0
31751.84915643637, 101, 1.0
31754.133086012895, 101, -1.0
31756.702974226097, 152, 1.0
31757.78020387487, 154, 1.0
31763.962066542215, 152, -1.0
31769.837640214624, 154, 1.0
31771.236418438, 103, -1.0
31779.38202533488, 154, -1.0
31781.569627872963, 101, -1.0
31785.125475206984, 148, -1.0
31786.47252400461, 103, 1.0
31793.835614613494, 101, 1.0
31799.176861767563, 35, -1.0
31800.102608704896, 148, -1.0
31801.158447312017, 101, -1.0
31801.553624779117, 44, -1.0
31802.290521951385, 103, 1.0
31803.03202201065, 35, 1.0
31816.98412366216, 148, 1.0
31819.37809739857, 101, -1.0
31821.012769165452, 154, -1.0
31827.13232297667, 101, 1.0
31829.72698524596, 103, -1.0
31831.70583630349, 101, 1.0
31832.17371860061, 35, -1.0
31833.251668844863, 101, -1.0
31842.199935367684, 152, 1.0
31843.98634168033, 75, -1.0
31848.34576055639, 103, -1.0
31850.854647288066, 35, -1.0
31852.06258232801, 152, 1.0
31852.376235772914, 103, 1.0
31857.09797387189, 152, -1.0
31857.5909679135, 75, 1.0
31859.138781166945, 152, -1.0
31864.896349863906, 154, 1.0
31867.167367273, 75, -1.0
31874.057736419996, 154, 1.0
31877.39222247415, 35, 1.0
31879.820077603974, 103, 1.0
31886.487827219356, 103, 1.0
31890.54525482675, 152, -1.0
31892.3547937229, 101, 1.0
31911.620919060824, 103, -1.0
31918.644550263667, 35, -1.0
31921.399790639087, 101, 1.0
31922.14732312438, 152, -1.0
31926.389574718138, 75, 1.0
31926.507801424304, 35, -1.0
31931.981606886915, 103, -1.0
31936.803337194393, 101, 1.0
31940.65616059514, 152, -1.0
31940.96504408163, 101, 1.0
31946.676949618624, 148, -1.0
31947.34359631433, 101, -1.0
31955.58627585443, 75, -1.0
31961.85423153122, 35, -1.0
31962.080594357525, 154, -1.0
31972.23643605819, 152, 1.0
31975.022781181517, 101, 1.0
31979.486909212104, 101, -1.0
31982.206846173707, 148, -1.0
31982.308520747276, 35, 1.0
31987.042962320033, 101, 1.0
31987.292017416385, 148, -1.0
31991.273430327376, 148, -1.0
32005.28033073382, 148, -1.0
32016.932790029634, 44, -1.0
32019.179690938625, 103, -1.0
32022.18415244772, 101, -1.0
32024.602259951593, 75, 1.0
32029.71494101592, 103, -1.0
32031.042519838185, 152, -1.0
32038.622141963915, 101, -1.0
32045.775694705604, 152, 1.0
32047.64321808124, 101, 1.0
32047.925174999506, 75, 1.0
32049.595509173705, 75, 1.0
32052.761433449792, 35, -1.0
32054.193132377623, 152, 1.0
32060.019078841036, 103, 1.0
32060.34505649324, 103, 1.0
32061.63136064383, 35, -1.0
32071.373520580524, 35, -1.0
32072.286485412165, 75, 1.0
32073.705205796363, 103, 1.0
32074.382463931295, 148, 1.0
32076.539299569627, 101, -1.0
32081.44806810082, 154, 1.0
32095.225979095616, 101, -1.0
32102.232412194615, 101, 1.0
32103.612455073904, 101, 1.0
32106.016630156475, 35, -1.0
32107.00242138204, 101, -1.0
32110.384843836477, 101, -1.0
32110.857758418668, 35, -1.0
32110.864407321238, 35, -1.0
32121.68784830635, 44, 1.0
32122.14371039255, 35, 1.0
32130.5682001973, 35, -1.0
32135.843376179306, 35, 1.0
32144.715599022707, 75, 1.0
32151.80284547224, 103, -1.0
32156.39954799014, 75, 1.0
32158.095234551674, 152, -1.0
32161.41223285959, 75, -1.0
32178.010059268767, 75, 1.0
32184.404872771578, 103, 1.0
32189.917596333795, 35, -1.0
32198.987725788145, 75, 1.0
32199.145255524592, 35, -1.0
32199.38615799732, 44, 1.0
32211.21986735587, 103, 1.0
32211.84473727495, 103, 1.0
32212.129109839796, 101, 1.0
32216.068284478537, 103, -1.0
32217.377494051805, 103, 1.0
32217.656179290967, 101, 1.0
32223.12219421174, 35, -1.0
32223.371058050703, 101, 1.0
32223.686382216576, 152, -1.0
32227.93238212259, 75, 1.0
32228.087951108424, 103, 1.0
32235.302488540743, 35, -1.0
32243.66357930439, 152, -1.0
32247.236770614483, 35, -1.0
32252.28909822866, 35, -1.0
32257.930319126564, 44, -1.0
32258.083218440468, 75, -1.0
32261.53350573148, 44, 1.0
32262.475005909608, 152, 1.0
32263.670233401313, 44, -1.0
32264.195166177047, 101, -1.0
32265.437535378973, 154, 1.0
32268.237305218758, 152, -1.0
32275.74245288337, 35, -1.0
32276.320595464025, 152, -1.0
32291.384626641862, 101, -1.0
32295.81541727042, 154, -1.0
32300.948402534334, 152, 1.0
32301.700499051483, 148, 1.0
32306.124782841693, 154, 1.0
32306.665911207052, 103, 1.0
32313.877174095272, 101, 1.0
32318.398880160457, 101, 1.0
32327.067218006712, 152, -1.0
32328.271339188974, 35, 1.0
32339.816378647218, 35, -1.0
32342.86065611574, 101, 1.0
32347.61508759918, 35, 1.0
32355.76695608338, 103, 1.0
32360.028712881955, 152, -1.0
32362.110425344905, 152, 1.0
32363.601193361996, 44, -1.0
32364.73927014113, 103, -1.0
32367.639674784652, 103, 1.0
32368.225948142306, 35, 1.0
32375.292295736013, 44, 1.0
32391.303386100917, 103, -1.0
32391.600376601706, 152, 1.0
32413.711617933048, 101, 1.0
32426.9609292237, 35, -1.0
32427.34372602354, 103, 1.0
32431.191439062924, 101, 1.0
32435.323565795912, 152, -1.0
32436.405691229716, 75, 1.0
32445.323747500966, 75, 1.0
32445.552446371545, 101, 1.0
32446.733694850616, 148, -1.0
32449.16134645821, 154, -1.0
32450.261221857105, 75, 1.0
32452.236011319477, 75, -1.0
32457.96568843381, 75, 1.0
32462.017423240868, 75, 1.0
32465.745874202417, 152, -1.0
32465.751622222222, 103, 1.0
32467.806817322937, 35, -1.0
32468.211360935125, 101, -1.0
32468.899572019436, 75, 1.0
32469.991018025266, 75, -1.0
32472.64501528232, 152, -1.0
32487.96797242427, 101, 1.0
32488.518782734987, 75, 1.0
32489.458662780806, 44, -1.0
32505.322298370607, 101, -1.0
32508.27230725932, 152, -1.0
32510.146337723927, 152, -1.0
32511.8686994181, 154, 1.0
32513.31148225421, 75, 1.0
32518.08104650328, 75, 1.0
32518.969252510855, 75, -1.0
32521.342148390337, 35, 1.0
32521.97613607425, 35, 1.0
32525.367289852737, 35, 1.0
32534.02182914939, 44, -1.0
32546.287139239677, 35, -1.0
32550.837171642932, 101, -1.0
32554.181212642186, 44, -1.0
32558.690432951385, 101, -1.0
32561.867431013132, 103, 1.0
32563.809836643763, 103, 1.0
32569.483418028474, 35, -1.0
32570.125184015305, 101, 1.0
32572.870967161667, 101, 1.0
32582.4656459508, 154, 1.0
32587.949434613034, 75, 1.0
32599.40030593009, 148, -1.0
32605.731321237505, 101, 1.0
32607.995248203555, 75, 1.0
32609.027664652986, 154, 1.0
32620.720010752186, 148, -1.0
32624.036022534994, 75, -1.0
32628.426036915967, 75, -1.0
32633.352184356867, 152, 1.0
32633.736105756743, 101, -1.0
32639.93190060032, 44, -1.0
32660.573078972153, 103, 1.0
32661.623422435776, 75, -1.0
32662.858544797557, 75, -1.0
32669.958811226657, 75, -1.0
32670.48883414477, 75, 1.0
32673.52893358699, 75, -1.0
32676.651140713526, 44, -1.0
32678.32896063341, 35, 1.0
32679.308450374472, 35, 1.0
32685.79160326071, 35, 1.0
32687.09462550015, 152, -1.0
32693.919394766504, 103, 1.0
32695.07640718848, 154, -1.0
32696.51714382729, 154, -1.0
32698.084233932856, 154, -1.0
32717.782244958613, 152, -1.0
32721.059871585832, 152, -1.0
32723.72589547414, 75, 1.0
32727.158692941328, 101, 1.0
32732.256904908998, 152, -1.0
32739.169415977423, 75, 1.0
32748.67317232041, 101, -1.0
32749.796254382774, 35, -1.0
32753.037490082534, 35, -1.0
32759.12026768159, 75, 1.0
32761.228577880378, 154, 1.0
32762.93383710435, 35, -1.0
32779.142790937476, 148, -1.0
32787.164394711865, 75, 1.0
32793.918833059375, 152, -1.0
32795.47725752943, 75, 1.0
32798.40199522748, 75, 1.0
32801.17092743558, 75, 1.0
32812.4732807583, 103, 1.0
32816.30211484038, 101, -1.0
32816.8364639081, 35, 1.0
32818.484257196826, 103, 1.0
32818.58442838362, 101, -1.0
32821.15696804257, 75, 1.0
32826.68753612174, 103, -1.0
32835.276301931735, 154, 1.0
32866.71320568249, 154, -1.0
32872.07639472798, 101, 1.0
32874.219579366836, 75, 1.0
32880.147359843395, 148, -1.0
32886.39053492888, 35, 1.0
32890.99603875496, 148, -1.0
32901.21941289444, 154, 1.0
32915.408476355566, 35, -1.0
32922.11724509588, 75, 1.0
32922.12965095112, 103, -1.0
32930.11069653957, 35, 1.0
32932.82566629385, 103, 1.0
32933.12955317053, 75, 1.0
32945.611291930734, 75, 1.0
32949.23875030296, 103, 1.0
32950.02234086881, 75, 1.0
32962.0407973441, 75, 1.0
32965.43430605633, 154, 1.0
32967.64508911852, 44, -1.0
32979.42020699164, 75, 1.0
32982.47886181411, 75, -1.0
32985.356404813916, 35, 1.0
32988.36330494201, 75, 1.0
32992.18075384696, 148, -1.0
32994.12958816175, 44, -1.0
32996.450242931736, 44, -1.0
33004.14546119694, 103, 1.0
33012.30544243849, 35, 1.0
33013.600608844616, 148, 1.0
33015.39299992297, 148, -1.0
33018.33415830406, 101, 1.0
33022.93652505948, 103, 1.0
33030.106156684036, 75, -1.0
33031.47216847746, 152, 1.0
33034.64779521249, 148, -1.0
33042.47813019299, 152, -1.0
33043.59764922295, 152, -1.0
33049.7431562744, 75, 1.0
33050.43279423264, 148, -1.0
33055.618346212425, 44, -1.0
33057.283315296496, 75, 1.0
33058.31903516737, 154, 1.0
33061.19500750887, 75, 1.0
33066.60068363098, 75, -1.0
33068.82266350419, 101, -1.0
33069.692001988034, 103, 1.0
33073.19462945998, 35, -1.0
33075.39538745046, 148, -1.0
33077.943178420916, 101, 1.0
33083.87402224363, 152, -1.0
33100.73495082343, 103, 1.0
33101.176253331854, 152, -1.0
33101.27446851893, 101, 1.0
33104.939686640304, 148, -1.0
33105.334961107845, 148, -1.0
33111.80497061539, 44, 1.0
33113.815275753055, 75, 1.0
33113.918586146574, 75, -1.0
33116.03862014122, 101, 1.0
33118.48058302904, 148, -1.0
33123.3166813429, 148, -1.0
33123.86704248934, 152, -1.0
33124.394585515016, 75, -1.0
33126.27436591302, 75, 1.0
33132.65073468816, 101, -1.0
33134.45241090821, 103, -1.0
33138.52397391683, 75, 1.0
33140.34364549474, 101, -1.0
33141.724904326344, 103, -1.0
33146.05907035142, 154, -1.0
33154.18664895678, 103, 1.0
33156.638580696395, 148, -1.0
33163.216219885064, 75, -1.0
33164.447513253035, 101, -1.0
33165.50024084332, 154, 1.0
33171.76767188976, 103, 1.0
33186.61352664133, 103, 1.0
33193.585919761725, 75, -1.0
33194.958611166214, 154, -1.0
33198.37290787787, 152, -1.0
33198.621721331365, 148, -1.0
33201.79235379541, 152, -1.0
33206.878956025044, 103, -1.0
33208.02240579064, 154, -1.0
33210.29178044131, 75, -1.0
33215.01339838086, 75, 1.0
33215.06670562392, 35, 1.0
33219.868420097984, 148, 1.0
33238.97993172032, 152, -1.0
33239.96326032393, 103, 1.0
33241.10478285899, 75, -1.0
33244.40485314953, 75, 1.0
33260.6770353135, 154, 1.0
33273.34874596115, 103, 1.0
33275.74897407168, 101, 1.0
33276.22379902884, 75, 1.0
33277.887798337695, 154, 1.0
33278.717038808514, 152, -1.0
33278.94274854616, 152, -1.0
33279.23922786734, 44, -1.0
33282.99660618425, 103, 1.0
33283.67756583814, 148, 1.0
33287.11402176481, 75, -1.0
33292.59222473163, 75, 1.0
33293.93854368054, 75, 1.0
33294.35970817408, 148, -1.0
33297.801709026746, 101, 1.0
33298.04714835374, 152, -1.0
33302.64032834083, 101, -1.0
33306.38253516824, 101, -1.0
33312.44825075944, 103, 1.0
33317.53851530663, 35, -1.0
33321.45499220054, 152, -1.0
33322.84607888196, 75, 1.0
33331.02579985113, 44, -1.0
33331.74581731877, 152, 1.0
33334.9423646232, 101, -1.0
33341.790090541595, 35, -1.0
33349.57270748777, 148, -1.0
33350.54273153951, 35, 1.0
33351.765217423155, 75, 1.0
33352.017018606326, 152, 1.0
33352.665211202126, 75, 1.0
33357.70747702435, 103, -1.0
33357.85858611356, 152, 1.0
33358.68591719757, 148, -1.0
33366.10229680501, 152, 1.0
33367.760983796186, 148, -1.0
33372.594041671, 101, 1.0
33381.63879750258, 152, -1.0
33390.18299406895, 152, -1.0
33393.04245463385, 148, 1.0
33396.57645275628, 75, 1.0
33400.49622974062, 75, -1.0
33408.53022823957, 75, 1.0
33409.94683723113, 148, -1.0
33415.21494750201, 101, -1.0
33417.06084264136, 103, 1.0
33429.44835872335, 103, -1.0
33432.29536589261, 152, 1.0
33432.429530625275, 152, 1.0
33433.613634977875, 101, 1.0
33435.59022745437, 101, 1.0
33439.73547065465, 103, -1.0
33448.308068275415, 148, -1.0
33449.06498887244, 101, 1.0
33458.01624785154, 152, -1.0
33458.07947084866, 101, 1.0
33464.96006233849, 148, 1.0
33481.15570195259, 75, 1.0
33489.09983938848, 75, 1.0
33492.643811157184, 75, 1.0
33498.755771970726, 75, 1.0
33507.23600378301, 35, 1.0
33511.78311936812, 75, -1.0
33512.97360455814, 103, 1.0
33517.52687595384, 154, -1.0
33518.81028825598, 75, -1.0
33519.89244987799, 103, 1.0
33521.9683694212, 148, -1.0
33523.23355958044, 148, -1.0
33533.915421725265, 101, -1.0
33549.25224086338, 148, -1.0
33549.367573060554, 148, -1.0
33553.1608447612, 148, -1.0
33553.40541820837, 101, -1.0
33559.93667892415, 75, 1.0
33560.923050821126, 75, 1.0
33567.03297633717, 101, 1.0
33569.28576656899, 75, 1.0
33573.10545126773, 35, 1.0
33573.26168333429, 35, -1.0
33574.98147880793, 152, -1.0
33582.672267233625, 148, -1.0
33587.75136086394, 154, -1.0
33593.61763997989, 152, -1.0
33596.44058572689, 35, -1.0
33600.894393977665, 75, 1.0
33605.47494073871, 35, -1.0
33610.57453455059, 103, -1.0
33622.346160762674, 75, 1.0
33628.584311647675, 35, -1.0
33632.648076885205, 148, -1.0
33644.48462901608, 44, -1.0
33648.95142995344, 75, 1.0
33649.07942309622, 101, 1.0
33652.567891958155, 75, 1.0
33654.21092827643, 101, 1.0
33655.41592965319, 148, -1.0
33678.7961746431, 152, 1.0
33710.32052217808, 75, 1.0
33711.2004055845, 75, 1.0
33714.532502423746, 148, -1.0
33716.20013919502, 75, 1.0
33721.02147852009, 75, 1.0
33721.10049970262, 101, 1.0
33721.12693774694, 35, -1.0
33729.166978777124, 75, 1.0
33730.17887864383, 152, 1.0
33730.40172969775, 154, -1.0
33733.725777234875, 152, -1.0
33741.532691273605, 75, 1.0
33747.19552610479, 101, 1.0
33751.309267221906, 75, 1.0
33754.791679774695, 103, -1.0
33759.338353741725, 101, 1.0
33762.10224152526, 75, 1.0
33786.30546527939, 101, 1.0
33799.145186069785, 101, 1.0
33800.25355869821, 75, 1.0
33805.31418719657, 35, -1.0
33806.151989944796, 44, -1.0
33810.1054537231, 103, 1.0
33817.93401462604, 35, -1.0
33824.03062541804, 103, 1.0
33842.364630738615, 148, -1.0
33858.702950249964, 75, 1.0
33859.8538371407, 148, -1.0
33872.08549761705, 152, -1.0
33878.00695482854, 154, 1.0
33878.591084404194, 101, 1.0
33883.47118777513, 75, 1.0
33886.3961156054, 103, 1.0
33886.91113335188, 101, 1.0
33895.857478604754, 101, 1.0
33897.06503074855, 75, 1.0
33898.21154832919, 152, 1.0
33899.71468906343, 75, 1.0
33903.54996870994, 75, 1.0
33904.70735045435, 148, -1.0
33907.38041764817, 101, 1.0
33907.708521735185, 103, 1.0
33909.87965117251, 103, -1.0
33910.35945764518, 148, -1.0
33911.542190703825, 75, 1.0
33917.911564523725, 75, 1.0
33924.36923172484, 152, -1.0
33935.04608409063, 103, -1.0
33939.51085120637, 101, 1.0
33942.9316948961, 101, 1.0
33946.592415715655, 101, -1.0
33946.89222744795, 35, 1.0
33951.81772289641, 75, 1.0
33952.244513266734, 75, 1.0
33952.84281496388, 154, -1.0
33960.993169714035, 35, 1.0
33963.6286233298, 148, -1.0
33966.37626821825, 44, -1.0
33967.53589092267, 148, -1.0
33969.03089864232, 35, -1.0
33975.82682721849, 35, 1.0
33981.37181366148, 148, 1.0
33987.975924968196, 152, 1.0
33998.07282815383, 152, -1.0
33999.02689890254, 154, 1.0
34002.56439845782, 75, -1.0
34002.612501132775, 101, 1.0
34007.40959694765, 103, 1.0
34010.685883205915, 75, 1.0
34011.782855889855, 148, -1.0
34020.090843680446, 101, 1.0
34022.53658637962, 152, 1.0
34022.76568134408, 103, 1.0
34031.82929879181, 75, 1.0
34037.4119740483, 75, 1.0
34051.26260601389, 103, 1.0
34051.96143769197, 35, 1.0
34057.450035520895, 148, -1.0
34058.606099300065, 75, 1.0
34058.65304626245, 148, -1.0
34059.11900329898, 148, -1.0
34074.3671795865, 35, 1.0
34077.30716003296, 103, -1.0
34091.141875681904, 75, 1.0
34111.48831202727, 75, 1.0
34112.922513894926, 75, -1.0
34115.17504538698, 103, 1.0
34118.943765386, 103, -1.0
34120.80012310376, 35, -1.0
34123.42591286405, 103, 1.0
34125.04302260964, 103, 1.0
34125.528752799175, 35, -1.0
34129.69160059425, 152, -1.0
34133.70616328153, 75, -1.0
34133.92787315649, 148, 1.0
34138.30073860443, 152, -1.0
34138.47149324747, 75, -1.0
34144.307508424776, 75, 1.0
34152.22715242342, 101, -1.0
34158.53828794487, 148, -1.0
34161.55470753912, 152, -1.0
34163.9764398435, 75, -1.0
34170.14026708701, 35, 1.0
34170.3004759986, 44, 1.0
34178.593337459795, 75, 1.0
34186.37479822255, 75, 1.0
34193.44914369306, 152, 1.0
34196.3548827778, 75, 1.0
34198.54216251102, 103, 1.0
34200.882152793514, 101, -1.0
34207.00678337724, 75, 1.0
34217.423372957455, 103, -1.0
34220.023070422234, 154, 1.0
34220.63902659369, 35, -1.0
34223.57626504812, 35, 1.0
34231.01862851891, 148, -1.0
34236.61545011581, 101, 1.0
34242.03077106814, 152, -1.0
34245.715489058835, 103, 1.0
34245.98999838385, 103, 1.0
34248.48438761447, 103, -1.0
34249.698193650634, 152, -1.0
34252.87498212283, 35, -1.0
34255.28460956748, 148, -1.0
34255.60116586841, 75, 1.0
34256.60400118831, 75, 1.0
34258.24137264314, 35, 1.0
34259.766049022954, 103, -1.0
34274.088587612816, 75, 1.0
34275.26329789827, 103, 1.0
34275.458203965, 75, -1.0
34275.906625492105, 75, 1.0
34283.74423822299, 152, -1.0
34286.74927122274, 75, -1.0
34293.66147366212, 35, -1.0
34296.68852798574, 154, -1.0
34302.52424570647, 44, -1.0
34308.99910555131, 154, 1.0
34312.19999703437, 101, 1.0
34313.63436734664, 152, -1.0
34331.85206655313, 148, -1.0
34333.27343628953, 103, 1.0
34335.44008425501, 154, 1.0
34336.10157433943, 103, 1.0
34336.215723033165, 75, 1.0
34338.27816867725, 75, 1.0
34343.23113699396, 35, 1.0
34343.574549063575, 103, 1.0
34354.0034150167, 103, 1.0
34357.78828115179, 35, -1.0
34358.432109667825, 101, -1.0
34362.2496824417, 75, -1.0
34362.2844040878, 103, 1.0
34365.57323148909, 103, 1.0
34378.16783313892, 75, 1.0
34391.58198077623, 75, -1.0
34391.94017362404, 152, -1.0
34394.37916777459, 75, -1.0
34397.29981317541, 103, 1.0
34400.00954811145, 35, 1.0
34401.43160907228, 148, -1.0
34402.7378927918, 75, 1.0
34409.7687462379, 35, -1.0
34412.705307639444, 75, -1.0
34416.222897104504, 152, -1.0
34419.48090758186, 103, 1.0
34432.51098799335, 152, -1.0
34446.04788304659, 101, 1.0
34447.39604093912, 35, -1.0
34447.93283928234, 35, -1.0
34455.444070332094, 148, -1.0
34469.82264725113, 148, -1.0
34474.051410162814, 148, -1.0
34477.053641018894, 152, -1.0
34491.08836726233, 103, -1.0
34496.34626169619, 35, 1.0
34505.16060270473, 35, 1.0
34523.247274485366, 154, -1.0
34527.95665354751, 75, 1.0
34529.6838390933, 154, 1.0
34531.323838009615, 75, 1.0
34533.708175170344, 154, -1.0
34538.882168667944, 103, 1.0
34541.91900551782, 75, 1.0
34542.611986608346, 103, 1.0
34546.94171277531, 152, -1.0
34547.68316238181, 35, -1.0
34558.72714920083, 101, 1.0
34559.431636774294, 103, 1.0
34571.39135466035, 75, 1.0
34576.01557351539, 44, -1.0
34579.076466103834, 75, 1.0
34584.796118017846, 154, -1.0
34586.84936486355, 75, -1.0
34591.34630871193, 75, -1.0
34592.57717300194, 152, -1.0
34594.83232753622, 103, 1.0
34596.310381102536, 103, 1.0
34596.835520769506, 103, -1.0
34600.02642831163, 152, -1.0
34601.080114091084, 75, -1.0
34602.70833372003, 75, -1.0
34602.787151366305, 103, 1.0
34623.28237133741, 35, 1.0
34624.83935594534, 75, -1.0
34627.19850909362, 103, -1.0
34627.85981998759, 103, 1.0
34629.3376648523, 154, -1.0
34640.66054634665, 75, -1.0
34644.49606645587, 148, -1.0
34648.34672430005, 75, -1.0
34650.07203841116, 35, 1.0
34651.25246656567, 75, 1.0
34657.91721430683, 154, -1.0
34658.52739669635, 75, -1.0
34662.7807426721, 103, 1.0
34666.04384251022, 35, 1.0
34672.666849037414, 103, -1.0
34673.29614831385, 35, -1.0
34677.50211234938, 75, 1.0
34684.36394805924, 152, -1.0
34684.75093513786, 148, -1.0
34700.863646845464, 154, 1.0
34716.38175043885, 103, 1.0
34720.922677201874, 44, -1.0
34723.73778192925, 103, -1.0
34744.96875827915, 154, -1.0
34751.446268962114, 101, 1.0
34751.4876769825, 75, 1.0
34767.28032699381, 148, -1.0
34777.135896274616, 152, 1.0
34800.080933801844, 154, 1.0
34801.51242290463, 75, 1.0
34807.225378688054, 152, -1.0
34812.27172378345, 152, -1.0
34819.44682019498, 152, -1.0
34823.89898603945, 148, 1.0
34828.363991622056, 75, 1.0
34830.534226617594, 101, 1.0
34837.25896725404, 152, 1.0
34845.5666864778, 103, 1.0
34850.008114118886, 101, 1.0
34852.58132206426, 75, -1.0
34855.852427537575, 152, -1.0
34861.54328947268, 75, 1.0
34861.780644208615, 35, -1.0
34863.98852242506, 75, 1.0
34879.83396656801, 35, -1.0
34883.1381001419, 35, 1.0
34884.410913394015, 35, 1.0
34885.93105268392, 103, 1.0
34887.561845599674, 101, 1.0
34890.4092586452, 103, -1.0
34892.138149744256, 101, 1.0
34895.42899275608, 148, -1.0
34899.74926288322, 103, 1.0
34901.10668978004, 152, -1.0
34906.55426891566, 101, -1.0
34909.8860494118, 35, 1.0
34910.379472332286, 148, -1.0
34910.85573657639, 148, -1.0
34922.24188956872, 35, 1.0
34928.866257194706, 152, 1.0
34929.81131000348, 103, -1.0
34932.78489198078, 75, -1.0
34932.93364241688, 148, -1.0
34934.88290030443, 75, -1.0
34941.9105633027, 35, -1.0
34952.536715856935, 75, -1.0
34958.76838412371, 152, 1.0
34958.94524264962, 35, 1.0
34966.44389488871, 35, -1.0
34969.84020945248, 35, -1.0
34971.39946468848, 154, -1.0
34972.752742353456, 101, -1.0
34974.22232655354, 44, 1.0
34974.42489209055, 152, -1.0
34976.92466356783, 101, 1.0
34980.63928616483, 103, 1.0
34989.92615044693, 75, 1.0
34995.91301983379, 35, -1.0
35002.581339020406, 152, -1.0
35017.89622264485, 75, 1.0
35018.36983347546, 152, 1.0
35022.95259248821, 75, 1.0
35025.88724007082, 101, -1.0
35026.130309576154, 35, -1.0
35027.58658871966, 35, -1.0
35031.77274806566, 35, 1.0
35039.7514453333, 152, -1.0
35039.94962884186, 75, 1.0
35042.22637675978, 35, -1.0
35045.21750339181, 101, -1.0
35052.805228279954, 75, -1.0
35055.23761043064, 148, -1.0
35061.2855647443, 75, -1.0
35061.336369485485, 75, 1.0
35078.095133339324, 152, -1.0
35085.27390652213, 75, 1.0
35103.014087544485, 154, 1.0
35106.450999389344, 101, 1.0
35107.66730595473, 148, -1.0
35114.51782740325, 35, 1.0
35116.536474638786, 152, -1.0
35123.15664128717, 44, -1.0
35136.19162377639, 75, -1.0
35138.27698804525, 154, 1.0
35158.72906025214, 101, -1.0
35171.35604396602, 44, -1.0
35174.67892437994, 152, -1.0
35183.60503156458, 75, 1.0
35191.091875405116, 148, -1.0
35192.54153930595, 152, -1.0
35193.06025003704, 75, -1.0
35195.849031602804, 152, -1.0
35199.14128910536, 152, 1.0
35199.74804359218, 75, 1.0
35202.7179534652, 35, -1.0
35202.73209426436, 101, 1.0
35203.00782960955, 75, 1.0
35204.57909109598, 152, -1.0
35205.222735816125, 148, -1.0
35205.26838067508, 75, 1.0
35207.74721501653, 35, 1.0
35208.91254839931, 75, 1.0
35219.815566235724, 35, 1.0
35227.48674364549, 75, 1.0
35233.67965679067, 154, 1.0
35234.51365660156, 152, -1.0
35242.49811229989, 154, 1.0
35243.15789402646, 75, 1.0
35252.72850102896, 75, 1.0
35254.771448273306, 101, -1.0
35264.02363364012, 101, -1.0
35264.60735606176, 154, -1.0
35267.75032756962, 152, -1.0
35270.307910197625, 148, 1.0
35278.46308445858, 44, -1.0
35296.28493651144, 148, -1.0
35303.56505510738, 35, 1.0
35306.481000700434, 148, -1.0
35308.10834435755, 101, -1.0
35316.76954522579, 148, -1.0
35346.770719390974, 152, 1.0
35355.414384453106, 103, 1.0
35357.86658807709, 148, -1.0
35358.23439823148, 75, 1.0
35362.13758787219, 154, -1.0
35371.40684367675, 152, -1.0
35375.64721277102, 75, 1.0
35381.70770068324, 44, -1.0
35386.263769386955, 75, 1.0
35388.697386516564, 101, -1.0
35393.816907195884, 75, -1.0
35394.31254334019, 148, 1.0
35396.24860240342, 75, -1.0
35402.8068899462, 75, 1.0
35416.887108218296, 101, -1.0
35428.20759748429, 75, -1.0
35433.89976913555, 103, 1.0
35436.806637045534, 103, -1.0
35453.77734796085, 152, 1.0
35469.61447808559, 152, -1.0
35473.09450846623, 103, 1.0
35483.077710744634, 75, 1.0
35483.98383233528, 75, 1.0
35485.047468932105, 75, 1.0
35496.06308423738, 154, -1.0
35505.74082147207, 103, 1.0
35509.66423479213, 103, 1.0
35517.39995874074, 148, 1.0
35520.915153030386, 75, 1.0
35524.077371476444, 35, -1.0
35525.48535752188, 35, -1.0
35531.10895478151, 101, -1.0
35532.711806554944, 103, 1.0
35534.986921047086, 101, 1.0
35535.565742457315, 152, -1.0
35544.300986582595, 35, -1.0
35549.72368317811, 103, 1.0
35551.28991010371, 103, 1.0
35560.06387113757, 148, -1.0
35560.37517179754, 75, 1.0
35561.53538099528, 75, -1.0
35563.10791729053, 103, 1.0
35567.589946242915, 103, 1.0
35569.50041083659, 35, 1.0
35574.74631228043, 148, -1.0
35575.08414892638, 75, 1.0
35578.560995620595, 35, 1.0
35588.79226896094, 75, 1.0
35588.853974265796, 75, 1.0
35592.862894560196, 154, 1.0
35593.339447358165, 75, 1.0
35601.19616124246, 75, 1.0
35603.447207227684, 35, -1.0
35611.39405047296, 103, 1.0
35622.11613182461, 154, -1.0
35624.51420060707, 101, 1.0
35627.88447730158, 75, 1.0
35628.175003066885, 103, 1.0
35639.39220286077, 101, 1.0
35644.04826377356, 75, 1.0
35646.16662261536, 35, 1.0
35646.63931864643, 103, 1.0
35654.33208985001, 75, 1.0
35654.85972977072, 75, -1.0
35657.543066025726, 103, 1.0
35659.461851988024, 154, -1.0
35659.653827946066, 35, -1.0
35661.37338014925, 148, -1.0
35686.857677693115, 75, 1.0
35689.837402173296, 75, 1.0
35694.342261486054, 75, 1.0
35695.35124150192, 35, -1.0
35695.7253348436, 35, -1.0
35697.61045546779, 152, -1.0
35700.41525324571, 35, -1.0
35702.106622793246, 152, 1.0
35707.99014723985, 75, 1.0
35708.849374345984, 154, 1.0
35710.5958182888, 103, 1.0
35712.79005018449, 148, -1.0
35714.8310730446, 101, -1.0
35725.61917547456, 103, -1.0
35727.66864705195, 103, -1.0
35733.313482875514, 75, 1.0
35733.69096049905, 35, 1.0
35733.713657810404, 75, 1.0
35745.178238910055, 101, -1.0
35747.82896734838, 75, -1.0
35750.11982119866, 75, -1.0
35751.730305547804, 152, 1.0
35756.01423025546, 44, -1.0
35758.72275504596, 44, -1.0
35764.18420574863, 101, 1.0
35765.98334727327, 152, -1.0
35766.0363478365, 75, -1.0
35767.77902313207, 101, -1.0
35768.217785950466, 154, 1.0
35772.02884968916, 101, 1.0
35779.65741803247, 35, 1.0
35781.56756829685, 75, -1.0
35787.0220091293, 148, -1.0
35787.48276202764, 152, -1.0
35792.29116172822, 101, 1.0
35792.38847206786, 35, -1.0
35802.374598358176, 103, -1.0
35804.661815456406, 152, -1.0
35805.306650842176, 35, 1.0
35812.83703244614, 75, -1.0
35816.23489261355, 35, -1.0
35819.25496414436, 75, 1.0
35822.25396182129, 103, 1.0
35825.63553197514, 148, -1.0
35836.12806882629, 75, 1.0
35843.26024292901, 148, -1.0
35855.61853278015, 101, -1.0
35863.149210503754, 75, -1.0
35863.59223551979, 75, 1.0
35871.91701807665, 152, -1.0
35876.64316396187, 103, 1.0
35893.46085122627, 75, -1.0
35897.572204388576, 35, 1.0
35901.912846307016, 154, 1.0
35908.76810863467, 148, -1.0
35910.120474997035, 152, -1.0
35918.466245753516, 101, -1.0
35919.25939972478, 101, 1.0
35923.81558798398, 103, 1.0
35926.783049015416, 103, 1.0
35926.816812332356, 148, -1.0
35930.83298492198, 154, -1.0
35943.890790066034, 101, 1.0
35946.12674929092, 35, -1.0
35948.054951286926, 152, -1.0
35949.76093095393, 101, 1.0
35959.95893906957, 103, 1.0
35960.46782080552, 75, 1.0
35965.56933175374, 148, 1.0
35973.0458765499, 75, 1.0
35973.84330226609, 152, 1.0
35975.5762898783, 103, 1.0
35975.96998387154, 35, -1.0
35978.156452205454, 101, -1.0
35980.88218347431, 35, -1.0
35986.75703532859, 75, 1.0
35987.631745363055, 152, -1.0
35988.09702146811, 103, 1.0
35989.18344620634, 152, -1.0
35992.0910229613, 35, -1.0
35993.66948062444, 154, -1.0
35994.268111177524, 103, -1.0
35994.98103540934, 152, -1.0
35995.206323560546, 101, 1.0
35997.87346724545, 75, 1.0
35998.653967062106, 103, 1.0