21601.322319914016, 44, -1.0
21614.536481037645, 75, 1.0
21615.43499598623, 44, -1.0
21623.94507482024, 103, 1.0
21625.49115706729, 152, -1.0
21632.544247026453, 35, 1.0
21645.856806274518, 154, 1.0
21647.47631082694, 154, 1.0
21655.082514325288, 154, 1.0
21657.57960171818, 101, 1.0
21672.250367845943, 101, 1.0
21692.289429322154, 103, 1.0
21701.813261883195, 44, -1.0
21707.53532659398, 103, 1.0
21716.228083467333, 152, -1.0
21752.029213298898, 103, 1.0
21754.79094286581, 75, 1.0
21756.920862890714, 101, -1.0
21763.774407319408, 148, 1.0
21768.405063946564, 75, -1.0
21768.803319003007, 44, -1.0
21776.93030887334, 44, -1.0
21779.075031487766, 103, 1.0
21782.793352383127, 148, -1.0
21786.046486663246, 75, -1.0
21789.24628425971, 152, 1.0
21790.03683985768, 75, -1.0
21801.342356492656, 101, -1.0
21816.529731787232, 101, 1.0
21817.443073112958, 101, 1.0
21818.422400902167, 44, -1.0
21826.654432251362, 101, -1.0
21828.18222759669, 101, 1.0
21839.828333944974, 154, 1.0
21839.83466053427, 75, -1.0
21855.20951039675, 101, -1.0
21865.480380826666, 148, -1.0
21881.36293570714, 75, 1.0
21881.95454332846, 75, 1.0
21882.590186014313, 152, -1.0
21897.294556975678, 101, 1.0
21901.23099484562, 152, -1.0
21909.0689028303, 154, 1.0
21912.433352368604, 148, 1.0
21916.85627398979, 75, -1.0
21922.735438254193, 75, 1.0
21926.84669359316, 75, -1.0
21936.473854821936, 75, -1.0
21937.166629867566, 101, 1.0
21937.783572882014, 35, 1.0
21944.678932469847, 75, 1.0
21947.74261469951, 101, 1.0
21951.067896007058, 101, -1.0
21957.861248396523, 148, -1.0
21964.53081970831, 154, 1.0
21967.86755458026, 103, 1.0
21970.42106181772, 75, -1.0
21974.909088225013, 152, -1.0
21997.879819577865, 152, -1.0
22002.159004553603, 75, -1.0
22010.705821186046, 103, 1.0
22011.904732961433, 44, -1.0
22012.916848396413, 101, 1.0
22025.362610529904, 35, 1.0
22027.190555601712, 44, -1.0
22030.53281887738, 35, 1.0
22030.85484980326, 35, 1.0
22031.83928223578, 101, -1.0
22035.5669079535, 152, -1.0
22038.56460457023, 44, -1.0
22041.61206993337, 154, 1.0
22043.08228911436, 148, 1.0
22060.990837461733, 35, 1.0
22063.42549054121, 154, 1.0
22069.668816717618, 103, 1.0
22078.262906788463, 44, -1.0
22090.25924050184, 101, -1.0
22112.562924850994, 101, 1.0
22115.002739233878, 75, -1.0
22119.21329722671, 152, -1.0
22120.643548832977, 103, 1.0
22133.99513845967, 75, 1.0
22134.692709517447, 103, 1.0
22134.88321295032, 75, 1.0
22145.73620835127, 103, 1.0
22149.292020125435, 44, -1.0
22150.941601826227, 101, -1.0
22152.019948279063, 101, -1.0
22153.57935612068, 44, -1.0
22155.990434150164, 75, 1.0
22156.24181648453, 148, -1.0
22157.41055480277, 75, -1.0
22157.73260592152, 103, 1.0
22163.91006030244, 148, -1.0
22165.047278957205, 101, 1.0
22165.93830982406, 75, -1.0
22184.832128005033, 44, -1.0
22191.023162243466, 75, 1.0
22193.0749579517, 35, 1.0
22197.62931943068, 75, -1.0
22204.649329580247, 44, 1.0
22210.6138856399, 103, 1.0
22216.15693399459, 154, 1.0
22217.802047597306, 103, 1.0
22222.987651393778, 44, -1.0
22225.30147405208, 101, 1.0
22226.348649787444, 44, -1.0
22233.18250014057, 101, 1.0
22245.019495044584, 101, -1.0
22245.249841591274, 75, -1.0
22245.938226419687, 101, 1.0
22253.308374905384, 75, 1.0
22254.76508799372, 154, 1.0
22261.857043931363, 152, -1.0
22278.32901665335, 152, -1.0
22289.773088975904, 75, 1.0
22301.666643761586, 103, -1.0
22307.93085273903, 44, -1.0
22312.53871477816, 75, -1.0
22313.745442357813, 75, -1.0
22314.566960132863, 103, 1.0
22321.734544577706, 75, 1.0
22326.345556852506, 44, -1.0
22331.908202097813, 101, 1.0
22333.34653796195, 75, -1.0
22342.672021416067, 75, -1.0
22361.07409855055, 101, -1.0
22366.596759015585, 35, 1.0
22367.862573554237, 44, -1.0
22369.411518416047, 75, 1.0
22376.18743000119, 154, 1.0
22381.8442338475, 101, 1.0
22386.68790576434, 35, 1.0
22387.488370237916, 154, 1.0
22394.632709318714, 35, 1.0
22399.199454350448, 44, 1.0
22402.439008031102, 103, 1.0
22402.82283625842, 75, 1.0
22413.06476874544, 154, 1.0
22414.9936103834, 75, -1.0
22418.160612589534, 44, -1.0
22429.646289574623, 75, -1.0
22430.257615359806, 44, -1.0
22440.36285606856, 101, -1.0
22461.68153055039, 44, -1.0
22465.7682501343, 101, 1.0
22509.900859647103, 154, 1.0
22518.11478306392, 148, -1.0
22523.987709093017, 101, -1.0
22524.28090586439, 75, 1.0
22524.629416310698, 101, 1.0
22524.666949706192, 101, -1.0
22527.13093142115, 103, 1.0
22529.828130122274, 154, 1.0
22535.60302791797, 35, 1.0
22536.826602216588, 44, -1.0
22538.069512788115, 101, -1.0
22541.203536829405, 103, 1.0
22558.031697411858, 101, -1.0
22562.817676094433, 148, -1.0
22573.07117447116, 103, -1.0
22580.51275249566, 103, 1.0
22590.517061993018, 103, 1.0
22601.63658481021, 103, -1.0
22603.44005934944, 103, 1.0
22604.89153259837, 101, 1.0
22607.961134581452, 35, 1.0
22610.5954420878, 35, 1.0
22610.91743936786, 101, 1.0
22619.341748816052, 101, 1.0
22619.979378384854, 35, 1.0
22621.983600055293, 101, -1.0
22631.181843379927, 101, -1.0
22631.209540493204, 103, 1.0
22635.89201172646, 44, -1.0
22641.829849930014, 44, -1.0
22643.463443108387, 101, -1.0
22644.895680528065, 101, 1.0
22645.993130989136, 75, -1.0
22649.997348348807, 154, 1.0
22655.92491874398, 101, -1.0
22658.344414897692, 75, 1.0
22659.73302016429, 75, -1.0
22659.870160698272, 44, -1.0
22661.0589787238, 44, -1.0
22667.320258270058, 44, -1.0
22671.962587482478, 152, -1.0
22672.421634533683, 101, -1.0
22673.326450061515, 152, 1.0
22681.49733484574, 152, -1.0
22682.369395549, 103, 1.0
22688.94680248332, 44, -1.0
22688.981145266644, 154, 1.0
22692.2387391597, 44, -1.0
22697.72546226628, 44, -1.0
22701.49894480838, 75, 1.0
22706.085900506307, 152, -1.0
22706.298023536034, 148, -1.0
22709.493255475783, 44, -1.0
22718.183245337324, 154, 1.0
22725.89326413773, 101, 1.0
22736.038505567987, 154, 1.0
22743.729889339804, 75, -1.0
22743.956891990732, 148, -1.0
22749.28061650718, 44, -1.0
22754.11791749019, 75, 1.0
22761.95619758007, 44, -1.0
22771.98584673946, 101, 1.0
22774.904353337854, 75, -1.0
22780.18016518667, 75, 1.0
22790.36919186119, 44, 1.0
22792.097531900683, 75, 1.0
22798.248331190214, 101, -1.0
22806.832985867193, 103, 1.0
22807.940796068542, 152, -1.0
22812.12234424977, 75, 1.0
22812.229938970824, 101, -1.0
22815.003382971536, 101, -1.0
22821.089793981235, 101, -1.0
22823.09144805499, 148, -1.0
22826.249307786653, 75, -1.0
22835.837750091418, 75, 1.0
22847.04655572855, 101, -1.0
22855.46752639786, 152, -1.0
22856.11159455294, 101, 1.0
22862.26328626133, 152, 1.0
22868.92046306493, 75, 1.0
22875.23053296585, 154, 1.0
22875.370308896217, 75, 1.0
22889.350470874757, 44, -1.0
22896.194122987818, 103, 1.0
22900.32187692567, 103, 1.0
22909.211018951577, 75, -1.0
22914.846481404536, 154, 1.0
22916.61121283376, 35, 1.0
22922.954312044432, 35, 1.0
22926.23376655493, 75, -1.0
22942.044822389216, 154, 1.0
22946.842068958293, 44, -1.0
22950.94417951058, 103, 1.0
22951.153475031497, 44, -1.0
22958.50387474845, 75, 1.0
22963.626986471143, 152, -1.0
22965.457662676352, 154, 1.0
22968.208099548534, 101, -1.0
22972.514587694786, 101, 1.0
22988.85870434008, 44, -1.0
22991.532619486836, 44, -1.0
23008.125165703783, 152, -1.0
23010.506198883635, 148, -1.0
23015.14387701271, 101, 1.0
23015.866736011612, 101, 1.0
23022.231300091138, 101, 1.0
23025.325003488586, 44, -1.0
23025.450582159912, 35, 1.0
23027.831744484436, 75, -1.0
23040.792911626762, 154, 1.0
23046.067690945652, 75, -1.0
23052.34229828732, 152, -1.0
23060.125876042224, 44, -1.0
23068.091728844098, 101, -1.0
23073.908059496905, 103, 1.0
23075.55570209049, 101, 1.0
23114.046941799093, 101, 1.0
23114.28099067002, 154, 1.0
23116.636858331265, 44, -1.0
23119.83058070942, 152, 1.0
23124.746889189682, 35, 1.0
23125.299930356232, 101, -1.0
23127.6281756692, 44, -1.0
23128.392911511226, 152, -1.0
23129.28209877317, 75, 1.0
23129.814293756383, 101, 1.0
23130.762606593737, 35, 1.0
23136.43003865338, 75, -1.0
23139.641171012656, 103, 1.0
23149.400851928378, 44, -1.0
23152.138739817507, 103, 1.0
23154.316909767418, 103, 1.0
23162.006836037366, 152, 1.0
23166.23427340586, 35, 1.0
23167.612429396842, 75, -1.0
23170.28199254404, 44, -1.0
23171.029445410437, 75, 1.0
23185.46164873783, 101, 1.0
23191.582172047045, 44, -1.0
23202.323635461136, 103, 1.0
23207.329965264118, 44, 1.0
23212.554528318753, 44, -1.0
23226.49793590342, 75, 1.0
23238.880249105037, 101, 1.0
23246.501840497884, 44, -1.0
23250.969569192966, 75, -1.0
23254.15976467127, 75, 1.0
23256.376991981128, 101, 1.0
23263.891219767283, 101, -1.0
23265.328814256587, 148, -1.0
23267.220220397354, 44, -1.0
23272.626939150105, 75, 1.0
23277.248304136916, 75, 1.0
23284.13767099649, 101, 1.0
23302.70191262004, 101, 1.0
23311.704798333292, 75, -1.0
23312.147577736738, 75, 1.0
23317.093016636547, 35, 1.0
23328.955029769742, 154, 1.0
23330.198842654583, 154, -1.0
23331.27051661173, 75, 1.0
23332.040196914273, 75, -1.0
23341.215882881665, 154, 1.0
23342.57032366586, 35, 1.0
23343.59193043551, 154, 1.0
23344.04953110073, 35, 1.0
23345.100312805385, 44, -1.0
23345.9460189978, 101, 1.0
23357.440172610066, 44, -1.0
23364.818285453268, 75, -1.0
23370.264684140006, 103, 1.0
23373.174958221418, 152, 1.0
23375.275661137995, 103, 1.0
23378.560953430595, 44, -1.0
23379.101100928605, 103, 1.0
23382.634936703656, 152, -1.0
23393.584298417758, 152, -1.0
23395.689441989118, 103, 1.0
23396.436133870557, 101, 1.0
23398.26854164392, 154, 1.0
23398.332253493743, 75, 1.0
23413.335052690738, 44, -1.0
23419.11603996411, 103, 1.0
23421.366405895707, 75, 1.0
23445.13872139237, 154, 1.0
23445.51688792836, 75, 1.0
23455.701944447937, 154, 1.0
23463.124947126962, 101, 1.0
23464.82801469709, 44, -1.0
23470.791041363704, 75, -1.0
23473.6020031398, 101, 1.0
23475.496073331087, 101, 1.0
23477.532263502944, 44, -1.0
23487.817974519694, 148, -1.0
23496.452132349154, 44, -1.0
23502.713739434355, 75, 1.0
23510.498402971003, 103, 1.0
23519.942050813526, 44, -1.0
23521.25258098268, 101, 1.0
23521.906144080793, 152, 1.0
23525.535560226617, 75, -1.0
23533.90592487066, 101, 1.0
23537.24478100538, 44, 1.0
23552.365559433187, 75, -1.0
23552.621406041242, 101, 1.0
23557.236841313697, 44, -1.0
23563.503593647285, 44, -1.0
23570.475624545434, 75, 1.0
23586.959858785707, 101, -1.0
23587.029162083396, 44, -1.0
23604.533294511817, 154, 1.0
23611.90385083323, 44, -1.0
23631.732722347577, 152, 1.0
23637.868221136057, 152, -1.0
23637.92721261509, 103, 1.0
23650.671856229343, 154, 1.0
23651.102510081848, 101, 1.0
23660.37387884842, 75, -1.0
23667.565716946, 101, -1.0
23671.940639973367, 152, -1.0
23673.17854886899, 103, 1.0
23674.127527127992, 152, 1.0
23676.322425641283, 44, -1.0
23677.579633324454, 101, 1.0
23682.735150489032, 35, 1.0
23684.651719650636, 75, -1.0
23686.15694600301, 152, -1.0
23686.663264810028, 101, 1.0
23686.69922569182, 75, 1.0
23695.993798406318, 44, -1.0
23701.124046068526, 101, -1.0
23729.58810025851, 44, -1.0
23734.521827764915, 44, -1.0
23738.638847105358, 152, -1.0
23742.62862737276, 101, -1.0
23745.66989951229, 75, 1.0
23746.79084462238, 154, 1.0
23765.90646455067, 101, 1.0
23769.083944657155, 154, 1.0
23778.132844629425, 148, -1.0
23780.321371375205, 154, 1.0
23783.05212361309, 75, -1.0
23786.629399080182, 101, 1.0
23787.100126398203, 101, -1.0
23798.9257863639, 44, -1.0
23806.697422772904, 75, 1.0
23822.345930910007, 75, -1.0
23825.039697706474, 148, -1.0
23826.064794984843, 44, -1.0
23828.840835208932, 152, -1.0
23831.200768338702, 103, 1.0
23853.4626085806, 44, -1.0
23855.970577126936, 103, -1.0
23866.88135656835, 154, 1.0
23867.752289305296, 44, 1.0
23881.41602041577, 75, -1.0
23885.202510768133, 35, 1.0
23885.673116309055, 75, 1.0
23886.702131993723, 101, 1.0
23887.425496516556, 75, 1.0
23893.396671201277, 101, -1.0
23894.33927848394, 101, 1.0
23900.585526454175, 44, 1.0
23900.87545505462, 152, -1.0
23902.95898007204, 103, 1.0
23906.25129917652, 148, 1.0
23915.258953200802, 101, -1.0
23919.53682699906, 101, 1.0
23927.048840734646, 44, -1.0
23942.398040884287, 148, -1.0
23947.09959815767, 44, -1.0
23953.094394752654, 44, -1.0
23963.614279123223, 35, 1.0
23968.481127899293, 44, -1.0
23982.253682417795, 103, 1.0
23984.974354156333, 148, -1.0
23986.791976141823, 44, -1.0
23994.00599367396, 148, -1.0
23997.78910604371, 101, -1.0
24001.632832113908, 44, -1.0
24009.061452305115, 75, 1.0
24013.770218874277, 35, 1.0
24019.543632466557, 154, 1.0
24021.06768081297, 44, -1.0
24024.060222892116, 75, 1.0
24039.21525997981, 103, 1.0
24051.696378841378, 154, 1.0
24054.693821589954, 44, -1.0
24058.307963249335, 152, -1.0
24064.30193233005, 101, 1.0
24073.905126506226, 101, -1.0
24074.207457488526, 148, -1.0
24074.385817821054, 101, 1.0
24081.51969746502, 103, 1.0
24083.436002928327, 103, 1.0
24096.198365551307, 154, 1.0
24105.643466962836, 44, -1.0
24113.310287465967, 44, -1.0
24114.44150166225, 75, -1.0
24116.03976520671, 75, 1.0
24120.959988125585, 44, -1.0
24124.53117209713, 44, -1.0
24127.768503546034, 154, 1.0
24132.930037818132, 103, 1.0
24133.10045999379, 152, -1.0
24137.604572427786, 44, 1.0
24144.729278924162, 152, -1.0
24150.44431937549, 75, -1.0
24173.08210509226, 103, 1.0
24173.748494764255, 154, 1.0
24182.066108206705, 75, -1.0
24194.870969140033, 35, 1.0
24229.928089259054, 75, 1.0
24246.255806014782, 148, -1.0
24263.427004737165, 44, -1.0
24265.491192182704, 75, -1.0
24266.89283165183, 44, -1.0
24267.422931387315, 148, -1.0
24289.071780296883, 44, -1.0
24289.44907193632, 35, 1.0
24292.52375688242, 75, 1.0
24297.252045530007, 152, -1.0
24301.13750192515, 75, 1.0
24301.890773985804, 148, -1.0
24302.066495509036, 75, -1.0
24303.38608461426, 75, -1.0
24309.074526049728, 75, 1.0
24315.561026268, 154, 1.0
24319.000404377653, 101, 1.0
24322.36267003769, 75, -1.0
24330.237260269445, 103, -1.0
24334.76217488629, 75, 1.0
24337.36348255614, 44, -1.0
24339.628214593562, 103, 1.0
24350.62362610796, 44, -1.0
24354.27847111397, 75, 1.0
24370.18389207102, 44, -1.0
24371.398310868248, 101, 1.0
24372.057455393962, 148, -1.0
24376.707040411206, 103, 1.0
24381.43518117576, 75, -1.0
24398.57156998074, 44, -1.0
24407.447596879403, 103, 1.0
24407.91159068643, 75, -1.0
24408.547146578087, 75, 1.0
24410.311902830115, 75, -1.0
24410.69475837935, 75, 1.0
24414.367780525103, 44, -1.0
24423.612450709912, 75, -1.0
24424.036019067462, 44, -1.0
24425.996803841943, 35, 1.0
24435.176299003248, 44, -1.0
24442.379430620244, 148, -1.0
24462.217571144934, 44, -1.0
24464.406570793133, 101, -1.0
24468.10492169192, 101, 1.0
24475.04117261358, 75, -1.0
24484.87403005905, 44, -1.0
24484.95510915172, 44, -1.0
24487.269172795313, 101, 1.0
24491.501199731465, 148, -1.0
24500.365306795124, 75, -1.0
24506.448106353677, 35, 1.0
24509.43308938716, 103, 1.0
24519.49496561713, 101, 1.0
24527.308211856962, 148, -1.0
24528.50017968561, 152, 1.0
24533.97038089513, 44, -1.0
24537.52576604591, 103, 1.0
24542.402981289364, 75, -1.0
24543.95581580437, 35, 1.0
24550.34527772669, 103, 1.0
24554.279718270172, 44, -1.0
24554.65299358115, 101, 1.0
24560.707936245242, 101, -1.0
24568.066611176167, 75, 1.0
24571.534675996958, 148, 1.0
24573.24882675825, 152, -1.0
24576.749934736956, 152, -1.0
24579.904826886133, 75, 1.0
24583.37315593729, 75, 1.0
24588.446503965286, 154, 1.0
24603.064319363544, 75, 1.0
24613.81460024767, 101, -1.0
24620.999556662937, 75, 1.0
24623.703053160392, 152, -1.0
24632.315117654114, 44, -1.0
24632.370324539796, 148, -1.0
24651.28645443023, 154, 1.0
24656.710189738646, 44, -1.0
24659.685228054757, 75, -1.0
24660.968098126803, 152, -1.0
24662.590991007517, 148, -1.0
24666.640259613698, 44, -1.0
24666.83423883501, 101, 1.0
24675.1039844503, 75, -1.0
24675.46184167627, 75, 1.0
24681.439004989068, 101, 1.0
24682.115411167993, 148, -1.0
24684.455375655103, 148, -1.0
24684.490812353684, 154, 1.0
24691.17078165101, 75, -1.0
24695.44196048206, 101, -1.0
24695.684614565784, 101, 1.0
24696.553958831624, 103, 1.0
24718.349417052596, 75, -1.0
24726.12185546427, 75, 1.0
24733.72987331355, 44, -1.0
24734.197871684606, 148, -1.0
24735.661616716785, 103, 1.0
24735.725359122796, 148, -1.0
24749.722396769306, 101, 1.0
24750.42505322589, 103, 1.0
24759.31832760536, 152, 1.0
24770.67162884597, 44, -1.0
24770.99731537201, 44, -1.0
24776.61429194087, 152, -1.0
24785.434782184024, 75, -1.0
24786.827673931573, 101, 1.0
24787.0583302389, 101, 1.0
24797.538890715612, 103, 1.0
24798.950827754154, 75, -1.0
24799.199090982176, 103, 1.0
24805.405775493102, 44, 1.0
24806.59420042722, 101, 1.0
24812.996304721237, 103, 1.0
24813.729698819654, 154, 1.0
24813.80724453061, 44, 1.0
24820.40276582069, 44, 1.0
24825.20533025087, 75, 1.0
24836.025631765926, 154, 1.0
24845.690056945412, 75, -1.0
24847.81434032889, 101, -1.0
24855.192413187626, 101, -1.0
24866.533147791302, 103, 1.0
24882.952319458695, 44, -1.0
24884.005203425062, 101, -1.0
24890.118443688276, 35, 1.0
24904.184169359705, 101, -1.0
24912.953836440192, 75, 1.0
24918.161397981752, 154, -1.0
24918.56084599792, 154, 1.0
24926.895414986662, 154, 1.0
24929.908803740225, 44, -1.0
24935.084047855562, 101, 1.0
24935.691794713053, 44, 1.0
24947.35298717307, 75, -1.0
24948.479771096907, 44, 1.0
24967.4548474711, 75, -1.0
24996.19424589298, 101, 1.0
25005.084812456284, 101, 1.0
25023.211896647088, 101, 1.0
25026.38613740961, 35, 1.0
25033.378624191857, 35, 1.0
25034.01946181176, 101, 1.0
25034.70000512434, 44, -1.0
25045.80236908861, 35, 1.0
25048.60095389713, 103, 1.0
25054.60224531549, 154, 1.0
25056.637494058286, 44, -1.0
25058.499187142486, 103, 1.0
25064.41442578961, 75, 1.0
25071.838182426007, 101, 1.0
25075.155144346685, 44, -1.0
25082.748046883295, 154, 1.0
25083.36617834224, 101, 1.0
25086.697086678912, 75, -1.0
25097.629973071093, 75, -1.0
25099.810135341948, 101, -1.0
25105.250538256412, 148, -1.0
25124.643007517887, 101, -1.0
25129.548046867887, 103, 1.0
25151.869041948816, 75, 1.0
25153.11082244393, 103, 1.0
25161.358210967635, 152, 1.0
25168.22902587345, 152, -1.0
25178.69450416992, 44, -1.0
25189.351716032364, 103, 1.0
25195.16077779169, 152, 1.0
25198.47471507607, 148, -1.0
25205.057435863564, 154, 1.0
25209.851690823878, 103, -1.0
25211.202629167266, 75, -1.0
25216.48394995498, 75, 1.0
25217.848884999563, 75, -1.0
25218.58164115691, 148, -1.0
25222.329183504527, 101, 1.0
25243.56731587176, 75, 1.0
25249.186144079395, 103, 1.0
25252.134326415107, 103, -1.0
25252.9246286666, 35, -1.0
25261.548085756174, 75, 1.0
25275.331667746064, 35, -1.0
25280.62583259926, 75, 1.0
25301.326334592573, 152, -1.0
25307.446429988995, 148, -1.0
25328.80589983935, 154, 1.0
25349.190205982773, 75, 1.0
25358.026669229566, 152, 1.0
25359.053938461944, 35, 1.0
25373.61866522325, 75, 1.0
25377.408333496107, 152, -1.0
25377.53589505652, 101, 1.0
25379.7393391235, 35, -1.0
25384.304004983896, 103, 1.0
25388.663091860995, 101, 1.0
25390.376421874484, 152, -1.0
25392.053266178144, 152, -1.0
25392.205942420438, 101, 1.0
25392.295828293692, 103, 1.0
25397.724228422936, 103, -1.0
25399.43556571888, 35, -1.0
25401.163258778895, 35, -1.0
25403.892870088195, 75, 1.0
25405.963839968168, 152, -1.0
25407.35970840817, 75, -1.0
25408.979031292685, 101, 1.0
25415.83108447825, 101, 1.0
25416.50744155974, 101, 1.0
25419.16668919023, 148, -1.0
25421.788425947823, 152, -1.0
25426.392775108863, 103, 1.0
25452.047566376874, 152, 1.0
25453.577362817465, 152, -1.0
25456.809379435894, 154, 1.0
25458.70298184468, 35, -1.0
25460.485494639757, 101, 1.0
25469.520842351925, 154, 1.0
25469.824410491306, 148, -1.0
25495.421246773476, 44, -1.0
25501.65423648321, 154, 1.0
25505.020543689167, 154, 1.0
25513.247321511637, 75, 1.0
25522.350597732835, 152, -1.0
25523.471265097844, 154, 1.0
25528.437834784927, 148, -1.0
25534.99227502533, 103, 1.0
25544.85581340507, 75, -1.0
25547.49030815351, 101, 1.0
25560.102038639525, 148, -1.0
25561.30344569581, 35, -1.0
25569.66848675349, 35, -1.0
25577.766018059097, 75, 1.0
25578.136124228135, 154, -1.0
25582.2020670961, 35, -1.0
25586.526386736412, 44, 1.0
25589.477894583983, 35, -1.0
25606.559487321327, 154, -1.0
25606.624655524374, 103, -1.0
25615.590380031917, 152, -1.0
25624.053001757413, 101, -1.0
25630.47489540571, 148, -1.0
25640.780456474633, 35, -1.0
25641.471505431575, 152, -1.0
25654.10871053106, 75, -1.0
25675.218020640677, 75, 1.0
25675.916484870788, 35, -1.0
25683.386676007598, 148, -1.0
25689.393039699135, 75, 1.0
25690.277704587905, 154, 1.0
25691.381403619132, 101, -1.0
25699.274450697605, 152, -1.0
25699.810642273285, 148, -1.0
25711.975081670076, 101, 1.0
25719.209717480477, 75, -1.0
25723.218021536442, 152, -1.0
25726.230707593142, 103, 1.0
25730.9854910109, 35, -1.0
25732.13864495758, 154, 1.0
25735.13201140037, 103, 1.0
25749.586593283955, 154, 1.0
25753.453030165372, 152, -1.0
25755.14748531041, 101, -1.0
25756.68495966518, 101, -1.0
25761.721376015594, 103, 1.0
25761.969150657922, 101, -1.0
25763.694371971513, 154, -1.0
25774.62742411942, 75, -1.0
25779.220236142704, 35, -1.0
25786.058469107775, 103, 1.0
25786.533045185588, 101, 1.0
25799.947597228103, 75, 1.0
25805.225244342782, 75, -1.0
25805.72863397311, 101, 1.0
25805.918346591523, 152, -1.0
25807.055667997338, 148, -1.0
25807.22087091698, 152, 1.0
25812.684047282488, 101, 1.0
25813.11911831332, 152, -1.0
25824.987757466868, 35, -1.0
25844.688213234658, 152, 1.0
25855.95510467407, 75, 1.0
25856.859652279323, 154, 1.0
25863.036008459647, 152, -1.0
25867.633122632957, 103, -1.0
25877.063518008228, 75, -1.0
25881.166583261656, 101, 1.0
25884.641914409556, 75, -1.0
25887.812142281884, 103, -1.0
25897.32779728677, 148, -1.0
25899.891307278092, 35, -1.0
25904.89778883139, 75, -1.0
25908.42729901634, 101, -1.0
25923.374900984796, 148, -1.0
25926.00719913099, 103, 1.0
25927.883696896763, 101, 1.0
25936.941969427964, 148, -1.0
25950.997551440898, 101, -1.0
25973.4634120321, 154, -1.0
25975.629109739508, 148, -1.0
25976.479789028806, 35, -1.0
25995.517994919348, 44, -1.0
26033.511963557816, 75, 1.0
26042.961367783013, 75, 1.0
26045.9409277947, 101, 1.0
26051.21153440892, 101, -1.0
26051.574955101685, 101, 1.0
26051.599611793696, 148, -1.0
26056.72239018671, 35, -1.0
26059.681394054016, 35, -1.0
26061.033117261843, 154, -1.0
26063.502318813593, 101, 1.0
26065.521890709824, 101, 1.0
26069.423144161, 101, 1.0
26069.689459082158, 75, -1.0
26070.743738400302, 75, 1.0
26072.54114683535, 75, 1.0
26072.851455141612, 101, -1.0
26078.80337815274, 101, -1.0
26085.49114503021, 75, 1.0
26085.539212391122, 75, 1.0
26099.978877777823, 101, 1.0
26103.53730914512, 101, -1.0
26104.352440923325, 35, -1.0
26107.493971649663, 35, -1.0
26108.998547002757, 35, -1.0
26116.307803736876, 101, 1.0
26127.849203001933, 154, -1.0
26135.866047657706, 101, 1.0
26161.86123630589, 103, 1.0
26162.47069081838, 154, 1.0
26166.811332066834, 148, -1.0
26173.55144733624, 154, -1.0
26176.59937032825, 35, -1.0
26177.736252482227, 101, 1.0
26193.740016558895, 75, 1.0
26195.13559326548, 35, -1.0
26204.309580099256, 101, 1.0
26214.21228054161, 101, 1.0
26218.96478425536, 75, 1.0
26223.225907232918, 35, -1.0
26226.60819229566, 35, -1.0
26228.68961738673, 148, -1.0
26228.696884805267, 103, 1.0
26229.43341648803, 35, -1.0
26230.64229524245, 35, 1.0
26231.00912901794, 75, 1.0
26235.10508492958, 103, 1.0
26236.674120035805, 35, -1.0
26241.297691214404, 35, -1.0
26246.587394861144, 154, 1.0
26256.470606753617, 148, -1.0
26266.380575331994, 148, -1.0
26268.834143956272, 35, -1.0
26273.442765392472, 101, 1.0
26289.016263756832, 148, -1.0
26291.48707578792, 152, 1.0
26301.748005857047, 35, -1.0
26311.882390771334, 35, -1.0
26313.048402018754, 154, -1.0
26323.426813712347, 75, 1.0
26323.91358731492, 35, -1.0
26325.0982257251, 152, -1.0
26328.50694364844, 103, 1.0
26340.92172109371, 152, -1.0
26356.918727750257, 103, 1.0
26360.305914342443, 154, 1.0
26361.412175105987, 154, 1.0
26361.583863967444, 35, -1.0
26363.149832703377, 103, 1.0
26369.772860509645, 103, 1.0
26372.33202291935, 35, -1.0
26374.78965447429, 101, 1.0
26376.191455259734, 75, -1.0
26378.93564722146, 148, -1.0
26384.705604233684, 35, -1.0
26399.84771174838, 35, -1.0
26401.01111359324, 148, -1.0
26403.90802363668, 101, 1.0
26411.44602838408, 75, 1.0
26412.00796320888, 152, -1.0
26414.790725361978, 35, -1.0
26416.109505512402, 35, -1.0
26416.918103969532, 152, 1.0
26432.468872483925, 35, -1.0
26443.69456011795, 44, -1.0
26447.299783542014, 75, 1.0
26461.525046252693, 103, 1.0
26464.291391551, 101, 1.0
26464.55185251265, 154, 1.0
26465.518659617348, 154, -1.0
26478.101383361765, 35, 1.0
26479.315083517195, 103, 1.0
26479.842204118733, 35, -1.0
26484.05784350688, 101, 1.0
26487.47260467631, 154, 1.0
26489.540978878802, 101, -1.0
26492.6240177029, 103, 1.0
26496.537796365654, 35, -1.0
26503.07958945449, 44, -1.0
26519.767300967193, 152, -1.0
26520.47306324194, 75, 1.0
26525.780972825585, 148, -1.0
26534.468477519145, 35, -1.0
26534.785447241862, 148, -1.0
26551.353536193077, 152, 1.0
26552.64113390665, 148, -1.0
26557.940378057745, 35, -1.0
26562.725782067697, 148, -1.0
26567.03408105278, 75, -1.0
26568.46707007878, 101, -1.0
26578.045269268572, 35, -1.0
26581.179367612254, 101, -1.0
26593.242771157933, 75, -1.0
26599.276455617888, 101, 1.0
26600.612540275535, 148, -1.0
26600.95337490847, 75, 1.0
26601.154189131714, 103, 1.0
26613.897131866634, 101, 1.0
26619.273071588443, 75, 1.0
26620.64910891521, 148, -1.0
26621.372448765345, 154, 1.0
26626.52143681831, 75, 1.0
26626.707610792277, 101, 1.0
26629.9681559447, 101, 1.0
26630.703863779418, 75, 1.0
26635.892488958598, 75, -1.0
26638.843325187434, 35, -1.0
26643.623182307234, 154, 1.0
26643.819304126795, 154, 1.0
26651.809579488345, 148, -1.0
26653.033650912992, 75, 1.0
26653.069680945144, 152, 1.0
26655.396623705165, 148, -1.0
26666.884198842232, 35, -1.0
26671.232875245478, 75, 1.0
26673.145416463056, 152, -1.0
26678.44510608855, 148, -1.0
26679.609150975004, 148, -1.0
26686.402607073032, 35, -1.0
26696.84077621894, 154, 1.0
26700.53579130622, 101, 1.0
26702.946559205924, 148, -1.0
26703.944648586174, 35, -1.0
26707.300880724404, 35, -1.0
26709.52651734263, 152, 1.0
26711.891074413546, 75, 1.0
26713.667463733727, 101, 1.0
26716.034690604087, 75, 1.0
26716.095571502046, 154, 1.0
26718.99030842, 103, -1.0
26723.66574245839, 152, 1.0
26733.32181672997, 152, -1.0
26740.77463308915, 35, -1.0
26747.420121149917, 154, 1.0
26751.076756363647, 154, 1.0
26754.99846827236, 154, 1.0
26761.688963015444, 152, 1.0
26764.706760726433, 75, 1.0
26766.373690886412, 152, -1.0
26767.609597563052, 35, -1.0
26768.668257656413, 148, -1.0
26773.586749660095, 101, -1.0
26776.838460815587, 75, 1.0
26795.41767539573, 44, 1.0
26825.17216180266, 101, 1.0
26844.248543782134, 152, 1.0
26846.660149671923, 75, 1.0
26857.068288423336, 154, 1.0
26861.640269217874, 101, 1.0
26862.46909360181, 152, -1.0
26869.86370394266, 101, 1.0
26882.426188421934, 148, -1.0
26885.56657013314, 35, -1.0
26886.96384569261, 101, 1.0
26889.9918278964, 152, -1.0
26894.466768910606, 75, 1.0
26898.37831269774, 103, -1.0
26911.064263066644, 152, -1.0
26917.33303201622, 152, -1.0
26917.519888612507, 154, -1.0
26918.831233447763, 152, 1.0
26919.64499112309, 75, 1.0
26926.215586896025, 152, -1.0
26927.05679484432, 152, -1.0
26929.857792345654, 101, -1.0
26930.126823385493, 152, 1.0
26931.69359558878, 154, 1.0
26935.835677208455, 101, -1.0
26956.781118910436, 152, -1.0
26957.520297541083, 35, -1.0
26958.346617107436, 148, -1.0
26961.614840453494, 75, 1.0
26962.135888407687, 154, 1.0
26971.671594241496, 103, -1.0
26979.572729934847, 152, -1.0
26980.364547010773, 101, 1.0
26985.100773605285, 103, -1.0
26985.901131301307, 101, -1.0
26988.166216868576, 101, 1.0
26988.303428408428, 75, 1.0
26989.86329553965, 154, -1.0
26995.19403400056, 154, 1.0
26996.75182687783, 101, -1.0
27008.69379064091, 148, -1.0
27010.821300779688, 148, -1.0
27011.986243028976, 35, -1.0
27013.78940195554, 35, -1.0
27020.611391014216, 154, -1.0
27027.791313407837, 152, -1.0
27029.50917912645, 154, -1.0
27032.583317073717, 154, 1.0
27070.39143628431, 101, -1.0
27073.33898532992, 35, -1.0
27073.76220812289, 101, -1.0
27076.492393071836, 35, -1.0
27076.943593854598, 35, -1.0
27078.57257616588, 148, -1.0
27079.173159175723, 35, -1.0
27089.744410491825, 35, -1.0
27117.559744632086, 148, -1.0
27118.795833017462, 75, 1.0
27138.979592623546, 44, -1.0
27141.444265246228, 103, 1.0
27142.96278303305, 148, -1.0
27143.995645871593, 148, -1.0
27147.355171744024, 75, 1.0
27147.695594390094, 103, 1.0
27148.485016284918, 103, 1.0
27157.457911130383, 44, -1.0
27157.90670235986, 75, 1.0
27159.433760240652, 35, -1.0
27163.290098849782, 103, 1.0
27167.678816367043, 103, -1.0
27168.12288264069, 75, 1.0
27169.291056269285, 35, -1.0
27171.703145541545, 75, -1.0
27175.306698157736, 101, 1.0
27178.012497326665, 101, -1.0
27181.24853647957, 44, -1.0
27189.487882739006, 154, 1.0
27191.7117577606, 103, 1.0
27197.684359602736, 152, 1.0
27199.03567517558, 152, -1.0
27204.17763346855, 154, 1.0
27208.69043998373, 101, -1.0
27211.623187373305, 75, 1.0
27213.41428739888, 75, 1.0
27213.901573462692, 75, -1.0
27216.15150041931, 152, -1.0
27231.873428531933, 35, -1.0
27232.56000961248, 75, -1.0
27232.864367359034, 152, -1.0
27237.671289914997, 152, -1.0
27243.669287368524, 75, -1.0
27245.989516491343, 75, 1.0
27250.824866858908, 75, -1.0
27270.562934378515, 152, -1.0
27271.43253965725, 35, -1.0
27274.36383825596, 101, -1.0
27275.592165848713, 148, -1.0
27278.615150715614, 35, -1.0
27281.71670611761, 75, 1.0
27281.774118082052, 101, 1.0
27288.65562642322, 148, -1.0
27288.71333614199, 103, 1.0
27291.414048267372, 103, 1.0
27293.245311643725, 154, 1.0
27297.23823532115, 75, 1.0
27305.758078778086, 75, 1.0
27306.619406816295, 152, -1.0
27312.3629890348, 152, -1.0
27328.300676474475, 44, -1.0
27338.881903070363, 75, -1.0
27346.153495896244, 152, -1.0
27351.742292736, 101, 1.0
27380.311666889935, 148, -1.0
27386.91807803254, 101, -1.0
27392.59993799865, 44, -1.0
27396.43223970469, 103, 1.0
27396.735631142426, 148, -1.0
27399.34924478973, 44, -1.0
27401.474535872385, 101, -1.0
27402.692651835045, 154, 1.0
27416.804197768393, 35, -1.0
27418.04103807329, 101, -1.0
27424.446638825502, 35, -1.0
27428.918663659162, 35, -1.0
27430.70049866183, 154, -1.0
27434.313459067667, 148, -1.0
27439.127828502744, 154, -1.0
27444.06198031186, 35, -1.0
27451.24684076694, 75, 1.0
27455.315028492743, 101, -1.0
27466.861941334337, 148, 1.0
27468.79372102307, 101, 1.0
27472.088898346858, 35, -1.0
27474.902195269995, 154, -1.0
27476.39971109282, 148, -1.0
27486.35466040322, 103, 1.0
27488.862368511902, 101, 1.0
27498.04589892097, 35, -1.0
27498.118522526118, 152, 1.0
27498.653677643055, 148, -1.0
27498.947584674548, 154, 1.0
27502.711362204394, 103, 1.0
27505.691357580134, 154, 1.0
27508.800665219496, 75, -1.0
27518.344147178595, 75, 1.0
27520.610981531066, 101, -1.0
27527.83422701026, 35, -1.0
27529.308353433098, 75, 1.0
27536.919343712772, 35, -1.0
27537.344312610585, 101, 1.0
27537.65341474572, 101, -1.0
27543.062091508757, 35, -1.0
27549.543666501744, 152, -1.0
27553.303571872242, 35, -1.0
27564.98358602857, 35, -1.0
27565.458297575922, 152, -1.0
27567.82869603772, 35, -1.0
27568.64759406852, 152, 1.0
27572.470097030055, 75, -1.0
27573.122739021936, 152, -1.0
27579.32742726905, 35, -1.0
27584.452747255356, 152, -1.0
27587.723569536345, 35, -1.0
27588.9795868942, 101, 1.0
27595.496708115545, 152, -1.0
27597.912366388297, 35, -1.0
27602.383980920862, 44, -1.0
27603.191840010153, 101, 1.0
27604.894526245487, 152, -1.0
27607.274920860593, 35, -1.0
27612.935783131852, 103, 1.0
27614.59066997063, 101, 1.0
27615.51374010987, 75, -1.0
27615.701427541575, 148, -1.0
27617.458184568488, 75, 1.0
27620.41078301221, 148, -1.0
27626.26487202236, 75, 1.0
27627.59607837226, 35, -1.0
27632.577112238298, 75, 1.0
27633.940414207096, 35, -1.0
27634.402826341087, 148, -1.0
27646.091804031355, 75, -1.0
27663.215133431324, 44, -1.0
27670.702931540916, 103, 1.0
27681.389634926287, 75, 1.0
27684.824255200423, 103, 1.0
27702.235106477212, 152, 1.0
27713.526745371004, 103, -1.0
27723.181700432844, 35, -1.0
27733.140180468898, 35, 1.0
27734.35739424506, 35, -1.0
27751.536485914025, 154, 1.0
27756.5861346521, 103, 1.0
27759.973594951254, 148, -1.0
27760.63875173285, 44, 1.0
27765.855764823544, 103, 1.0
27770.46620819096, 148, -1.0
27772.702153501497, 101, 1.0
27780.05524383615, 103, 1.0
27781.212809439203, 35, -1.0
27781.361967060137, 35, -1.0
27787.07000789262, 75, 1.0
27788.25797531547, 75, -1.0
27789.783834378824, 101, 1.0
27791.400976959805, 101, -1.0
27797.043086012673, 101, 1.0
27801.32952315965, 148, -1.0
27801.920547712733, 44, 1.0
27807.552958083397, 148, -1.0
27808.697002951074, 101, 1.0
27809.105002757708, 35, -1.0
27809.195769750422, 152, -1.0
27815.783934351424, 148, 1.0
27823.503334765897, 75, 1.0
27825.502240239803, 35, -1.0
27830.880298227097, 75, 1.0
27835.022025840557, 44, 1.0
27845.435192431814, 101, 1.0
27847.84500176915, 35, -1.0
27850.912509020287, 103, -1.0
27852.249211588125, 35, -1.0
27853.93190762393, 103, 1.0
27853.968459707074, 75, 1.0
27858.008359764008, 154, 1.0
27868.22087063318, 35, -1.0
27881.85195478059, 35, -1.0
27892.22566091788, 75, -1.0
27901.40881616343, 101, 1.0
27905.073905385023, 101, 1.0
27915.740512078555, 75, 1.0
27917.128454986756, 35, -1.0
27921.939607020726, 101, -1.0
27924.96469095226, 101, 1.0
27929.603890936767, 152, -1.0
27931.039247974702, 154, 1.0
27931.387439577582, 103, 1.0
27931.84389907372, 148, -1.0
27936.47052448846, 75, 1.0
27950.679597853235, 75, 1.0
27956.992699248844, 35, -1.0
27962.400327653027, 101, 1.0
27966.91859023316, 75, 1.0
27976.186042202768, 103, 1.0
27990.799967929237, 101, 1.0
28001.77119948686, 75, 1.0
28003.29588997413, 152, 1.0
28012.335996502636, 101, -1.0
28021.386948506646, 103, 1.0
28023.20404775894, 154, 1.0
28027.108478431066, 35, -1.0
28050.0666073845, 148, -1.0
28058.514888147107, 101, 1.0
28060.114938106482, 44, -1.0
28066.01818872974, 152, 1.0
28067.658498755827, 154, 1.0
28071.85145126516, 35, -1.0
28075.332266377525, 103, -1.0
28076.838756421108, 103, 1.0
28080.94847847484, 152, -1.0
28088.614793601304, 154, 1.0
28090.418186407358, 103, 1.0
28103.47339209138, 35, -1.0
28105.199993390957, 35, -1.0
28115.551948912398, 101, 1.0
28120.165968571695, 75, -1.0
28121.836298682567, 154, 1.0
28126.11361010097, 101, -1.0
28130.958643957492, 101, 1.0
28136.82124625666, 75, 1.0
28137.889714503857, 148, -1.0
28141.10815839179, 152, 1.0
28141.73648272606, 35, -1.0
28143.7770761193, 101, 1.0
28154.223731967973, 103, 1.0
28159.248334262382, 103, 1.0
28166.95946657049, 75, 1.0
28172.132559899117, 75, 1.0
28175.057741189234, 75, 1.0
28182.868508083047, 101, 1.0
28188.35933289313, 35, -1.0
28190.962728342776, 75, 1.0
28203.13556428835, 152, -1.0
28204.178690508354, 75, 1.0
28208.307564446965, 103, -1.0
28212.371427904665, 154, 1.0
28221.246301267416, 103, 1.0
28221.25258812187, 103, -1.0
28234.668751361743, 152, 1.0
28235.087817834785, 44, -1.0
28240.464841019788, 103, 1.0
28246.75891594346, 101, -1.0
28252.941940234574, 35, -1.0
28253.018825094263, 35, -1.0
28253.953143256327, 75, 1.0
28269.99143296989, 148, -1.0
28275.728088554908, 148, -1.0
28282.677009161536, 148, -1.0
28283.57263660625, 148, -1.0
28284.47384983867, 154, -1.0
28288.77087912394, 75, 1.0
28312.497941411646, 35, -1.0
28321.212799588717, 75, 1.0
28323.27373692878, 148, -1.0
28326.418092607044, 154, 1.0
28326.809003522674, 75, 1.0
28337.556090960734, 148, -1.0
28341.142654575993, 148, -1.0
28346.07881301469, 103, 1.0
28349.092659153717, 101, -1.0
28352.23751535267, 101, -1.0
28356.657130903262, 75, 1.0
28356.729063941606, 35, -1.0
28359.499033244814, 154, -1.0
28366.976666643663, 101, 1.0
28367.141069300993, 154, 1.0
28379.39520766893, 103, 1.0
28385.762533963785, 44, -1.0
28394.94837511325, 101, 1.0
28403.25151452222, 101, -1.0
28409.73759001821, 75, 1.0
28413.954047702526, 35, -1.0
28422.290032402016, 75, 1.0
28428.16093658931, 101, 1.0
28433.62408692325, 101, -1.0
28440.11717652055, 75, 1.0
28444.927304114954, 154, 1.0
28447.124274711005, 103, 1.0
28451.916860581034, 35, -1.0
28455.565029520472, 101, -1.0
28467.902098603474, 154, 1.0
28469.558487935865, 148, -1.0
28470.704996444387, 152, -1.0
28474.405881146908, 154, -1.0
28478.138630338464, 103, -1.0
28483.05159902705, 101, -1.0
28505.99802137536, 148, -1.0
28508.066754390144, 154, 1.0
28511.005581554055, 101, -1.0
28512.503682774037, 101, -1.0
28513.2474231395, 148, -1.0
28513.609502367974, 101, -1.0
28525.966604000936, 44, -1.0
28532.91604098912, 148, -1.0
28533.458278470393, 44, -1.0
28535.535494964282, 103, 1.0
28536.073654498625, 35, -1.0
28537.036511527265, 103, 1.0
28543.57026328964, 152, -1.0
28544.52371469805, 35, -1.0
28546.743385630332, 154, 1.0
28557.68135827072, 103, 1.0
28558.70522452599, 148, -1.0
28565.00632464578, 35, -1.0
28567.110342566997, 152, 1.0
28569.506981746683, 103, 1.0
28580.09967419436, 152, -1.0
28587.004471327375, 103, 1.0
28587.105564636888, 35, -1.0
28588.333306766934, 35, -1.0
28589.535877575014, 101, 1.0
28590.883736403033, 152, -1.0
28592.46306471746, 103, -1.0
28596.583736798966, 148, -1.0
28599.056062016214, 154, -1.0
28605.87721776598, 152, -1.0
28612.26665568474, 35, -1.0
28619.152336934683, 101, 1.0
28626.888738175974, 101, -1.0
28632.47982983234, 35, -1.0
28639.092071478397, 152, 1.0
28643.50777026702, 152, -1.0
28643.943935573654, 75, -1.0
28652.065891203758, 154, 1.0
28654.661392651644, 152, -1.0
28661.69947652332, 154, 1.0
28669.316171720893, 101, 1.0
28669.473624148697, 152, 1.0
28669.951496337086, 154, 1.0
28670.511046497573, 152, -1.0
28671.957928289998, 154, 1.0
28673.205209485313, 101, 1.0
28675.458219206354, 148, -1.0
28677.171557803784, 154, -1.0
28690.38453340594, 152, -1.0
28702.238765540307, 75, -1.0
28708.903918410506, 35, -1.0
28716.653489214383, 101, 1.0
28717.02773174415, 152, 1.0
28720.992676112357, 103, 1.0
28721.932242566887, 75, -1.0
28723.295301766568, 101, 1.0
28727.88004452794, 154, -1.0
28728.89585238754, 103, -1.0
28731.7576443801, 75, -1.0
28734.594030995053, 148, -1.0
28737.311178205146, 75, -1.0
28743.334837964365, 35, -1.0
28757.635611484984, 154, -1.0
28773.18273238321, 35, -1.0
28777.20588200886, 101, 1.0
28778.410044503962, 75, -1.0
28788.380938301114, 101, -1.0
28788.821624756223, 103, 1.0
28790.94456978763, 35, -1.0
28799.313761734564, 35, -1.0
28804.375044548244, 148, -1.0
28805.743707306723, 152, 1.0
28805.74619993144, 101, 1.0
28806.081889456324, 154, 1.0
28809.772765730864, 35, -1.0
28815.341318710252, 101, 1.0
28815.59227028864, 101, 1.0
28820.63939350167, 154, 1.0
28824.055499519098, 152, 1.0
28832.33293546566, 75, 1.0
28837.017569283293, 35, 1.0
28840.6657478572, 148, -1.0
28852.57394475921, 103, -1.0
28853.341015562546, 35, -1.0
28869.5923353072, 75, 1.0
28870.261106626993, 103, 1.0
28875.51405489047, 35, -1.0
28883.3844888306, 148, -1.0
28886.10806528941, 35, -1.0
28897.406060439047, 75, 1.0
28901.14520861545, 75, -1.0
28904.209258112824, 152, 1.0
28914.18632797954, 101, 1.0
28928.019327790626, 103, 1.0
28928.963248446817, 75, 1.0
28929.874372170925, 152, -1.0
28946.00158751887, 44, -1.0
28955.455244943114, 152, 1.0
28955.54755534025, 154, 1.0
28956.280551249678, 154, 1.0
28958.26468434126, 103, -1.0
28967.6315125097, 154, 1.0
28973.18912967572, 103, 1.0
28978.271885167902, 101, 1.0
28988.523172816094, 148, -1.0
28992.78246869426, 154, 1.0
28994.944625218403, 101, -1.0
29000.819327133664, 152, -1.0
29001.70738283, 103, 1.0
29010.19098183912, 75, -1.0
29026.427810306934, 101, 1.0
29027.912759519168, 75, 1.0
29036.708014430667, 154, 1.0
29040.616123882395, 148, -1.0
29041.386008036698, 103, 1.0
29047.95133546274, 75, -1.0
29051.571586475657, 44, -1.0
29052.67754996642, 103, -1.0
29053.619722221443, 152, -1.0
29068.66853168809, 101, 1.0
29069.297069240503, 35, -1.0
29071.356647874818, 154, 1.0
29072.429018178504, 44, -1.0
29086.222112279986, 103, 1.0
29087.045160454785, 103, 1.0
29088.082203074708, 103, 1.0
29095.1884834531, 35, 1.0
29097.58197652201, 154, 1.0
29098.852795955612, 154, 1.0
29109.36638797023, 75, 1.0
29111.501523845014, 148, -1.0
29111.891916645283, 75, 1.0
29114.794172093974, 103, 1.0
29124.339743016233, 75, 1.0
29126.181344390658, 101, -1.0
29128.912870463304, 35, 1.0
29138.36119068301, 152, 1.0
29143.820515860178, 101, 1.0
29153.472812048483, 103, 1.0
29157.75471068814, 35, 1.0
29175.13288045337, 44, 1.0
29175.946839449145, 75, -1.0
29184.03767383359, 35, -1.0
29184.97252109216, 75, -1.0
29186.515268697505, 148, -1.0
29192.941493145605, 148, -1.0
29195.066229772623, 35, 1.0
29200.047724308242, 75, 1.0
29203.091496410514, 103, 1.0
29217.1858383605, 148, -1.0
29221.35316877121, 35, 1.0
29221.871618656314, 101, 1.0
29223.14473028416, 35, -1.0
29223.23753934724, 154, 1.0
29225.039655731107, 101, 1.0
29230.398831053677, 148, -1.0
29237.11759934509, 101, -1.0
29241.568247718777, 44, -1.0
29242.770584607577, 148, -1.0
29247.193650042384, 103, 1.0
29249.295104046872, 35, -1.0
29249.768748399776, 152, -1.0
29251.28757779488, 148, -1.0
29252.47002787809, 152, -1.0
29276.056907219543, 154, 1.0
29280.225603437044, 152, -1.0
29280.977427443475, 148, -1.0
29287.669813341647, 44, -1.0
29293.01792578667, 148, -1.0
29296.224843098207, 154, -1.0
29307.63158281021, 148, -1.0
29314.51667612677, 154, 1.0
29320.043145956075, 148, -1.0
29320.221224692512, 75, 1.0
29326.888883043317, 75, 1.0
29332.949196172278, 75, 1.0
29339.199748324434, 154, -1.0
29340.70828454844, 154, -1.0
29343.77241375172, 75, 1.0
29345.698248743545, 75, -1.0
29346.26637639513, 35, 1.0
29351.842428596457, 35, 1.0
29351.938321991365, 75, -1.0
29357.813384685625, 154, -1.0
29358.23234327925, 152, 1.0
29359.564748454453, 35, 1.0
29366.385193300648, 75, -1.0
29368.3558899988, 103, -1.0
29370.030124733108, 75, -1.0
29372.687592634313, 103, 1.0
29373.10101888613, 152, -1.0
29385.510201664627, 154, 1.0
29387.504915423313, 148, 1.0
29389.322477290152, 44, 1.0
29389.908014084704, 75, -1.0
29412.29788566437, 75, 1.0
29417.941258431616, 154, 1.0
29425.17844561801, 103, 1.0
29426.304328288817, 35, 1.0
29434.085996290494, 75, -1.0
29436.952868446013, 101, -1.0
29437.526413650892, 75, 1.0
29437.896467670183, 35, 1.0
29462.706885495296, 103, 1.0
29467.935442144582, 35, 1.0
29486.538422783393, 152, 1.0
29492.589437317725, 35, 1.0
29496.023755583177, 35, -1.0
29504.066030169768, 101, 1.0
29504.943212883918, 75, 1.0
29505.72745332088, 103, 1.0
29525.10308426971, 101, 1.0
29527.04632585658, 35, -1.0
29531.570371492657, 103, -1.0
29534.229068404267, 154, -1.0
29539.812903620805, 152, 1.0
29540.78850144965, 154, 1.0
29546.366849421767, 35, 1.0
29556.19592229411, 101, -1.0
29564.6566821611, 101, -1.0
29569.34169530893, 148, -1.0
29570.040806534776, 75, 1.0
29573.301029303835, 103, 1.0
29575.49076065151, 148, -1.0
29579.84426592732, 152, -1.0
29581.5421199371, 103, 1.0
29587.683410614172, 148, -1.0
29591.91021825417, 152, 1.0
29600.002408425175, 101, 1.0
29604.47183057572, 148, -1.0
29611.540934645192, 103, 1.0
29612.35363777235, 35, -1.0
29612.60807811593, 148, -1.0
29616.28208276052, 103, -1.0
29619.527304369778, 75, 1.0
29622.778578348327, 35, -1.0
29624.85070015223, 101, 1.0
29630.434299827437, 101, 1.0
29632.491336522562, 35, -1.0
29642.018240518955, 148, -1.0
29650.16979614167, 103, 1.0
29651.68964246503, 148, 1.0
29652.464457372836, 101, 1.0
29653.60779087885, 154, -1.0
29654.50513384656, 103, 1.0
29677.274483397254, 103, -1.0
29679.850059222023, 152, 1.0
29679.99572358535, 35, 1.0
29683.205086914153, 152, -1.0
29692.958973525107, 101, -1.0
29698.460277830633, 148, -1.0
29700.03359456193, 44, 1.0
29701.76656129039, 44, 1.0
29705.485917526865, 152, -1.0
29711.909881110045, 35, -1.0
29723.42112172049, 101, 1.0
29724.454857971483, 75, 1.0
29728.57687371119, 103, 1.0
29732.216575989143, 75, -1.0
29732.786041658575, 154, 1.0
29735.307747299204, 103, 1.0
29745.053265214054, 152, 1.0
29768.587707468796, 148, -1.0
29773.877810146256, 103, 1.0
29782.740052781897, 75, 1.0
29785.770217578854, 35, 1.0
29796.077865400075, 44, 1.0
29798.965956749016, 148, -1.0
29800.609977256463, 101, 1.0
29801.876668982637, 35, 1.0
29803.30543421617, 101, 1.0
29806.926823372523, 103, 1.0
29810.742239372925, 44, -1.0
29817.381520293315, 148, 1.0
29819.8768713209, 148, -1.0
29822.982972940004, 103, 1.0
29826.612110025584, 154, 1.0
29830.77962955794, 75, 1.0
29836.871172704377, 44, -1.0
29839.798896174678, 75, -1.0
29844.647430966746, 101, 1.0
29849.58482567878, 35, 1.0
29865.59647074366, 35, -1.0
29867.79489173633, 103, 1.0
29869.075431407186, 148, -1.0
29873.159584530094, 148, -1.0
29881.721653700595, 148, -1.0
29882.772657499914, 148, -1.0
29897.189305838016, 75, -1.0
29906.326059681393, 35, -1.0
29912.11705769484, 35, 1.0
29916.44713173345, 152, -1.0
29923.129786214005, 75, 1.0
29929.22955841723, 101, -1.0
29932.826881174202, 148, -1.0
29935.26145235458, 148, -1.0
29936.741862091436, 103, -1.0
29938.184792928863, 152, 1.0
29940.631518291826, 75, -1.0
29944.47749078042, 35, -1.0
29951.490518497347, 152, 1.0
29953.98811538575, 75, 1.0
29956.79473835789, 103, 1.0
29969.478165557928, 103, 1.0
29972.967465619196, 101, 1.0
29979.54322467359, 101, 1.0
29980.284498607427, 44, 1.0
29982.4631159828, 148, -1.0
29985.348323705042, 101, -1.0
29999.90083820064, 152, -1.0
30022.379811012983, 35, 1.0
30022.703582764527, 35, 1.0
30022.70970595893, 75, 1.0
30032.665586343373, 154, 1.0
30033.928787857174, 44, 1.0
30035.64729749264, 148, -1.0
30037.450815613684, 75, -1.0
30039.48700539477, 101, 1.0
30039.69269950011, 103, 1.0
30047.822990411954, 101, 1.0
30049.75008605805, 152, -1.0
30073.43229587171, 75, 1.0
30077.056149209555, 75, 1.0
30078.293859804402, 75, 1.0
30078.58862093745, 103, -1.0
30079.07234654393, 103, 1.0
30083.986544287305, 35, 1.0
30085.767745979225, 35, -1.0
30094.657275804733, 103, 1.0
30114.864802928667, 75, -1.0
30120.020628523904, 35, 1.0
30121.813479542496, 101, 1.0
30126.20323843023, 101, -1.0
30128.734241802817, 103, -1.0
30133.628002881193, 103, 1.0
30133.920599676007, 101, 1.0
30135.305701081466, 35, 1.0
30135.32494879209, 75, 1.0
30139.966491576586, 75, 1.0
30140.84893988019, 154, -1.0
30154.635914711576, 35, -1.0
30158.123838702635, 103, 1.0
30162.374052298546, 101, 1.0
30176.9810577379, 75, -1.0
30177.86208910274, 152, -1.0
30178.615985620378, 75, -1.0
30180.803795814823, 101, 1.0
30183.91582319888, 148, 1.0
30188.204109535316, 148, -1.0
30201.426523693455, 101, 1.0
30203.900151065205, 148, -1.0
30204.9910260522, 148, -1.0
30206.760805085934, 75, -1.0
30208.60203461123, 148, -1.0
30209.244893788127, 152, -1.0
30212.06554369906, 148, -1.0
30238.250996330902, 152, -1.0
30238.601671978424, 35, 1.0
30243.929805220643, 154, 1.0
30245.55151216712, 152, -1.0
30247.209024934644, 35, 1.0
30247.856455575158, 101, 1.0
30249.770751938904, 35, -1.0
30250.572000249867, 154, -1.0
30252.964057269044, 75, 1.0
30261.991703845637, 148, -1.0
30271.81805256044, 75, 1.0
30271.98705665718, 75, -1.0
30280.33969741766, 148, -1.0
30281.346347247385, 75, 1.0
30288.070396541603, 148, -1.0
30296.85394528228, 103, 1.0
30302.052565870803, 152, 1.0
30313.705836627567, 148, -1.0
30314.841580353885, 44, -1.0
30326.74720990686, 148, -1.0
30329.403557443195, 152, -1.0
30330.415205058216, 103, 1.0
30331.55929257459, 35, -1.0
30335.32989008269, 35, -1.0
30337.034152640863, 75, -1.0
30342.686779725267, 154, 1.0
30344.457441990624, 152, -1.0
30351.890194278727, 103, -1.0
30360.065129713887, 103, -1.0
30369.40226081296, 75, 1.0
30371.345766122868, 103, 1.0
30380.923380908705, 148, -1.0
30382.22555214139, 35, -1.0
30384.575666517547, 152, 1.0
30387.276002651193, 103, 1.0
30388.487372273026, 75, 1.0
30390.362319279153, 101, 1.0
30392.172497212436, 35, -1.0
30404.975830002586, 35, -1.0
30405.038663747127, 148, 1.0
30407.153237635226, 75, 1.0
30407.443745144064, 101, 1.0
30411.60001939176, 35, 1.0
30414.031873816006, 35, -1.0
30416.933225526856, 101, 1.0
30419.197427014624, 154, 1.0
30425.4129445875, 101, 1.0
30430.735339652158, 101, -1.0
30440.3974351688, 75, 1.0
30441.94963972422, 75, 1.0
30442.98045522127, 35, 1.0
30450.896577852996, 75, 1.0
30454.152264181997, 148, -1.0
30456.374870119806, 101, -1.0
30460.68300223211, 35, -1.0
30474.294475995805, 148, -1.0
30478.366326429677, 103, 1.0
30502.053317567883, 148, -1.0
30503.40075343773, 35, 1.0
30504.72494844116, 103, 1.0
30509.665731217992, 103, 1.0
30513.12282198188, 148, -1.0
30516.936830777675, 101, -1.0
30520.43004838674, 148, -1.0
30520.662837001608, 101, 1.0
30525.43047874172, 103, -1.0
30527.38701581301, 75, 1.0
30528.591766191763, 75, 1.0
30532.21615889592, 148, -1.0
30532.76259720207, 75, 1.0
30538.553821606587, 148, -1.0
30540.22249101184, 154, 1.0
30542.4200445252, 75, 1.0
30545.033242943664, 154, 1.0
30545.787516522403, 75, 1.0
30548.4426854307, 75, -1.0
30548.96256373217, 35, 1.0
30552.14924084706, 75, 1.0
30563.67829130626, 35, 1.0
30565.44853419472, 154, -1.0
30566.51692327587, 148, -1.0
30568.861433867867, 101, -1.0
30572.43252418425, 152, -1.0
30573.3729481733, 35, 1.0
30573.584729470313, 103, 1.0
30584.679183821907, 101, 1.0
30584.86933736542, 35, 1.0
30585.054269305198, 103, 1.0
30585.850301880942, 35, -1.0
30588.588476103232, 103, 1.0
30594.4751243332, 103, 1.0
30600.986596886563, 75, 1.0
30602.002130743153, 152, -1.0
30615.95067993765, 154, 1.0
30632.921832124775, 103, 1.0
30636.293392162854, 101, 1.0
30637.33258702834, 35, -1.0
30640.836095740844, 148, -1.0
30640.913159062082, 101, 1.0
30647.477955443508, 103, 1.0
30648.68079413248, 152, 1.0
30651.357425203554, 103, 1.0
30651.68934573701, 35, 1.0
30664.361944238226, 35, -1.0
30674.02296249928, 101, 1.0
30676.353080467623, 35, -1.0
30677.734438482268, 101, -1.0
30678.34925904974, 75, 1.0
30684.475044547213, 35, -1.0
30685.336153027158, 101, -1.0
30702.22692586939, 148, -1.0
30703.397133482005, 75, 1.0
30708.569958541328, 44, -1.0
30748.379894009282, 44, 1.0
30755.066153997363, 75, 1.0
30780.055404531824, 154, 1.0
30785.315682913526, 75, 1.0
30798.6863695016, 101, 1.0
30800.49655347591, 35, 1.0
30802.130133131403, 101, 1.0
30822.376887796152, 152, 1.0
30824.617133117794, 35, 1.0
30824.789468135725, 154, 1.0
30834.401919240678, 101, -1.0
30851.864580012996, 101, 1.0
30857.906743407926, 75, 1.0
30858.425200806752, 103, -1.0
30869.119995621797, 148, -1.0
30872.13245226132, 75, -1.0
30877.391915781744, 148, 1.0
30884.57749186346, 101, -1.0
30884.595829892718, 101, 1.0
30889.538154006626, 148, -1.0
30903.858515346394, 152, -1.0
30905.55403710088, 35, 1.0
30906.977267114136, 75, 1.0
30912.265099750235, 35, 1.0
30913.602500033117, 148, 1.0
30917.66454652368, 75, 1.0
30921.11713922064, 103, -1.0
30928.29675845899, 101, -1.0
30932.284178922022, 101, 1.0
30934.497813747967, 103, -1.0
30936.454701434566, 75, 1.0
30936.57339185477, 103, -1.0
30939.80068446089, 148, -1.0
30945.52627600209, 75, -1.0
30956.173356831638, 154, 1.0
30965.73192175359, 148, -1.0
30966.74147337749, 75, -1.0
30984.90628540281, 75, 1.0
30992.597766250456, 152, -1.0
30995.00148990944, 44, -1.0
30996.197795312553, 152, 1.0
30999.335621795974, 35, 1.0
31008.13496404299, 148, -1.0
31011.401374106685, 154, 1.0
31015.15935031461, 75, 1.0
31017.60982510776, 103, -1.0
31025.930557460375, 148, -1.0
31040.278265128174, 35, -1.0
31041.514498438937, 75, 1.0
31046.92503753906, 154, 1.0
31047.409919654252, 35, 1.0
31051.90984607989, 148, -1.0
31052.092681178805, 103, 1.0
31054.220961330706, 152, -1.0
31056.153497250434, 103, 1.0
31071.964099716282, 152, 1.0
31073.844126967364, 148, -1.0
31075.857672832335, 152, -1.0
31078.7153074956, 44, 1.0
31079.72060740189, 103, -1.0
31085.401399751052, 152, -1.0
31088.92747894332, 75, 1.0
31089.295631724366, 35, 1.0
31089.75140165536, 75, 1.0
31090.846706366974, 103, 1.0
31110.281834512552, 152, 1.0
31112.097448688506, 103, 1.0
31123.95424275251, 35, -1.0
31124.405984689696, 103, 1.0
31128.57499352281, 103, 1.0
31148.281709724764, 75, -1.0
31149.364806706468, 103, 1.0
31151.14063869087, 148, -1.0
31166.73630140577, 152, 1.0
31166.76320272512, 35, 1.0
31167.401046245075, 101, 1.0
31168.0973459364, 75, 1.0
31172.05942620734, 152, -1.0
31176.749237439923, 103, 1.0
31181.2309027118, 152, -1.0
31191.45369842014, 35, -1.0
31191.926620849754, 75, 1.0
31192.64779182566, 152, -1.0
31197.02907513771, 152, -1.0
31216.668508419778, 103, 1.0
31216.78639342964, 35, 1.0
31217.06604277466, 152, -1.0
31224.479878361308, 75, -1.0
31226.30656016849, 35, -1.0
31231.408026813828, 75, 1.0
31231.626449657502, 75, 1.0
31236.011293795378, 101, -1.0
31237.689689691124, 75, 1.0
31246.66676101753, 35, -1.0
31253.829684490516, 152, -1.0
31259.978194186475, 148, -1.0
31263.567007882044, 35, 1.0
31272.838326504338, 103, 1.0
31280.891272579323, 35, 1.0
31282.819388877375, 101, 1.0
31306.37787535425, 75, -1.0
31309.16123833848, 148, -1.0
31310.50517883213, 152, -1.0
31310.686035448045, 154, 1.0
31310.70749738651, 75, 1.0
31344.388545422185, 101, 1.0
31351.16965358708, 101, 1.0
31354.03827574821, 75, -1.0
31355.12428117222, 44, 1.0
31355.14310611096, 35, -1.0
31359.286974551847, 101, 1.0
31363.444855686626, 75, -1.0
31369.813616368887, 75, 1.0
31370.11933389368, 35, -1.0
31372.85679729221, 152, -1.0
31373.8070791278, 154, 1.0
31378.65170559667, 103, 1.0
31394.180269609074, 148, -1.0
31400.349473285856, 103, -1.0
31418.65388321609, 75, 1.0
31419.009516637787, 103, 1.0
31421.99971539913, 103, 1.0
31425.02796276861, 35, 1.0
31427.349517169, 75, 1.0
31428.603079709086, 35, -1.0
31440.663163618643, 101, -1.0
31443.477280981468, 148, -1.0
31465.419378623898, 148, -1.0
31470.320209640966, 35, -1.0
31474.780620173475, 154, -1.0
31475.03162798125, 101, 1.0
31490.86933927997, 44, -1.0
31491.612858055712, 75, 1.0
31494.27087400942, 103, 1.0
31496.11210693924, 148, -1.0
31496.456582671457, 103, 1.0
31496.765171790103, 152, -1.0
31499.08851025726, 75, 1.0
31503.332908551776, 35, 1.0
31507.446754801294, 148, -1.0
31513.78708560414, 35, 1.0
31515.744540911208, 35, -1.0
31515.983386304906, 101, 1.0
31516.628446384995, 75, 1.0
31525.80943106886, 154, 1.0
31530.291542954787, 103, 1.0
31539.51604726896, 103, 1.0
31539.800103297923, 101, 1.0
31550.414951330247, 35, -1.0
31559.65186336216, 35, 1.0
31559.68510582625, 101, -1.0
31560.030880715625, 101, -1.0
31561.57325561484, 154, -1.0
31569.233991695306, 75, 1.0
31569.97269728709, 148, -1.0
31573.30557684219, 103, 1.0
31582.54935652391, 103, 1.0
31585.503459771327, 103, 1.0
31600.05699032459, 152, -1.0
31611.85681864958, 152, 1.0
31614.284344277054, 154, 1.0
31624.37649763416, 148, -1.0
31626.03881972286, 154, -1.0
31635.290119896323, 152, 1.0
31639.95185776308, 103, -1.0
31642.305478512637, 35, -1.0
31651.268613297474, 75, 1.0
31651.804331626092, 101, 1.0
31660.28301837683, 148, -1.0
31663.447645303277, 103, 1.0
31663.746577246016, 154, 1.0
31668.470931795982, 103, 1.0
31672.85379115736, 154, 1.0
31708.853405508013, 75, 1.0
31716.073463014982, 148, -1.0
31717.76682485173, 75, -1.0
31721.615674449047, 75, 1.0
31725.211085698116, 152, -1.0
31727.611712198126, 35, 1.0
31730.449449578693, 148, -1.0
31738.199200915533, 101, 1.0
31743.752599724226, 35, -1.0
31746.386242852353, 35, 1.0
31746.75311176863, 35, -1.0
31746.978182371175, 44, 1.0
31756.65705681323, 103, -1.0
31757.304670987032, 152, 1.0
31758.773587330183, 103, 1.0
31760.065046036358, 154, 1.0
31769.492089850108, 103, -1.0
31770.45363701942, 148, -1.0
31773.969035139642, 101, 1.0
31780.54980812838, 75, 1.0
31781.271484642646, 35, -1.0
31793.181549693287, 101, 1.0
31804.793130572467, 148, -1.0
31807.24716021951, 75, -1.0
31811.120435398356, 103, -1.0
31814.948890887557, 101, 1.0
31819.33732855676, 75, -1.0
31820.485422092454, 152, 1.0
31822.11344731651, 35, 1.0
31822.776402266387, 35, 1.0
31826.363989325677, 101, 1.0
31827.474879219815, 101, 1.0
31836.440054577066, 35, 1.0
31845.121509165892, 148, -1.0
31845.774923259803, 35, 1.0
31861.255707297347, 75, -1.0
31866.023016800653, 103, 1.0
31876.51601963386, 103, 1.0
31882.134462457507, 148, -1.0
31885.39797221351, 75, 1.0
31886.589065082753, 154, 1.0
31890.67076381397, 35, -1.0
31891.82033412963, 103, 1.0
31901.703786467326, 35, -1.0
31919.92689252212, 75, 1.0
31924.87716874764, 35, -1.0
31925.228209253433, 103, 1.0
31936.03938596826, 148, -1.0
31943.457766381252, 75, -1.0
31957.060777911, 148, -1.0
31957.66444676808, 101, 1.0
31961.666147831867, 35, -1.0
31967.822619313058, 75, 1.0
31997.165947705587, 35, -1.0
31997.360280136196, 35, -1.0
32002.665940063147, 35, -1.0
32008.19561324039, 103, 1.0
32014.688089624597, 35, 1.0
32017.152126871704, 103, 1.0
32025.288645160028, 35, 1.0
32032.8984683522, 148, -1.0
32061.48090630784, 35, 1.0
32061.709278148155, 75, -1.0
32077.317496431133, 103, -1.0
32087.473141095492, 101, 1.0
32092.990401762905, 148, -1.0
32094.210462218995, 103, 1.0
32101.54721361561, 103, 1.0
32103.981174013374, 148, -1.0
32105.06992591419, 101, 1.0
32109.584715792327, 148, -1.0
32109.81997986924, 75, -1.0
32112.158598836668, 152, -1.0
32115.567557183207, 148, -1.0
32116.877428482476, 154, 1.0
32120.220795994377, 154, -1.0
32136.311160355937, 44, 1.0
32138.19095333955, 35, -1.0
32142.961462641437, 35, 1.0
32144.511235714013, 148, -1.0
32152.294688898124, 35, -1.0
32153.871765866475, 148, -1.0
32154.25701507602, 148, -1.0
32163.13368321186, 75, -1.0
32163.392127592208, 148, -1.0
32171.93117359228, 103, 1.0
32175.696117463925, 101, 1.0
32176.951125961503, 75, 1.0
32179.50223327615, 75, 1.0
32180.16306137524, 152, 1.0
32182.50246207332, 35, -1.0
32182.646546151434, 101, -1.0
32183.673415304187, 152, 1.0
32185.458909622652, 75, 1.0
32187.321758639253, 35, 1.0
32188.81760811058, 152, -1.0
32191.90037869106, 75, 1.0
32197.804145151887, 35, 1.0
32201.415042248344, 101, 1.0
32213.780592052048, 101, -1.0
32217.786950821952, 152, 1.0
32219.62926751887, 101, -1.0
32228.50513367596, 103, 1.0
32232.503605274855, 101, -1.0
32233.338000453925, 35, 1.0
32242.031058059943, 103, 1.0
32245.756125305044, 75, 1.0
32249.511567112455, 103, 1.0
32251.10964280055, 103, 1.0
32254.691061965168, 152, 1.0
32263.051360481688, 35, 1.0
32265.655915654304, 35, 1.0
32273.303651676728, 35, 1.0
32274.64478839026, 35, 1.0
32285.027295724147, 154, -1.0
32288.416673451105, 35, 1.0
32290.263993454668, 103, -1.0
32294.378590491888, 101, 1.0
32294.59482525369, 152, -1.0
32298.02247783375, 35, -1.0
32298.037301457618, 154, 1.0
32301.235011519253, 148, -1.0
32312.25209119752, 152, -1.0
32324.59137335374, 103, -1.0
32324.73738216959, 154, 1.0
32326.743420009214, 44, -1.0
32329.853586628495, 35, -1.0
32336.74663992977, 35, -1.0
32342.44235189271, 75, 1.0
32342.759647661136, 75, 1.0
32343.966392707785, 103, 1.0
32346.313378630868, 35, 1.0
32357.871017641803, 152, 1.0
32367.676251582994, 75, 1.0
32367.695535929844, 75, -1.0
32376.617324329905, 35, -1.0
32394.067702209737, 101, 1.0
32396.779784293194, 103, -1.0
32409.229331267226, 35, -1.0
32411.83618159265, 101, 1.0
32413.386871891376, 35, -1.0
32419.52340912992, 75, 1.0
32422.423258943832, 75, -1.0
32425.4618664574, 101, 1.0
32431.90487481671, 35, -1.0
32434.803573835106, 152, 1.0
32435.53309147278, 44, 1.0
32436.84286954576, 44, 1.0
32436.945802374943, 35, -1.0
32452.54246648997, 44, 1.0
32458.13566519561, 35, -1.0
32468.287376142085, 152, 1.0
32474.93887830138, 152, 1.0
32475.15336182314, 148, -1.0
32476.569576174003, 154, 1.0
32478.000594922225, 148, 1.0
32482.600732530977, 35, -1.0
32485.02573813736, 44, -1.0
32486.72064285804, 44, -1.0
32487.074205984172, 44, 1.0
32490.765805264375, 103, 1.0
32493.07057251871, 154, -1.0
32500.20238068993, 75, 1.0
32504.225870341306, 154, -1.0
32509.03774442134, 35, -1.0
32511.71950830178, 148, 1.0
32515.507487052408, 101, 1.0
32519.952123963387, 35, -1.0
32522.17189817723, 35, -1.0
32522.639293064487, 44, -1.0
32532.43164074344, 101, 1.0
32540.411855488874, 103, 1.0
32544.10682039931, 101, -1.0
32544.87286614291, 148, -1.0
32545.174971052038, 152, -1.0
32546.82165509809, 148, -1.0
32548.13872578485, 35, 1.0
32552.27306912463, 101, 1.0
32555.15749425955, 75, -1.0
32555.75528604136, 148, 1.0
32564.518958763423, 152, -1.0
32566.821069394424, 148, -1.0
32577.407513796003, 101, -1.0
32585.64484311137, 152, 1.0
32600.62470184875, 35, -1.0
32609.545650751308, 75, -1.0
32616.47702254088, 101, -1.0
32617.142673579423, 152, -1.0
32621.149110235296, 35, -1.0
32621.450380513437, 35, -1.0
32621.967898132592, 101, 1.0
32632.140333409738, 75, -1.0
32636.865723685045, 101, 1.0
32641.189122640135, 152, -1.0
32653.56174763008, 35, -1.0
32655.946523196766, 75, 1.0
32660.252060819595, 154, 1.0
32672.9145324373, 152, -1.0
32674.916730987847, 101, -1.0
32687.545417999892, 148, -1.0
32695.811936751565, 35, -1.0
32700.437463883485, 75, 1.0
32706.202769491025, 101, -1.0
32706.610168181996, 152, 1.0
32713.489343952708, 148, -1.0
32713.512403665136, 101, -1.0
32717.81503399641, 101, -1.0
32719.44220126796, 154, -1.0
32740.46983951349, 154, 1.0
32747.56122617226, 35, -1.0
32750.13990848022, 101, 1.0
32760.53771285811, 154, 1.0
32763.750618007176, 152, -1.0
32764.258392570056, 35, -1.0
32769.40327720578, 152, 1.0
32771.54320237766, 35, -1.0
32787.17145654996, 75, -1.0
32792.37975901742, 101, -1.0
32797.41968975615, 154, 1.0
32804.623610697105, 35, -1.0
32806.41687525769, 101, 1.0
32817.38192357158, 103, 1.0
32827.76479031981, 152, 1.0
32840.95329413621, 44, -1.0
32844.73315441878, 152, 1.0
32850.36105814763, 148, -1.0
32852.15862410192, 101, 1.0
32854.864442535836, 101, 1.0
32861.39593505351, 152, 1.0
32864.162750858995, 101, 1.0
32868.98879459686, 75, -1.0
32873.719670539955, 152, 1.0
32877.79867589689, 35, -1.0
32890.39543834212, 148, -1.0
32897.7390151312, 148, -1.0
32900.25710410165, 101, -1.0
32900.940627289936, 152, -1.0
32918.895501619394, 103, 1.0
32919.837999915464, 75, -1.0
32933.31522166608, 152, 1.0
32941.35178131419, 35, -1.0
32942.28123703567, 75, 1.0
32944.22323706604, 44, -1.0
32944.82221077343, 35, -1.0
32952.48773835848, 44, -1.0
32952.65503044838, 101, -1.0
32953.32070604062, 44, -1.0
32953.605078581095, 35, 1.0
32957.003013501584, 75, 1.0
32970.82536763868, 103, 1.0
32973.775672491945, 148, -1.0
32975.690966403665, 101, 1.0
32975.81953766623, 35, -1.0
32977.84002711405, 75, 1.0
32984.281717389546, 103, 1.0
32989.96499338344, 35, -1.0
32990.41948475861, 35, -1.0
32998.94998212427, 35, -1.0
32999.2668252981, 75, -1.0
32999.399010501016, 101, 1.0
33012.72762562361, 148, 1.0
33014.23563122169, 152, 1.0
33015.78648128402, 148, -1.0
33017.98578435466, 103, 1.0
33021.94494566178, 154, -1.0
33025.080081857166, 75, 1.0
33025.25455558803, 75, -1.0
33026.67869280413, 103, -1.0
33029.60115918218, 101, 1.0
33035.71671588015, 75, 1.0
33036.59531622564, 75, -1.0
33037.19443788789, 152, 1.0
33040.5925202972, 75, 1.0
33045.061054064325, 101, 1.0
33047.31119317124, 35, -1.0
33049.13585939745, 152, -1.0
33052.098365351965, 101, 1.0
33059.59773670587, 148, -1.0
33060.501558349046, 75, -1.0
33061.40835076293, 101, 1.0
33063.17595897839, 148, 1.0
33063.651847963105, 101, 1.0
33069.53259899582, 152, 1.0
33072.17075178648, 101, -1.0
33083.22772213016, 154, -1.0
33084.9542692533, 101, -1.0
33090.45846725014, 35, -1.0
33090.513005111294, 35, 1.0
33094.623499429494, 35, -1.0
33099.30031308709, 152, 1.0
33099.84686794119, 44, 1.0
33100.201304787974, 35, -1.0
33102.92658560782, 154, 1.0
33104.78544983267, 75, -1.0
33108.16594359311, 75, -1.0
33110.87967042323, 101, -1.0
33113.77552387412, 101, -1.0
33117.64627146934, 101, 1.0
33120.91217705422, 152, -1.0
33133.202643222736, 35, -1.0
33139.599823442884, 101, -1.0
33141.52356111508, 101, -1.0
33150.93183479145, 103, 1.0
33153.82840859673, 75, 1.0
33169.56277352139, 35, 1.0
33172.889370444005, 103, 1.0
33173.2411326172, 101, 1.0
33184.98779455694, 75, -1.0
33185.01773502478, 103, 1.0
33192.90231218518, 44, -1.0
33194.690780523546, 148, -1.0
33194.99729299298, 75, -1.0
33198.311937911196, 75, -1.0
33199.6895392343, 35, 1.0
33200.08895770603, 148, -1.0
33202.536191240666, 35, -1.0
33208.3128986335, 75, 1.0
33209.67685292304, 148, 1.0
33210.29044517752, 101, 1.0
33214.23857494764, 101, -1.0
33219.80370518128, 75, 1.0
33224.798384203736, 75, 1.0
33226.99379757725, 35, 1.0
33243.29626549521, 103, 1.0
33252.21516157432, 35, -1.0
33253.803274926475, 44, -1.0
33260.95752872262, 101, -1.0
33261.38356952738, 75, -1.0
33265.15274025833, 75, -1.0
33269.637562436204, 101, -1.0
33277.70681360592, 75, 1.0
33279.37711400517, 75, 1.0
33279.49364616122, 101, 1.0
33282.069926110424, 148, -1.0
33288.12834597135, 35, -1.0
33290.0439660146, 101, 1.0
33302.49089618496, 103, 1.0
33313.42905565704, 103, 1.0
33315.3797259586, 101, 1.0
33320.577061815, 152, -1.0
33321.61083092436, 152, -1.0
33321.892320412524, 101, -1.0
33337.15123279061, 101, -1.0
33342.27562326375, 103, 1.0
33344.35278345027, 101, -1.0
33346.9352247478, 101, -1.0
33348.31360770157, 101, 1.0
33355.706647966275, 35, -1.0
33358.31664612821, 148, 1.0
33364.40648079545, 101, 1.0
33364.99369157184, 103, 1.0
33366.55824909604, 75, 1.0
33368.22950333785, 75, 1.0
33374.51326879189, 75, 1.0
33390.559021350164, 148, -1.0
33394.66353544836, 44, 1.0
33405.69387385627, 35, -1.0
33407.2126371523, 35, -1.0
33409.53258353097, 35, -1.0
33420.612665235676, 35, -1.0
33427.5183216986, 75, 1.0
33429.53262530221, 148, -1.0
33432.94531345535, 103, -1.0
33436.895514511045, 101, 1.0
33438.89059480246, 75, -1.0
33441.171457247765, 101, 1.0
33444.89234117589, 101, -1.0
33447.989717612894, 154, -1.0
33448.327377976515, 101, 1.0
33451.87430940994, 101, 1.0
33457.0155681829, 101, -1.0
33462.53781176357, 103, 1.0
33464.91829998626, 75, 1.0
33470.48349582427, 75, 1.0
33477.28135660578, 101, 1.0
33478.53896343693, 103, 1.0
33481.91376002689, 103, 1.0
33486.51789327311, 35, -1.0
33488.15969478964, 35, 1.0
33490.74968541757, 35, -1.0
33497.6045562369, 101, 1.0
33501.61404834878, 148, -1.0
33512.7694896275, 154, -1.0
33512.9802833901, 35, 1.0
33513.07584557242, 103, 1.0
33516.140659654324, 35, 1.0
33531.90005862589, 35, 1.0
33538.473472361155, 44, -1.0
33540.91155209107, 35, -1.0
33546.28856607106, 152, 1.0
33551.55044930796, 101, 1.0
33551.660370039324, 35, -1.0
33560.56465471423, 103, 1.0
33568.48518010796, 101, -1.0
33568.79528373697, 154, 1.0
33569.22975938583, 103, 1.0
33573.276590626236, 44, -1.0
33581.794917085084, 44, -1.0
33588.81471694036, 35, 1.0
33589.94029232492, 103, 1.0
33596.663158958036, 44, -1.0
33600.96479669747, 101, -1.0
33602.19611183925, 75, 1.0
33605.516989675554, 75, -1.0
33613.44033890773, 152, 1.0
33616.10838406795, 101, -1.0
33618.36759407109, 101, -1.0
33624.20267769367, 154, -1.0
33635.617983767675, 101, -1.0
33643.70674708793, 101, -1.0
33646.63618089465, 101, 1.0
33651.06643877168, 154, 1.0
33656.704882162885, 154, 1.0
33663.421667561124, 103, 1.0
33668.768077786975, 44, -1.0
33673.04238906844, 101, -1.0
33678.98381350495, 75, 1.0
33679.322286508774, 101, 1.0
33688.24764823059, 152, -1.0
33693.11656587526, 101, -1.0
33698.96560869295, 152, -1.0
33700.747381299414, 75, 1.0
33701.83863022234, 148, -1.0
33706.726033391365, 35, -1.0
33710.400592979044, 75, 1.0
33712.471629312015, 148, -1.0
33713.88276682107, 35, 1.0
33719.81816333823, 75, 1.0
33724.35014330035, 148, -1.0
33727.48400163665, 35, 1.0
33729.70800240569, 75, -1.0
33733.022162344736, 148, -1.0
33736.43654598135, 148, 1.0
33743.924835940365, 154, -1.0
33787.59585734617, 148, -1.0
33793.55872105739, 35, -1.0
33794.08142838902, 103, 1.0
33797.9446398462, 75, -1.0
33799.56242112246, 152, 1.0
33801.19960102798, 75, 1.0
33802.987503132084, 35, 1.0
33807.1338924065, 103, -1.0
33808.58312784138, 35, 1.0
33809.73947537845, 75, 1.0
33811.236894429414, 103, -1.0
33815.07496867609, 35, -1.0
33816.981292225035, 103, -1.0
33818.612529238875, 154, 1.0
33823.05573915679, 103, 1.0
33828.64734527044, 35, -1.0
33828.80321598782, 154, 1.0
33831.26255145958, 44, -1.0
33833.94345423757, 35, -1.0
33843.801412647714, 75, -1.0
33851.63814619498, 35, -1.0
33859.22856922694, 75, 1.0
33860.78995248345, 35, -1.0
33862.83006506106, 35, -1.0
33864.983081584454, 154, 1.0
33866.95391153058, 148, -1.0
33869.123855008176, 75, -1.0
33877.61781516253, 35, -1.0
33880.116042187634, 148, -1.0
33882.619257353144, 35, -1.0
33891.023221547264, 44, -1.0
33898.08876882568, 75, -1.0
33900.104373885675, 152, 1.0
33900.41185938761, 101, 1.0
33902.53676101632, 35, -1.0
33903.19574380077, 101, 1.0
33905.26875739166, 35, -1.0
33909.2245813662, 101, 1.0
33912.02601912383, 103, 1.0
33912.798813155314, 35, 1.0
33915.7263139719, 103, 1.0
33929.754365712324, 35, 1.0
33940.8540703609, 101, 1.0
33954.014514544375, 75, 1.0
33954.4138781252, 154, 1.0
33965.58160369666, 103, 1.0
33965.630728959484, 154, -1.0
33974.44101369041, 44, -1.0
33984.56881397443, 75, 1.0
33985.91720248625, 101, -1.0
33987.337331377814, 101, -1.0
33991.68926907412, 101, -1.0
33992.81071300515, 101, -1.0
33993.7628021643, 35, -1.0
33994.09077025354, 101, 1.0
34001.32104340759, 101, -1.0
34005.00631918595, 152, -1.0
34014.1151545805, 44, -1.0
34017.91302915847, 101, 1.0
34028.81695538368, 152, -1.0
34029.331691689316, 75, 1.0
34030.125839222186, 35, -1.0
34030.63596341578, 101, 1.0
34034.018242058744, 152, -1.0
34035.91860594132, 101, 1.0
34039.43443771102, 152, 1.0
34044.28050923876, 101, 1.0
34044.56847791948, 103, 1.0
34049.49182121586, 35, 1.0
34051.08128578334, 152, -1.0
34057.48642549645, 75, 1.0
34058.81244182349, 35, -1.0
34060.15896742852, 103, 1.0
34060.837728580525, 35, 1.0
34075.664836175485, 148, -1.0
34079.42591565768, 152, -1.0
34091.49064864568, 101, 1.0
34097.36712772361, 152, -1.0
34099.182520188726, 103, -1.0
34099.87900031844, 152, 1.0
34120.703061730586, 148, -1.0
34130.724612480466, 35, 1.0
34133.796850476094, 154, 1.0
34135.301095918614, 101, 1.0
34137.7449725578, 152, 1.0
34144.31960494948, 148, -1.0
34154.44366387951, 154, 1.0
34164.96279057087, 35, 1.0
34168.74616986763, 154, 1.0
34169.77055277704, 101, -1.0
34196.017072964445, 101, -1.0
34198.043791064156, 101, -1.0
34202.69951562465, 103, -1.0
34207.2980798557, 101, 1.0
34208.816557390535, 75, -1.0
34213.71320454101, 101, 1.0
34214.859260397265, 152, -1.0
34223.77289684237, 35, 1.0
34229.87602564253, 154, -1.0
34249.29715103876, 148, 1.0
34250.73442548119, 101, 1.0
34254.17956070244, 103, 1.0
34257.87948050956, 148, -1.0
34267.41421409182, 35, 1.0
34277.16412294415, 44, 1.0
34292.07947533881, 103, -1.0
34292.27716192917, 103, -1.0
34293.864956396435, 148, -1.0
34297.13687746576, 152, 1.0
34298.669209246684, 75, 1.0
34299.6772374469, 101, -1.0
34301.30551994125, 101, -1.0
34316.97899071391, 152, -1.0
34322.111163202666, 35, -1.0
34332.474316532884, 101, 1.0
34332.85565271353, 103, -1.0
34335.530117947514, 103, -1.0
34338.406733268006, 101, -1.0
34339.46559016446, 101, 1.0
34341.34833610806, 101, 1.0
34341.98433154422, 35, 1.0
34347.28570721795, 101, 1.0
34347.84706532428, 101, -1.0
34349.70266016591, 101, -1.0
34353.25448071897, 35, -1.0
34364.4568546974, 75, -1.0
34368.52121883895, 152, 1.0
34374.90160483914, 101, 1.0
34376.162076192064, 154, 1.0
34379.1951491369, 75, -1.0
34379.19862804755, 35, 1.0
34382.484915592795, 154, 1.0
34383.72192688291, 148, -1.0
34386.12339824838, 75, -1.0
34387.8224991038, 103, 1.0
34388.772298303986, 101, -1.0
34395.31172606951, 103, 1.0
34400.25547156326, 154, 1.0
34400.35215836041, 35, 1.0
34401.773132744835, 154, -1.0
34405.329777091916, 75, -1.0
34407.35035745694, 75, -1.0
34407.72802092197, 35, -1.0
34409.88578565396, 154, 1.0
34413.03110490922, 152, 1.0
34416.41052826212, 103, -1.0
34422.21215743768, 101, 1.0
34424.36670428907, 101, -1.0
34427.38966599701, 44, -1.0
34437.442212892354, 148, 1.0
34440.61586489697, 75, 1.0
34441.50656743895, 101, 1.0
34451.01871533055, 148, 1.0
34456.8752204675, 154, -1.0
34457.06304124729, 148, -1.0
34463.136609122725, 148, 1.0
34471.328007057484, 44, -1.0
34471.95522594029, 101, 1.0
34474.60206874897, 35, -1.0
34476.21693138737, 35, -1.0
34477.191291129915, 101, 1.0
34485.40999164764, 148, -1.0
34501.14938160393, 103, 1.0
34501.27489310605, 35, -1.0
34502.888131306245, 75, -1.0
34513.730400691355, 75, -1.0
34515.83486578286, 35, 1.0
34520.9429703789, 152, 1.0
34523.84082853151, 35, -1.0
34529.62634185725, 75, 1.0
34530.54583719194, 103, 1.0
34537.70905138232, 103, 1.0
34539.23617480194, 152, 1.0
34548.10709901097, 44, -1.0
34548.71687996105, 75, 1.0
34556.86071174475, 152, 1.0
34560.70539334889, 35, 1.0
34564.532763598145, 35, -1.0
34582.36856920235, 35, -1.0
34583.07560610949, 154, 1.0
34589.2685397051, 103, -1.0
34597.20172617072, 152, 1.0
34616.42920399778, 44, -1.0
34616.56903222743, 101, 1.0
34620.94983106904, 101, 1.0
34626.074264259936, 154, 1.0
34637.46946564488, 44, 1.0
34644.09734324934, 152, -1.0
34656.25094875458, 152, 1.0
34657.78355417104, 35, 1.0
34674.99404371535, 154, 1.0
34677.91896836158, 103, 1.0
34685.47374423277, 101, 1.0
34689.70211436243, 75, 1.0
34691.5708300912, 103, -1.0
34698.211159302155, 101, 1.0
34698.80916493825, 148, -1.0
34704.988910774344, 35, -1.0
34707.3576635156, 44, 1.0
34714.23300157605, 101, -1.0
34725.1426235976, 101, 1.0
34743.77243769416, 44, -1.0
34744.729149654384, 152, 1.0
34745.62328123997, 35, -1.0
34747.53142394169, 44, -1.0
34753.09948901719, 44, -1.0
34757.13732892958, 44, -1.0
34760.44608412945, 148, -1.0
34764.285619320304, 154, -1.0
34764.75836645246, 101, 1.0
34769.39899085989, 101, 1.0
34777.68914427014, 75, -1.0
34778.8392498359, 35, -1.0
34780.22966389071, 44, -1.0
34781.94313893209, 148, -1.0
34782.2101005928, 152, 1.0
34782.42195929729, 148, -1.0
34786.625046474444, 101, 1.0
34788.77348652084, 35, 1.0
34790.092326059945, 152, 1.0
34792.3118089691, 35, 1.0
34793.00990396875, 103, 1.0
34793.701841464215, 75, 1.0
34794.23625025428, 154, 1.0
34795.86426147347, 152, 1.0
34795.99061240908, 35, -1.0
34799.408252801084, 101, -1.0
34801.93368797684, 101, 1.0
34818.324986044274, 75, -1.0
34823.45910783499, 44, 1.0
34824.33083215143, 103, -1.0
34831.00143953362, 44, -1.0
34831.20798833641, 152, 1.0
34833.85831936228, 75, -1.0
34839.34070216397, 75, -1.0
34845.58951588581, 101, -1.0
34846.04374463628, 44, -1.0
34848.82399792118, 101, 1.0
34861.939772659636, 35, -1.0
34863.27369002101, 101, 1.0
34867.28910761196, 35, -1.0
34875.63525433037, 103, 1.0
34876.161903585315, 154, 1.0
34878.79514024358, 101, 1.0
34881.94663965466, 101, 1.0
34884.58641418929, 154, 1.0
34884.78784270048, 35, -1.0
34887.32294970373, 44, -1.0
34897.213072138096, 101, 1.0
34899.643634832566, 35, 1.0
34900.885082001565, 101, -1.0
34901.286078617675, 101, -1.0
34902.14255785388, 154, 1.0
34914.43280392753, 75, 1.0
34923.137995102166, 103, -1.0
34925.8191334058, 44, -1.0
34927.71030858152, 103, -1.0
34940.028135089604, 101, 1.0
34948.80079745825, 75, 1.0
34956.23839782084, 101, 1.0
34956.45805901362, 101, 1.0
34958.40891741077, 35, -1.0
34966.02096332855, 103, 1.0
34968.051997049086, 44, -1.0
34978.81715669896, 152, -1.0
34984.513578053185, 75, 1.0
34985.582395583195, 148, -1.0
34992.276649057254, 101, -1.0
34994.87461178111, 101, -1.0
34999.53254139099, 101, -1.0
35000.09603040414, 101, 1.0
35006.37917441649, 101, 1.0
35007.25916772334, 75, 1.0
35007.407930482615, 152, 1.0
35013.55237547186, 35, -1.0
35016.64063832774, 101, 1.0
35030.13351090835, 101, 1.0
35031.89975584176, 44, -1.0
35035.98891249949, 154, -1.0
35037.315365023576, 101, 1.0
35037.89136650324, 44, -1.0
35044.29063456329, 35, 1.0
35052.23616231982, 103, 1.0
35057.74195383506, 101, 1.0
35058.45605214074, 152, 1.0
35062.22326940674, 35, 1.0
35069.395595880604, 148, -1.0
35070.03519797781, 75, -1.0
35075.18421297562, 152, 1.0
35089.327446134164, 35, 1.0
35091.359555824856, 35, -1.0
35098.83252319571, 44, -1.0
35099.17781904725, 75, 1.0
35099.22649673029, 75, -1.0
35102.533671415025, 101, -1.0
35104.08911173401, 152, 1.0
35106.298295052, 35, -1.0
35115.819908016725, 103, 1.0
35122.45792786473, 101, 1.0
35146.07798392607, 148, -1.0
35155.78480114005, 75, 1.0
35157.42478981213, 148, -1.0
35159.32811300442, 148, -1.0
35175.35253195918, 101, 1.0
35175.75887854503, 152, 1.0
35183.75035075127, 75, -1.0
35199.69251664269, 35, 1.0
35203.82305867805, 154, -1.0
35207.42214070027, 35, -1.0
35208.36536935851, 35, -1.0
35209.440058329536, 101, 1.0
35221.88056586427, 75, 1.0
35221.98833472643, 101, 1.0
35227.801421607226, 103, 1.0
35227.887783988735, 152, 1.0
35232.02023022646, 35, -1.0
35264.20912287769, 152, -1.0
35265.66846837718, 44, 1.0
35278.993984270564, 152, 1.0
35282.86407541527, 35, -1.0
35298.10533802737, 101, -1.0
35306.209608935926, 148, 1.0
35309.13467672254, 35, -1.0
35316.62544667823, 35, -1.0
35317.353808770196, 154, 1.0
35318.57803475149, 101, 1.0
35338.81003601607, 75, -1.0
35338.82405036969, 152, -1.0
35354.519960187914, 75, -1.0
35355.32143486738, 154, -1.0
35358.297352424976, 152, 1.0
35360.234150681536, 44, -1.0
35364.80067225432, 101, 1.0
35365.92187498557, 103, 1.0
35373.92993702928, 148, -1.0
35373.930607468974, 101, -1.0
35375.79434515508, 152, 1.0
35377.29119416765, 154, -1.0
35379.13315215928, 154, 1.0
35381.3790317727, 35, -1.0
35397.56041210971, 152, 1.0
35404.326679130405, 152, 1.0
35408.58122437982, 35, -1.0
35416.329233122226, 154, 1.0
35421.59212002384, 75, -1.0
35423.07834503791, 101, 1.0
35429.73032520927, 44, -1.0
35430.13330813077, 101, -1.0
35432.38265714718, 152, -1.0
35435.18813126924, 101, 1.0
35436.93729321055, 44, 1.0
35439.15771629247, 75, 1.0
35441.31362178551, 75, -1.0
35444.11055234219, 101, 1.0
35444.772492298274, 152, -1.0
35447.97825004023, 154, -1.0
35449.75309495752, 35, -1.0
35453.46109896198, 35, -1.0
35456.97780613015, 75, 1.0
35460.1506130527, 148, -1.0
35463.60755771332, 75, 1.0
35467.451550538884, 154, -1.0
35468.637501262514, 75, -1.0
35471.85759983965, 101, 1.0
35476.75710427228, 101, -1.0
35480.45978656474, 154, -1.0
35488.89838638152, 101, -1.0
35495.20113511107, 101, 1.0
35495.54588885982, 75, -1.0
35495.63962748102, 35, 1.0
35496.3210651487, 152, -1.0
35500.86555821127, 101, -1.0
35504.162629894825, 148, -1.0
35516.02582090545, 75, -1.0
35517.56155422179, 35, -1.0
35520.63635754742, 101, 1.0
35525.420896004885, 154, 1.0
35525.878750724885, 101, 1.0
35531.38356674386, 103, -1.0
35536.06530851761, 103, -1.0
35536.221562404695, 103, 1.0
35541.51134174359, 101, 1.0
35544.67969596949, 44, -1.0
35547.987387044224, 35, 1.0
35553.82919878764, 75, 1.0
35562.9014068001, 75, -1.0
35571.406490205285, 152, 1.0
35572.156784042934, 101, 1.0
35572.22767302443, 44, -1.0
35576.71061892457, 152, 1.0
35580.29288405699, 101, 1.0
35581.47462337613, 75, -1.0
35586.49984033875, 75, 1.0
35592.42371700947, 101, 1.0
35600.76313576014, 35, -1.0
35601.877865391936, 44, -1.0
35602.40638689394, 148, 1.0
35603.05475287477, 103, 1.0
35605.90526689617, 101, -1.0
35608.33783869675, 103, 1.0
35609.93149291673, 101, 1.0
35612.08110704699, 101, -1.0
35612.24112948064, 103, 1.0
35619.4893945485, 101, 1.0
35620.344042188364, 101, -1.0
35621.905764432595, 75, -1.0
35624.003170542426, 35, 1.0
35624.27092848016, 35, -1.0
35631.920221063214, 35, -1.0
35646.03712420883, 101, -1.0
35657.9398441714, 35, -1.0
35673.39248495831, 154, -1.0
35681.70411724796, 75, -1.0
35682.12081613216, 101, 1.0
35683.04383354404, 101, -1.0
35698.466789203776, 103, -1.0
35712.41962681103, 103, 1.0
35712.60422508291, 75, 1.0
35717.010775261704, 75, 1.0
35722.6986622251, 152, 1.0
35724.14227161144, 35, -1.0
35725.95015359821, 101, 1.0
35734.94324057105, 101, 1.0
35738.239581969494, 148, -1.0
35746.79830832621, 154, 1.0
35747.75277396268, 152, 1.0
35753.478282801036, 44, -1.0
35759.7497367726, 75, 1.0
35768.71479064084, 35, -1.0
35778.33643831579, 101, 1.0
35780.48593133047, 35, -1.0
35780.70973133089, 75, -1.0
35780.822115769006, 101, 1.0
35781.072122222075, 75, 1.0
35788.22179295443, 103, -1.0
35790.64041928434, 103, 1.0
35793.02084586529, 101, -1.0
35795.92391168693, 35, -1.0
35798.38548519444, 35, -1.0
35823.483403741106, 75, 1.0
35823.78182953422, 152, 1.0
35824.45020674052, 75, 1.0
35826.28283819689, 75, -1.0
35826.78240034765, 152, 1.0
35826.826471843975, 103, -1.0
35830.77407456529, 152, -1.0
35831.01604116663, 35, -1.0
35832.171604556854, 101, -1.0
35832.97996597188, 35, 1.0
35838.27936916887, 103, 1.0
35844.737285503026, 75, 1.0
35855.30193666049, 101, 1.0
35856.37897562799, 35, -1.0
35857.51303322615, 152, -1.0
35862.13171135081, 101, 1.0
35869.18044085671, 35, 1.0
35875.19274050747, 152, 1.0
35879.077468163894, 152, 1.0
35880.04020071538, 35, -1.0
35883.16773725414, 152, -1.0
35886.8261431941, 154, 1.0
35913.4992391082, 101, 1.0
35914.63451808672, 44, -1.0
35916.793973272215, 44, -1.0
35925.65793434791, 148, -1.0
35926.22953888682, 35, 1.0
35930.71669427269, 103, 1.0
35935.01632063681, 101, 1.0
35937.89325737872, 35, 1.0
35938.317713941564, 75, -1.0
35942.208081886434, 101, -1.0
35946.67893600846, 148, -1.0
35955.582954947655, 75, 1.0
35955.657262348446, 101, 1.0
35958.12390001123, 101, 1.0
35959.43647484727, 35, -1.0
35966.06787617263, 101, -1.0
35986.577876866315, 154, 1.0
35990.797598836834, 44, -1.0
35994.74900209445, 44, 1.0
35997.45855470206, 101, 1.0
