21614.15561340153, 75, 1.0
21618.02829323856, 75, -1.0
21618.19995582667, 152, -1.0
21618.84078490823, 148, -1.0
21625.131871641235, 154, 1.0
21625.9187991024, 148, -1.0
21643.141270839573, 75, -1.0
21644.570949062007, 103, 1.0
21648.649275459087, 152, -1.0
21655.461803853887, 75, 1.0
21659.699331343945, 35, -1.0
21663.069364655155, 154, 1.0
21675.312547303303, 154, 1.0
21676.568354320018, 103, 1.0
21680.695460587653, 101, -1.0
21693.237584583127, 75, 1.0
21693.92832086727, 103, 1.0
21701.640442327218, 103, 1.0
21709.6269987483, 103, 1.0
21712.365973803753, 103, 1.0
21721.090481017753, 75, 1.0
21722.725620005076, 35, 1.0
21723.257805774414, 35, 1.0
21735.036371431976, 75, 1.0
21739.588033435335, 101, 1.0
21750.279246481794, 75, 1.0
21756.09044482283, 103, 1.0
21757.766577786362, 103, 1.0
21758.117546823258, 35, -1.0
21758.17490499445, 75, -1.0
21761.458742367267, 35, 1.0
21762.0937838271, 44, -1.0
21763.191886164605, 148, -1.0
21765.352142309905, 103, 1.0
21770.949042494984, 75, 1.0
21786.054287946205, 35, -1.0
21798.696066933855, 103, 1.0
21805.09507605443, 35, -1.0
21811.08608406276, 154, -1.0
21822.712821989786, 35, -1.0
21825.049643968425, 148, -1.0
21826.19757715493, 148, -1.0
21829.230698043502, 75, 1.0
21838.567921226444, 103, 1.0
21843.39351905634, 101, 1.0
21844.172591263054, 148, -1.0
21854.518189549264, 35, 1.0
21858.019957598324, 103, 1.0
21861.598433677693, 148, -1.0
21862.700943882286, 148, -1.0
21879.6527323758, 103, 1.0
21880.40094695581, 75, -1.0
21881.864844050146, 35, 1.0
21895.62914931097, 103, 1.0
21896.856416505925, 152, -1.0
21904.70518270453, 152, 1.0
21906.238653068627, 152, 1.0
21907.76421989556, 103, 1.0
21916.06743428304, 152, -1.0
21916.6797631023, 35, -1.0
21920.711773442297, 154, -1.0
21922.56764896182, 103, 1.0
21927.804207629495, 103, 1.0
21934.307963356376, 103, 1.0
21936.493290633443, 148, -1.0
21938.597575179247, 103, 1.0
21950.45749375801, 35, 1.0
21959.49719975829, 101, 1.0
21961.712963790647, 101, 1.0
21963.248986973096, 103, 1.0
21976.727801571153, 148, -1.0
21982.840565501778, 152, -1.0
21999.456545738154, 148, -1.0
22001.263632901948, 148, -1.0
22004.150331087043, 75, 1.0
22007.43061867387, 103, 1.0
22015.986510013798, 103, 1.0
22026.537491151106, 103, 1.0
22028.02371522751, 152, -1.0
22038.79505357118, 152, -1.0
22039.076378663955, 103, 1.0
22047.49532566903, 152, 1.0
22049.970635769783, 75, 1.0
22050.193195172116, 148, -1.0
22051.53628787287, 101, -1.0
22053.13193284521, 103, 1.0
22054.551166883328, 152, -1.0
22057.42524385555, 75, 1.0
22063.608155917933, 154, 1.0
22066.0085340445, 103, 1.0
22068.83178424458, 75, -1.0
22069.89924137676, 35, 1.0
22082.29611521106, 148, -1.0
22084.43158920983, 75, -1.0
22088.60903199387, 35, 1.0
22094.22589521538, 152, -1.0
22097.34302089468, 101, -1.0
22098.066961440265, 152, -1.0
22105.691887684123, 35, -1.0
22109.150630532986, 103, -1.0
22115.87635259538, 101, 1.0
22125.0459926144, 148, -1.0
22139.26850902292, 148, 1.0
22145.93403767746, 35, -1.0
22155.487594999013, 152, -1.0
22160.56024031469, 75, -1.0
22176.99855083309, 101, 1.0
22180.62587214405, 75, 1.0
22192.599475190724, 35, -1.0
22199.003817042678, 103, 1.0
22201.04207317587, 148, -1.0
22206.50130031022, 101, -1.0
22209.249821539885, 152, 1.0
22210.098862450814, 103, 1.0
22211.253334340356, 35, 1.0
22214.608362984218, 75, -1.0
22219.452024731334, 152, -1.0
22231.462498821158, 35, -1.0
22246.463531330824, 103, 1.0
22249.01293747219, 35, -1.0
22253.07928953613, 148, -1.0
22253.196880916694, 75, 1.0
22254.283834219634, 152, -1.0
22257.308400049507, 148, -1.0
22257.84480582951, 101, 1.0
22272.07659719822, 148, -1.0
22276.05528867748, 75, -1.0
22279.12513136627, 148, -1.0
22286.354233223206, 103, 1.0
22302.606276149203, 35, -1.0
22319.97267055577, 75, -1.0
22320.548800481803, 103, 1.0
22321.958829914907, 103, 1.0
22322.597412502586, 148, -1.0
22330.51991754275, 35, 1.0
22333.198990467423, 75, 1.0
22338.98493661525, 152, -1.0
22341.97811356209, 152, -1.0
22345.14914787475, 148, -1.0
22346.891950484853, 35, -1.0
22349.54244906418, 103, 1.0
22354.119475054125, 35, -1.0
22357.36989299502, 75, -1.0
22366.06358503977, 103, 1.0
22368.52599321032, 75, 1.0
22371.36978493992, 152, 1.0
22375.528459204685, 75, -1.0
22378.498168290687, 103, 1.0
22385.178634195094, 148, -1.0
22389.00153805102, 44, -1.0
22389.558675824654, 101, 1.0
22396.474133943244, 75, 1.0
22402.498541894223, 103, 1.0
22403.913752732784, 35, -1.0
22406.289403627627, 152, -1.0
22408.01740134701, 103, -1.0
22411.64640671267, 35, -1.0
22413.664712973714, 35, 1.0
22414.522845091593, 101, 1.0
22423.692689645657, 103, 1.0
22425.643583089648, 152, -1.0
22430.21729300716, 101, 1.0
22430.295915564155, 103, 1.0
22430.730582149165, 35, -1.0
22432.341819611658, 101, 1.0
22437.336350448215, 35, -1.0
22438.926215510906, 103, 1.0
22439.084849404793, 103, 1.0
22449.512054281717, 152, -1.0
22452.359313918696, 75, 1.0
22454.823969238805, 101, 1.0
22455.25293099322, 148, -1.0
22457.46742923404, 101, 1.0
22468.35259977618, 148, -1.0
22469.936589264544, 148, -1.0
22487.662522884813, 101, 1.0
22494.848398986218, 103, 1.0
22497.506148239427, 75, -1.0
22501.90587125498, 103, 1.0
22505.170967523947, 75, -1.0
22515.3690779772, 101, 1.0
22516.025765229744, 148, -1.0
22518.11254640608, 152, 1.0
22521.91924467785, 75, -1.0
22525.233569619675, 35, -1.0
22527.172171287006, 148, 1.0
22528.218805425244, 148, -1.0
22533.01056386591, 152, -1.0
22537.70937487691, 101, 1.0
22543.96800137646, 75, 1.0
22544.28872130201, 75, -1.0
22545.964064383574, 148, -1.0
22548.644106785065, 152, -1.0
22552.996426705697, 154, -1.0
22563.462828602518, 75, -1.0
22569.475768469296, 35, 1.0
22577.066603005776, 152, -1.0
22592.699419735723, 101, 1.0
22599.055033598903, 101, 1.0
22602.39805892993, 148, -1.0
22607.071004088135, 75, -1.0
22624.079373377674, 148, -1.0
22625.75798045037, 103, 1.0
22629.65732047522, 152, -1.0
22632.85065765534, 152, -1.0
22634.09391705868, 75, 1.0
22637.10949683307, 103, 1.0
22637.632581111353, 75, 1.0
22637.77094481293, 148, -1.0
22649.42264270738, 44, -1.0
22650.889934332143, 101, 1.0
22654.584539543488, 103, 1.0
22657.715230106412, 35, -1.0
22662.023602688856, 103, 1.0
22673.72260407955, 148, -1.0
22676.779094509377, 75, 1.0
22680.450216078978, 103, 1.0
22682.338944570234, 101, -1.0
22682.531666903473, 152, -1.0
22684.9790776214, 101, 1.0
22694.906868674734, 35, 1.0
22697.50568707407, 148, -1.0
22701.430281262597, 152, 1.0
22701.527443118808, 35, -1.0
22703.46670949463, 75, 1.0
22704.48220133694, 152, 1.0
22709.412366039793, 103, 1.0
22715.878658708738, 148, -1.0
22716.500141580444, 154, -1.0
22722.081538704224, 75, 1.0
22726.21495897699, 44, -1.0
22727.736976715776, 148, -1.0
22730.78955884126, 101, 1.0
22732.2673769272, 103, 1.0
22733.159196308396, 35, 1.0
22739.544713671978, 35, -1.0
22743.068938399054, 103, 1.0
22745.54248615634, 75, 1.0
22746.17445116666, 152, -1.0
22752.813945944974, 101, 1.0
22755.839923537467, 152, -1.0
22768.5428264207, 152, -1.0
22771.686449295357, 103, 1.0
22773.393894739835, 103, 1.0
22776.651089783263, 35, -1.0
22777.61511537492, 44, -1.0
22785.076625777965, 101, 1.0
22795.565656194074, 148, -1.0
22803.826545842654, 35, -1.0
22813.372324140793, 103, 1.0
22823.258974758384, 101, -1.0
22827.074426432107, 103, 1.0
22831.66639235781, 44, -1.0
22832.135406336172, 152, -1.0
22842.2467173817, 35, 1.0
22842.75508733662, 75, 1.0
22843.81554399174, 101, -1.0
22844.69283190513, 148, -1.0
22847.23193004616, 75, -1.0
22852.81726094571, 101, 1.0
22865.5080200499, 101, 1.0
22868.67386843338, 152, -1.0
22874.80799782514, 148, -1.0
22875.737789990453, 101, 1.0
22878.813509111867, 103, 1.0
22882.75238521077, 103, 1.0
22885.668382842116, 103, 1.0
22895.565119141353, 148, -1.0
22898.587495606156, 101, 1.0
22899.814369206055, 101, 1.0
22903.841961529728, 35, -1.0
22909.15471095291, 101, 1.0
22912.038047446593, 75, 1.0
22924.859017244366, 152, -1.0
22929.729109116754, 148, -1.0
22930.511389963925, 44, -1.0
22935.192398328327, 101, 1.0
22936.50496557503, 101, 1.0
22947.29816362234, 35, -1.0
22955.303465936817, 75, -1.0
22960.800202575894, 148, -1.0
22966.92132947242, 103, -1.0
22975.43457964318, 75, 1.0
22978.85652128651, 101, 1.0
22996.85840936009, 75, 1.0
23000.169651388504, 103, 1.0
23005.216952923663, 75, 1.0
23006.828884617382, 35, -1.0
23012.132503730278, 75, 1.0
23023.649808539398, 152, -1.0
23027.39913907282, 44, -1.0
23035.290929608, 75, -1.0
23038.32955672643, 35, -1.0
23049.993205189166, 148, -1.0
23055.599118785773, 152, -1.0
23060.23238385824, 103, 1.0
23063.469045118978, 101, -1.0
23067.35066985549, 148, -1.0
23070.37837746468, 75, -1.0
23084.25182457302, 75, 1.0
23085.05334245248, 152, -1.0
23087.422920445046, 75, -1.0
23089.10135415615, 152, 1.0
23103.08130974058, 103, -1.0
23104.999794214647, 152, 1.0
23105.6873485833, 103, 1.0
23107.374818404773, 75, 1.0
23108.053709698932, 75, 1.0
23108.68338464982, 103, 1.0
23109.79945740864, 35, -1.0
23119.372476260465, 148, -1.0
23124.23503163616, 101, -1.0
23124.462963475693, 152, -1.0
23133.20576659344, 75, 1.0
23139.46212104048, 75, 1.0
23140.699810652968, 103, 1.0
23144.25576808527, 35, -1.0
23144.396708275097, 103, -1.0
23146.621707708804, 101, 1.0
23159.50214643914, 103, -1.0
23164.227809499367, 103, 1.0
23170.49231420772, 35, -1.0
23175.63681145079, 101, 1.0
23181.12716511693, 75, -1.0
23183.48778380599, 154, 1.0
23190.67337950615, 148, -1.0
23191.39928002511, 75, 1.0
23195.97880385998, 35, -1.0
23200.903452185, 101, -1.0
23207.912172531775, 44, -1.0
23210.655065736188, 152, -1.0
23215.448409703626, 154, 1.0
23220.182276568277, 148, -1.0
23227.679542436897, 75, -1.0
23228.11090245305, 75, 1.0
23234.7378186383, 103, 1.0
23236.201399323094, 44, -1.0
23248.482607259422, 148, -1.0
23255.12148326125, 35, 1.0
23255.238134262094, 148, -1.0
23255.318005460213, 101, 1.0
23262.2181037664, 103, 1.0
23266.33126954698, 154, 1.0
23266.821715715298, 152, -1.0
23275.159620593324, 75, 1.0
23277.68460914714, 35, -1.0
23280.343981500853, 44, -1.0
23282.90320697104, 152, 1.0
23284.63644992298, 75, 1.0
23293.869798332216, 44, 1.0
23295.240775523387, 75, -1.0
23298.24334040116, 75, 1.0
23299.754130780424, 103, 1.0
23300.57011793309, 148, -1.0
23308.289211030627, 103, 1.0
23318.281862683027, 148, -1.0
23319.479023028878, 103, 1.0
23319.993736146134, 75, 1.0
23321.444078163062, 148, -1.0
23330.553425546255, 152, -1.0
23332.925950360273, 148, -1.0
23338.94981442252, 103, 1.0
23355.56888569954, 75, -1.0
23357.770722254456, 103, 1.0
23364.23367428276, 152, -1.0
23364.924432571814, 152, -1.0
23371.65663195901, 154, 1.0
23383.000806265165, 35, -1.0
23384.86364776233, 101, 1.0
23385.463021384163, 152, -1.0
23386.834311152303, 35, -1.0
23393.101628638928, 75, 1.0
23394.61742065624, 148, -1.0
23396.906536155147, 75, 1.0
23398.57956515271, 154, 1.0
23399.292483877744, 35, -1.0
23401.636927946674, 35, -1.0
23402.592771256237, 154, 1.0
23406.82664613617, 44, -1.0
23409.623790596903, 44, 1.0
23409.825158040323, 148, -1.0
23415.102086159655, 148, -1.0
23417.96026437509, 103, 1.0
23421.939746043445, 101, 1.0
23436.84622325649, 35, -1.0
23438.08334311232, 154, 1.0
23438.25314913233, 152, -1.0
23439.39985892944, 152, -1.0
23440.480782566832, 101, 1.0
23442.838247417985, 152, -1.0
23447.29020512257, 152, 1.0
23457.556066086312, 101, 1.0
23458.003470368996, 103, 1.0
23464.2875566699, 152, -1.0
23464.921920446235, 148, -1.0
23468.16770062668, 101, 1.0
23478.51403247396, 101, 1.0
23478.924842912897, 101, 1.0
23482.870099358235, 103, 1.0
23483.654559624185, 75, 1.0
23488.71777413173, 75, -1.0
23496.117596396285, 103, 1.0
23496.647982642444, 75, -1.0
23497.060204142817, 152, -1.0
23508.44483616133, 35, -1.0
23513.491024900813, 35, -1.0
23516.68871006102, 101, -1.0
23521.421885673408, 101, -1.0
23524.26604773888, 75, -1.0
23533.55178881138, 101, 1.0
23543.718983082723, 101, 1.0
23548.381143125873, 148, -1.0
23549.42872585337, 101, 1.0
23551.053165240377, 152, -1.0
23551.494235463062, 75, 1.0
23552.02766998492, 152, -1.0
23556.339937459335, 75, 1.0
23570.113093093038, 101, -1.0
23570.961523144437, 35, -1.0
23572.6944858164, 152, -1.0
23575.672119626823, 101, 1.0
23576.183898033058, 35, 1.0
23576.4967798773, 103, 1.0
23582.54413685055, 101, 1.0
23583.920193471917, 35, -1.0
23586.301954205526, 148, -1.0
23587.24033373609, 152, -1.0
23588.51253952111, 101, -1.0
23590.15619246088, 101, 1.0
23591.118944779566, 152, -1.0
23597.826799725095, 75, -1.0
23598.76339670261, 148, -1.0
23599.773094258147, 103, 1.0
23607.536896212365, 103, 1.0
23608.31134806059, 101, 1.0
23609.426063336305, 35, -1.0
23625.93786058747, 148, -1.0
23626.0228109607, 152, -1.0
23643.046976403355, 103, 1.0
23643.30597843451, 75, -1.0
23654.01355866897, 35, -1.0
23662.0699326629, 101, -1.0
23664.02243182668, 101, 1.0
23665.36181860964, 103, 1.0
23668.65571479771, 101, -1.0
23670.497525561605, 103, 1.0
23672.973882748425, 148, 1.0
23676.837719812353, 101, 1.0
23679.58095113187, 75, 1.0
23683.075608907307, 103, 1.0
23685.31404160979, 103, 1.0
23697.742606027, 75, -1.0
23709.221518629394, 103, 1.0
23712.292770981374, 103, 1.0
23729.151415653563, 152, -1.0
23731.821143416142, 35, -1.0
23732.17158004902, 103, 1.0
23733.37738069432, 152, -1.0
23736.50683534101, 148, -1.0
23739.730088905173, 148, -1.0
23740.778395026904, 103, 1.0
23748.156635058018, 152, -1.0
23748.609191913398, 103, 1.0
23757.451918319854, 35, -1.0
23758.27498992659, 75, -1.0
23764.133663424745, 44, -1.0
23766.559237905378, 103, 1.0
23767.09325215154, 103, 1.0
23768.377020467255, 75, 1.0
23782.286720741653, 75, 1.0
23787.433375702232, 35, -1.0
23788.657174138374, 103, 1.0
23790.79715123846, 75, 1.0
23800.139369154196, 152, 1.0
23804.805519131758, 44, 1.0
23808.987003112776, 75, -1.0
23809.92792677737, 148, -1.0
23816.747976060782, 103, 1.0
23817.065232306624, 101, 1.0
23817.70650128087, 75, -1.0
23817.880776625134, 103, 1.0
23821.825623989014, 103, 1.0
23823.37320113822, 152, -1.0
23832.252552974016, 101, 1.0
23836.693962429366, 75, 1.0
23845.56758859796, 103, 1.0
23847.04141240546, 35, 1.0
23853.215731612494, 148, -1.0
23866.628204326094, 35, -1.0
23866.923732827494, 103, 1.0
23868.75613703498, 101, 1.0
23869.62800334971, 103, 1.0
23872.81309521513, 75, 1.0
23883.275990765727, 44, -1.0
23887.339209194957, 103, 1.0
23887.62405682667, 152, 1.0
23888.056267883072, 103, 1.0
23898.707962530556, 101, 1.0
23903.513413212706, 103, 1.0
23912.467185076493, 152, -1.0
23912.498211900307, 101, 1.0
23915.856257004853, 148, -1.0
23920.774710019086, 154, 1.0
23922.86582516924, 103, 1.0
23923.413639004437, 152, -1.0
23924.501950254577, 103, 1.0
23925.600210403474, 148, 1.0
23926.250782034618, 75, -1.0
23926.526557877667, 75, -1.0
23926.870720866587, 152, -1.0
23928.763159634433, 152, -1.0
23929.336484263797, 35, -1.0
23939.54205848162, 75, 1.0
23942.29040728326, 103, 1.0
23945.04122994473, 75, 1.0
23960.905611447542, 103, 1.0
23967.72060853416, 152, -1.0
23974.06125420848, 154, -1.0
23974.79943275743, 148, -1.0
23979.01257953202, 148, -1.0
23982.16024559583, 103, 1.0
23989.80991866707, 103, 1.0
23994.517653657276, 152, -1.0
23997.248777704935, 101, 1.0
24001.781817941544, 154, -1.0
24018.98752124576, 101, -1.0
24030.080711578543, 148, -1.0
24031.358881830653, 103, -1.0
24036.74736939997, 101, 1.0
24039.517510194135, 101, 1.0
24047.17336632548, 101, 1.0
24049.024036285195, 101, 1.0
24052.4852779059, 103, 1.0
24054.565398741386, 103, 1.0
24055.646542718623, 75, 1.0
24068.810708808945, 101, 1.0
24076.595348983457, 101, 1.0
24089.33375210829, 44, -1.0
24091.574231305596, 103, 1.0
24096.65798017679, 101, 1.0
24098.291703927338, 154, 1.0
24098.773692577128, 152, -1.0
24102.994116165773, 35, -1.0
24105.46017786903, 75, 1.0
24105.89536843073, 103, 1.0
24108.37391538946, 148, -1.0
24113.709985330577, 103, 1.0
24116.524666365738, 35, -1.0
24117.754458456024, 103, 1.0
24118.2309464902, 103, 1.0
24119.689531081563, 75, 1.0
24128.548417777318, 44, -1.0
24129.017485328262, 152, -1.0
24139.640647136068, 101, 1.0
24142.683643833963, 101, 1.0
24165.527049053082, 35, -1.0
24171.45326349206, 103, 1.0
24173.076160928726, 103, 1.0
24174.6255064521, 75, -1.0
24177.281802230795, 35, -1.0
24178.367581364655, 152, -1.0
24178.804812374696, 75, 1.0
24181.191297013578, 35, -1.0
24181.736956783465, 103, 1.0
24189.151449241108, 75, -1.0
24209.389669964294, 154, 1.0
24210.790885331247, 75, -1.0
24211.879800105035, 103, 1.0
24213.725059032527, 154, 1.0
24237.09987861238, 148, -1.0
24243.071838298314, 152, -1.0
24258.94485557374, 35, -1.0
24260.52988013551, 75, 1.0
24266.231509777634, 103, 1.0
24267.4853335287, 148, -1.0
24270.160974532995, 103, 1.0
24271.27809740014, 148, -1.0
24284.27200450049, 75, 1.0
24284.387773252176, 152, 1.0
24284.91708059668, 75, 1.0
24294.821867793955, 103, 1.0
24295.8563031751, 101, 1.0
24298.30412682526, 103, 1.0
24299.418215848884, 103, 1.0
24302.777682040945, 75, 1.0
24311.525384037017, 44, 1.0
24316.00652112275, 35, 1.0
24317.271443221976, 75, -1.0
24321.713892630683, 35, -1.0
24333.16692560079, 148, -1.0
24347.325795398967, 103, 1.0
24356.260540509633, 75, 1.0
24366.84286177199, 103, 1.0
24372.1026464, 148, -1.0
24377.477796237785, 103, 1.0
24384.241614175735, 103, -1.0
24385.075860561436, 154, 1.0
24385.905052790644, 152, -1.0
24397.281368290798, 103, 1.0
24398.953110381077, 148, -1.0
24399.656665957515, 75, 1.0
24399.68084585741, 35, -1.0
24401.957475526953, 103, 1.0
24407.825659690123, 152, -1.0
24415.287082237504, 154, 1.0
24420.136197326, 152, -1.0
24423.494993285014, 152, -1.0
24425.654399271378, 75, 1.0
24428.370561000727, 35, -1.0
24429.811880611, 152, -1.0
24432.225021445658, 152, -1.0
24438.81792324686, 101, 1.0
24453.306323510355, 75, -1.0
24459.917789606352, 35, -1.0
24460.09929134465, 152, -1.0
24460.803550028413, 75, 1.0
24461.827155728784, 75, -1.0
24462.91901398129, 35, -1.0
24466.74101586335, 101, 1.0
24469.221870205623, 148, -1.0
24471.6209292581, 35, -1.0
24475.21614489149, 75, -1.0
24485.211954342067, 103, 1.0
24485.84243207744, 75, 1.0
24489.012241204167, 152, -1.0
24495.836493306782, 152, -1.0
24496.85226955532, 75, 1.0
24497.687949977575, 101, 1.0
24506.255030259188, 152, -1.0
24513.25817462207, 152, 1.0
24519.569148610357, 152, -1.0
24520.762889182388, 148, -1.0
24526.29952768852, 152, -1.0
24528.482201434264, 35, -1.0
24534.45046629636, 152, -1.0
24536.936988413578, 35, 1.0
24542.841919041777, 103, -1.0
24543.09491100133, 35, -1.0
24545.97803687401, 148, -1.0
24549.050707219918, 148, -1.0
24574.89121422467, 101, 1.0
24593.219514700846, 154, 1.0
24607.71451817408, 154, 1.0
24612.239999593534, 35, -1.0
24612.71948098433, 35, -1.0
24617.287887342558, 152, 1.0
24622.632453877293, 101, 1.0
24623.7225239238, 101, 1.0
24624.488820674673, 103, 1.0
24626.50234500924, 35, 1.0
24628.597906748193, 101, 1.0
24634.24545035479, 152, 1.0
24636.249767972615, 35, -1.0
24657.56582066521, 152, -1.0
24657.89102266343, 103, 1.0
24677.09888694123, 75, -1.0
24677.635592565824, 75, 1.0
24679.4361301643, 101, 1.0
24691.256479669446, 152, -1.0
24699.15416462069, 35, 1.0
24704.320763534128, 101, -1.0
24723.399306703777, 103, 1.0
24727.7930582536, 103, 1.0
24736.953936846894, 103, 1.0
24742.653470673584, 152, -1.0
24755.354419479027, 75, 1.0
24755.91717595559, 148, -1.0
24763.080367307575, 103, 1.0
24771.57536223858, 103, 1.0
24771.932587237512, 75, 1.0
24779.885571838415, 103, 1.0
24790.099222965335, 101, -1.0
24790.584210466703, 103, 1.0
24801.471329132524, 35, -1.0
24810.185042602734, 44, -1.0
24817.449354702778, 75, 1.0
24825.62953225102, 152, -1.0
24834.956268372218, 148, -1.0
24838.132834945438, 101, 1.0
24853.173982008408, 154, -1.0
24857.21740568679, 154, 1.0
24859.86556920699, 75, -1.0
24861.729878923958, 101, 1.0
24865.417009391804, 75, 1.0
24873.33842855539, 101, 1.0
24879.058351817857, 35, -1.0
24884.105773879142, 35, -1.0
24887.956614599512, 154, 1.0
24894.09683676244, 103, 1.0
24894.445263861056, 101, 1.0
24894.569506303083, 103, -1.0
24895.08042807705, 75, 1.0
24898.62950675958, 75, -1.0
24907.997810288867, 154, 1.0
24910.289752429897, 152, -1.0
24913.49955218994, 44, -1.0
24917.06768231894, 103, 1.0
24918.707063393613, 101, 1.0
24919.017923884632, 35, -1.0
24920.605543008303, 35, -1.0
24922.10384835622, 148, -1.0
24948.760339319997, 152, -1.0
24962.16668142339, 75, 1.0
24966.205981507515, 101, 1.0
24970.806576052924, 148, -1.0
24973.496480221285, 154, 1.0
24976.678446349946, 101, 1.0
24977.102008392547, 35, -1.0
24980.536042740405, 101, 1.0
24981.246739267124, 35, -1.0
25000.669461678015, 152, 1.0
25013.509782429883, 101, 1.0
25024.130789293173, 101, -1.0
25025.362878933316, 148, -1.0
25029.956567175283, 101, 1.0
25033.151728913686, 103, 1.0
25043.337431321812, 75, -1.0
25043.78525224101, 101, 1.0
25046.106312810763, 101, 1.0
25052.079635678223, 35, -1.0
25052.26535771861, 101, 1.0
25055.139504071078, 75, -1.0
25062.734467487604, 148, -1.0
25065.799703388297, 152, -1.0
25066.538570709625, 152, -1.0
25073.58842122611, 152, -1.0
25082.99038683418, 103, 1.0
25090.32367447371, 148, -1.0
25099.75765828501, 154, -1.0
25101.103611828836, 152, -1.0
25107.38588661821, 154, 1.0
25114.46146173413, 75, -1.0
25123.573539936282, 75, 1.0
25124.859965839045, 35, -1.0
25128.813706888162, 35, 1.0
25130.94773351542, 101, 1.0
25133.11995462171, 35, -1.0
25135.25959311443, 75, -1.0
25157.69894459572, 101, -1.0
25159.587225291805, 148, -1.0
25161.275598890115, 148, -1.0
25161.387280303818, 103, 1.0
25172.215127355026, 101, -1.0
25179.487500455965, 103, 1.0
25180.477001563504, 35, -1.0
25181.42781577498, 148, -1.0
25187.90885356051, 148, -1.0
25191.342426860447, 75, 1.0
25199.129407197503, 103, 1.0
25201.30230023049, 152, -1.0
25202.665303211386, 75, -1.0
25203.373306346428, 75, 1.0
25204.879472547604, 154, 1.0
25215.638510936486, 154, 1.0
25217.03603549111, 101, 1.0
25232.72905732701, 148, -1.0
25234.705806414913, 101, 1.0
25235.61911036382, 154, 1.0
25255.855193623116, 75, 1.0
25261.412911169537, 152, -1.0
25263.612227449943, 148, -1.0
25268.818811446676, 35, 1.0
25271.92194758096, 101, 1.0
25277.714879365118, 148, -1.0
25278.35736661573, 35, -1.0
25282.434239133792, 154, 1.0
25283.447179200128, 154, 1.0
25289.958503724916, 154, 1.0
25293.382499877676, 35, -1.0
25303.552162248303, 154, -1.0
25304.248267965388, 152, -1.0
25305.970393754687, 44, 1.0
25309.804811158934, 101, -1.0
25315.494467365636, 35, -1.0
25326.990685142122, 152, -1.0
25328.703148562163, 154, 1.0
25331.92236524582, 75, -1.0
25334.371678712643, 148, -1.0
25340.52158708064, 148, -1.0
25344.350744488376, 152, 1.0
25348.04766838625, 101, -1.0
25348.73997543774, 103, 1.0
25354.300382814334, 148, -1.0
25356.441644109716, 75, 1.0
25356.772476953134, 152, 1.0
25357.734089943344, 148, -1.0
25360.6264341294, 154, -1.0
25361.926323807347, 35, -1.0
25363.114742509544, 75, -1.0
25374.902988828842, 75, -1.0
25380.30706369363, 154, 1.0
25388.88334074543, 44, -1.0
25389.37253644279, 154, -1.0
25400.48282015955, 152, -1.0
25413.14199493374, 35, -1.0
25425.702657722366, 148, -1.0
25433.611607630348, 148, -1.0
25435.666665377874, 148, -1.0
25458.05244983455, 148, -1.0
25461.515306447804, 35, 1.0
25462.84426443869, 101, 1.0
25474.357922009294, 44, -1.0
25486.524832139847, 148, -1.0
25496.604878663504, 154, 1.0
25510.530992846892, 101, 1.0
25519.137241355507, 75, 1.0
25527.789650521525, 152, -1.0
25532.108876241644, 103, 1.0
25536.192228493695, 101, 1.0
25537.990683720887, 154, 1.0
25539.005672668474, 101, 1.0
25539.744380022345, 75, -1.0
25549.382933261342, 35, -1.0
25565.84274220442, 148, -1.0
25566.67428523647, 44, -1.0
25578.105929639445, 75, 1.0
25579.546970194788, 148, -1.0
25593.8757128521, 148, -1.0
25595.35904927855, 75, 1.0
25598.608808380253, 148, -1.0
25619.276965056815, 75, 1.0
25627.99511033122, 152, -1.0
25633.793107671572, 152, -1.0
25635.78864016538, 103, 1.0
25640.523706170752, 148, -1.0
25651.027408939826, 75, 1.0
25656.88101196893, 152, -1.0
25669.485213933905, 148, -1.0
25672.612061143496, 152, -1.0
25677.849691596628, 44, -1.0
25679.478944261125, 154, 1.0
25680.466328161812, 35, 1.0
25689.459529866286, 154, 1.0
25692.331040454814, 35, -1.0
25697.14946649764, 35, 1.0
25698.38804421136, 154, 1.0
25700.04949993176, 152, -1.0
25702.344724466842, 101, -1.0
25702.739330935136, 148, -1.0
25709.443473416944, 154, 1.0
25714.699886436334, 148, -1.0
25718.305123774837, 152, -1.0
25719.778173743747, 154, -1.0
25724.75623293009, 148, -1.0
25730.035434135403, 154, 1.0
25735.602704113087, 154, 1.0
25741.920422520478, 75, 1.0
25749.224724235326, 35, 1.0
25755.88331367375, 75, 1.0
25760.975246818525, 103, 1.0
25763.555397382563, 35, -1.0
25764.144756776466, 152, -1.0
25765.033827135565, 44, -1.0
25768.49479755993, 75, 1.0
25771.069105873554, 75, -1.0
25772.747662380178, 103, 1.0
25782.452678898604, 152, -1.0
25785.43711090614, 103, 1.0
25790.508759324068, 101, -1.0
25803.546545417314, 152, 1.0
25814.992141595216, 154, 1.0
25821.064572273808, 101, 1.0
25823.2809150658, 75, 1.0
25823.903114073408, 103, 1.0
25830.265812197344, 44, -1.0
25836.949101184477, 148, -1.0
25844.372406248545, 152, 1.0
25848.054787804504, 154, 1.0
25852.84134485267, 101, -1.0
25854.470546640474, 101, -1.0
25855.155412413013, 154, -1.0
25873.971565638352, 35, -1.0
25877.637389471907, 154, 1.0
25880.099387790742, 75, -1.0
25880.406647108022, 152, -1.0
25892.44420481988, 101, 1.0
25901.07131532742, 103, 1.0
25901.177533392485, 44, -1.0
25915.423865716235, 35, 1.0
25926.42117860745, 101, -1.0
25929.35160142718, 75, -1.0
25929.519702230322, 154, -1.0
25936.589302539778, 75, 1.0
25937.773422376667, 35, -1.0
25945.936130323298, 148, -1.0
25963.1581193837, 75, 1.0
25966.44250695473, 35, -1.0
25974.144392154652, 148, -1.0
25985.310616914714, 35, -1.0
25987.109605115416, 103, 1.0
26003.88777304027, 152, -1.0
26004.22242479487, 103, 1.0
26009.94024320646, 154, 1.0
26022.040532349318, 154, 1.0
26022.92807634421, 148, -1.0
26025.576786467514, 35, 1.0
26029.01475599547, 154, 1.0
26030.384519609637, 44, -1.0
26041.86427342827, 101, 1.0
26044.670171106838, 103, 1.0
26065.617574489657, 35, 1.0
26071.38175219296, 75, -1.0
26078.778844989232, 148, -1.0
26081.36171368716, 148, -1.0
26081.472762497327, 101, 1.0
26082.937059408658, 154, -1.0
26082.992628824148, 103, 1.0
26095.14383851145, 152, -1.0
26098.721854664276, 101, 1.0
26101.084168304387, 35, -1.0
26101.969906354192, 75, 1.0
26106.554961211514, 154, 1.0
26124.030749931055, 148, 1.0
26127.22738783672, 44, 1.0
26134.087602418746, 154, 1.0
26136.179433884896, 148, -1.0
26141.13655913474, 75, -1.0
26142.410617628055, 44, -1.0
26144.0754772343, 35, -1.0
26156.060998451958, 101, 1.0
26165.08254250088, 35, -1.0
26166.963441923966, 103, 1.0
26170.706682872984, 103, 1.0
26172.899076441336, 101, 1.0
26195.782788587385, 75, 1.0
26201.780012696807, 35, 1.0
26216.549319747584, 154, 1.0
26218.1688527719, 101, 1.0
26218.253467707316, 75, 1.0
26219.321815938834, 75, 1.0
26219.372613905718, 101, -1.0
26223.606737900333, 101, -1.0
26234.640952637357, 103, 1.0
26236.01527154542, 152, -1.0
26243.7172210031, 152, 1.0
26245.52089356341, 152, -1.0
26262.037578212294, 35, 1.0
26275.54148900171, 152, 1.0
26283.533821969322, 75, -1.0
26284.77063313389, 152, -1.0
26288.297622195485, 152, -1.0
26289.827612790657, 35, 1.0
26297.776741496702, 101, -1.0
26300.81685393712, 75, 1.0
26308.774991019647, 75, 1.0
26311.993114037843, 35, -1.0
26321.87305978385, 75, 1.0
26326.02967660239, 154, 1.0
26327.246894434204, 152, -1.0
26330.206374401678, 101, -1.0
26340.42905620583, 101, 1.0
26342.9638155249, 101, -1.0
26343.52032524628, 148, -1.0
26360.000691069938, 154, 1.0
26388.409647273817, 75, 1.0
26389.83033121712, 154, 1.0
26394.178795629454, 101, 1.0
26395.64799391072, 154, 1.0
26400.083659143525, 44, -1.0
26418.815832369848, 101, -1.0
26424.248684551763, 75, 1.0
26426.634396173857, 101, 1.0
26434.384440792375, 44, -1.0
26438.93100146522, 35, -1.0
26451.628462320143, 101, 1.0
26459.144332793185, 35, -1.0
26461.70724621006, 35, -1.0
26462.694486208464, 154, 1.0
26474.20073602186, 75, 1.0
26476.7701736974, 152, -1.0
26477.35587319429, 148, -1.0
26484.066140532417, 154, 1.0
26484.59236305178, 152, -1.0
26488.097882717513, 75, 1.0
26493.823356460278, 35, 1.0
26495.41028612201, 101, -1.0
26506.124436314112, 101, 1.0
26511.792117568948, 152, 1.0
26526.352866548423, 154, 1.0
26527.089829585024, 44, -1.0
26533.86195773395, 154, -1.0
26537.935171770518, 101, -1.0
26547.24509552913, 154, 1.0
26552.757742197064, 101, 1.0
26564.200358344344, 152, -1.0
26569.441207140826, 152, -1.0
26578.40097642436, 103, 1.0
26596.280929243905, 152, -1.0
26597.582582962637, 75, -1.0
26601.047241422624, 75, 1.0
26601.345953749635, 35, -1.0
26602.593503131116, 101, 1.0
26602.942098123527, 44, 1.0
26604.729494109044, 75, 1.0
26604.86214854322, 152, -1.0
26606.438662780718, 154, 1.0
26621.14153413703, 35, 1.0
26627.464271770306, 75, 1.0
26629.169844469896, 152, 1.0
26638.03384191693, 101, -1.0
26640.578732575774, 35, -1.0
26647.89267972922, 44, -1.0
26658.8976139498, 75, 1.0
26662.605406104944, 148, -1.0
26669.05705571937, 148, -1.0
26669.62572403682, 152, -1.0
26672.1392150972, 148, 1.0
26672.969204508736, 148, -1.0
26675.763495582512, 148, -1.0
26681.676392257315, 152, -1.0
26685.66432604804, 35, -1.0
26690.547034741947, 154, 1.0
26696.489692211737, 35, -1.0
26700.552551834146, 152, -1.0
26705.977389482952, 75, -1.0
26716.373398141386, 75, 1.0
26722.661849217915, 75, -1.0
26733.904329029567, 154, 1.0
26743.21344681063, 75, -1.0
26748.869254185804, 35, 1.0
26761.147379797636, 35, 1.0
26764.87912065725, 35, 1.0
26766.066445870725, 75, 1.0
26768.816747989724, 35, 1.0
26782.430686588516, 148, -1.0
26783.357504187676, 152, 1.0
26786.156135444566, 44, -1.0
26786.755380972598, 148, -1.0
26799.20396409847, 152, -1.0
26800.207461256883, 101, -1.0
26806.928479097398, 148, -1.0
26809.20137722626, 101, 1.0
26816.67261050718, 35, 1.0
26820.487257350982, 148, -1.0
26828.1065371364, 152, 1.0
26828.69232882323, 101, -1.0
26829.19716267199, 75, 1.0
26833.607016072176, 35, 1.0
26839.251365418364, 148, -1.0
26839.888202727423, 103, 1.0
26840.08404961434, 44, -1.0
26843.51406541037, 101, 1.0
26844.585269959327, 154, 1.0
26845.11381324304, 152, -1.0
26849.245489490044, 148, -1.0
26852.267765854784, 154, 1.0
26858.055266184983, 44, -1.0
26875.389441075, 101, 1.0
26878.0748426376, 103, 1.0
26880.90419941981, 44, -1.0
26886.366719493217, 154, 1.0
26890.442435882425, 101, 1.0
26905.506177466603, 75, -1.0
26915.6513515616, 154, 1.0
26916.229625614815, 35, -1.0
26917.366558212278, 154, 1.0
26917.708254789944, 148, -1.0
26918.08619119615, 101, 1.0
26938.090435275208, 44, -1.0
26948.78584744726, 101, -1.0
26957.395716014173, 44, -1.0
26957.98777074407, 101, 1.0
26976.214993596594, 101, 1.0
26977.04732003415, 75, 1.0
26979.985757433533, 154, 1.0
26989.92146422029, 154, -1.0
26999.735983258513, 154, 1.0
27004.19428611015, 101, -1.0
27007.38235279833, 148, -1.0
27008.38698214702, 75, -1.0
27014.61477215389, 44, -1.0
27024.262507029747, 152, -1.0
27033.643074893873, 103, 1.0
27036.088897341077, 101, -1.0
27046.471509013234, 35, -1.0
27049.124644700383, 152, -1.0
27053.858371716553, 101, 1.0
27057.017182973017, 75, 1.0
27070.39932886517, 35, -1.0
27073.1938090392, 152, 1.0
27074.508162756087, 35, -1.0
27077.758684441716, 154, 1.0
27080.298311721337, 75, 1.0
27080.86223944272, 148, -1.0
27085.15114497902, 35, -1.0
27086.631030472625, 154, 1.0
27089.828483772122, 103, -1.0
27091.255121418806, 101, 1.0
27093.66730541145, 154, -1.0
27098.10259037397, 101, 1.0
27108.381376280515, 148, -1.0
27114.913296486302, 152, 1.0
27118.42818740433, 152, -1.0
27119.471072459437, 148, -1.0
27119.48672400829, 75, 1.0
27120.74512275325, 101, 1.0
27124.606541439494, 75, -1.0
27125.02846713672, 148, -1.0
27130.95146282761, 101, -1.0
27132.64359263218, 154, 1.0
27144.35884318735, 148, -1.0
27154.729534795366, 101, 1.0
27159.54645567931, 103, 1.0
27159.780557439863, 35, -1.0
27161.505118875488, 148, -1.0
27167.638121194457, 75, 1.0
27168.43320943541, 44, -1.0
27172.056019042582, 75, 1.0
27173.986085906003, 35, -1.0
27174.659646656823, 148, -1.0
27180.03204368032, 103, 1.0
27180.43114883008, 35, 1.0
27181.347362496115, 152, 1.0
27189.221439764253, 154, 1.0
27193.545137874582, 148, -1.0
27201.821349107526, 35, 1.0
27202.515054915573, 75, 1.0
27209.380810751598, 148, -1.0
27211.721026174822, 103, 1.0
27212.51933431947, 35, -1.0
27213.6514684946, 101, 1.0
27214.599911306395, 101, 1.0
27217.635464904477, 35, 1.0
27224.906881629664, 148, -1.0
27228.055901904252, 152, 1.0
27231.64187218384, 75, 1.0
27236.191134308403, 148, -1.0
27237.14647092994, 101, 1.0
27244.158642932704, 154, 1.0
27245.628633765868, 148, -1.0
27252.339375423457, 148, -1.0
27278.32737663068, 44, -1.0
27286.267919056947, 152, -1.0
27309.61247209288, 103, 1.0
27313.724581030547, 152, 1.0
27316.04179570523, 75, 1.0
27317.54727442266, 101, 1.0
27320.635444839507, 148, -1.0
27323.205407039444, 75, 1.0
27325.715205124616, 75, -1.0
27336.85739887228, 152, -1.0
27343.129147190553, 35, 1.0
27355.51499407026, 75, 1.0
27356.314459169782, 101, -1.0
27364.626169028284, 148, -1.0
27374.053115910356, 35, -1.0
27376.483700147484, 101, -1.0
27380.728631558857, 148, -1.0
27382.985164645972, 103, 1.0
27383.695970452623, 75, 1.0
27389.676852802586, 148, -1.0
27391.90981478775, 148, -1.0
27393.54543151829, 103, 1.0
27394.011024707834, 35, 1.0
27397.276350571818, 152, -1.0
27397.29580314491, 75, -1.0
27405.6442301326, 101, 1.0
27417.47711342923, 44, -1.0
27425.876624059096, 103, 1.0
27428.696614829874, 148, -1.0
27433.834610159112, 154, 1.0
27442.1179958314, 101, 1.0
27450.651666536723, 148, -1.0
27451.30873438225, 35, -1.0
27467.206259377228, 35, -1.0
27468.33666760638, 44, -1.0
27468.94021793691, 35, -1.0
27476.405293365224, 75, 1.0
27476.829735587206, 103, 1.0
27476.895459320374, 35, -1.0
27479.339905578883, 148, -1.0
27480.853600301714, 75, 1.0
27480.885905506064, 154, 1.0
27490.887449196583, 101, -1.0
27505.634731441743, 75, 1.0
27510.46769983256, 103, 1.0
27525.401033175804, 154, 1.0
27525.985428947082, 148, -1.0
27530.579396850797, 103, 1.0
27545.815802537898, 154, 1.0
27580.623048542617, 44, -1.0
27580.97440231627, 35, -1.0
27581.264856948037, 148, -1.0
27584.23380754754, 101, -1.0
27600.379415669828, 154, 1.0
27611.94569608517, 35, 1.0
27615.691892479033, 75, 1.0
27618.17551829301, 148, -1.0
27619.60801528276, 148, -1.0
27620.564579018148, 35, -1.0
27625.442958553504, 148, -1.0
27626.706149390204, 75, 1.0
27635.97271788517, 44, -1.0
27640.019368888738, 152, -1.0
27643.959583177875, 35, -1.0
27647.29033490053, 148, -1.0
27647.366859851005, 44, -1.0
27648.55554374166, 75, 1.0
27652.73488999211, 152, -1.0
27674.621349923298, 35, 1.0
27675.81227267224, 75, -1.0
27682.150173209404, 103, 1.0
27686.131243616328, 101, -1.0
27688.341742991062, 152, 1.0
27690.18129140796, 152, 1.0
27693.744084389786, 101, -1.0
27695.914393182993, 154, 1.0
27704.702819438688, 103, 1.0
27705.138449599817, 148, -1.0
27706.958385868355, 148, -1.0
27708.49438911085, 152, -1.0
27710.053971095043, 148, -1.0
27711.378794226082, 148, 1.0
27714.823211519735, 35, -1.0
27723.416291597187, 103, 1.0
27731.790548444642, 148, -1.0
27735.467903754514, 101, 1.0
27738.738915545673, 103, 1.0
27740.8827738616, 44, -1.0
27741.60309821447, 44, -1.0
27746.91455367124, 148, -1.0
27752.05972486411, 154, 1.0
27759.74011314257, 148, -1.0
27762.06534419923, 35, -1.0
27766.366176068725, 35, 1.0
27767.32437179908, 154, 1.0
27773.663795951565, 152, 1.0
27774.523556656284, 103, 1.0
27776.353403311106, 101, -1.0
27781.158493537412, 103, 1.0
27795.820457413145, 148, -1.0
27797.104249790606, 75, 1.0
27798.17927162391, 148, -1.0
27806.94532127869, 154, 1.0
27809.696649689708, 154, 1.0
27821.564381496057, 35, -1.0
27845.482557976055, 101, -1.0
27846.67158417312, 44, -1.0
27849.066687961422, 103, 1.0
27850.64980299364, 101, -1.0
27854.275623363774, 148, -1.0
27854.593915791964, 35, 1.0
27860.65103559316, 101, 1.0
27864.01604595734, 148, -1.0
27866.72212097687, 152, -1.0
27872.907542334367, 101, 1.0
27875.444222850263, 101, 1.0
27884.381846869608, 154, 1.0
27889.090625079203, 35, 1.0
27894.42015201245, 103, 1.0
27898.067592843414, 152, -1.0
27903.0225212449, 101, 1.0
27904.142583275843, 101, -1.0
27911.236343717872, 154, 1.0
27922.136412032687, 154, -1.0
27933.816186124175, 101, 1.0
27949.05111429689, 35, 1.0
27949.618904440846, 152, -1.0
27956.457429557664, 101, -1.0
27956.57734873569, 154, 1.0
27959.270471402044, 75, 1.0
27960.926811812926, 35, 1.0
27964.72746016779, 148, -1.0
27967.21172297749, 101, -1.0
27979.591541552167, 35, 1.0
27979.948629386017, 152, -1.0
27982.03101110445, 152, 1.0
27987.15834383769, 101, -1.0
28001.61363855963, 75, -1.0
28003.29348155966, 44, -1.0
28007.19940510045, 75, -1.0
28013.199536210494, 152, -1.0
28013.502035401096, 35, 1.0
28013.5082270448, 152, 1.0
28015.494721863826, 35, -1.0
28019.08957946403, 152, -1.0
28022.284193387455, 152, 1.0
28025.15920975798, 148, -1.0
28030.58276765074, 152, -1.0
28040.368313710987, 35, -1.0
28049.67713632718, 75, -1.0
28053.865830480838, 152, -1.0
28078.452870579342, 75, 1.0
28082.12402829061, 152, -1.0
28082.646234087646, 152, -1.0
28083.865015366457, 103, 1.0
28090.337141777403, 35, 1.0
28093.223579930796, 152, -1.0
28102.75452285113, 148, -1.0
28116.146974355728, 35, -1.0
28118.572566797066, 148, -1.0
28123.793905614428, 103, 1.0
28138.334042391292, 35, -1.0
28148.752606289083, 75, -1.0
28156.639833897818, 154, 1.0
28159.711652130467, 101, 1.0
28170.54924540368, 101, 1.0
28171.142208850197, 75, -1.0
28174.9005739925, 35, -1.0
28178.119889878588, 152, 1.0
28179.675432972486, 154, 1.0
28180.23368864213, 148, -1.0
28188.501280551005, 148, -1.0
28201.182744158352, 44, -1.0
28226.573565848328, 152, 1.0
28227.84997085036, 75, 1.0
28240.419434773255, 75, 1.0
28245.491807000064, 152, 1.0
28253.268988491614, 152, -1.0
28254.46228732992, 35, 1.0
28284.069024455977, 152, -1.0
28297.852505818108, 103, 1.0
28298.123656845404, 154, 1.0
28299.563891733, 148, -1.0
28310.695666152067, 148, -1.0
28312.0735402673, 103, 1.0
28316.08664064106, 148, -1.0
28322.253312063942, 148, -1.0
28323.85422965042, 154, 1.0
28326.741777708598, 75, 1.0
28329.018016516282, 75, 1.0
28336.272091567942, 101, 1.0
28336.49049989593, 148, -1.0
28337.560492027682, 35, -1.0
28346.058521213454, 152, -1.0
28351.60334257831, 154, 1.0
28355.03534219273, 44, -1.0
28359.84043554678, 154, 1.0
28363.169723482468, 152, 1.0
28378.012438612666, 44, -1.0
28394.738052920984, 148, -1.0
28401.657140077077, 148, -1.0
28404.145900883414, 148, -1.0
28404.48995419767, 148, -1.0
28406.98011012776, 101, 1.0
28408.010223887377, 148, -1.0
28412.79296784374, 152, 1.0
28416.537264312923, 35, 1.0
28419.08322632695, 152, -1.0
28426.454348517236, 152, -1.0
28431.54006671609, 103, 1.0
28433.96850117009, 152, -1.0
28436.054938551526, 35, -1.0
28439.709806838557, 148, -1.0
28442.202271760016, 75, 1.0
28442.327427600605, 154, 1.0
28442.436867616176, 148, -1.0
28454.32606767775, 154, 1.0
28462.009627441108, 152, -1.0
28462.753070617673, 75, 1.0
28479.059107372166, 35, 1.0
28501.13055622674, 152, -1.0
28507.7947819845, 75, 1.0
28512.442572615037, 154, 1.0
28513.79373818494, 101, 1.0
28515.338776405944, 35, 1.0
28516.523247188314, 101, -1.0
28516.64180581132, 152, -1.0
28524.49750673373, 101, 1.0
28528.444600801282, 148, -1.0
28543.55618535915, 148, -1.0
28544.000036870766, 44, 1.0
28546.732440738753, 35, -1.0
28551.33300425247, 148, -1.0
28558.06540230939, 75, -1.0
28559.514564329333, 101, 1.0
28562.906219288718, 154, 1.0
28562.9966251349, 101, 1.0
28563.506404286054, 103, 1.0
28565.17745290489, 75, -1.0
28568.159150179683, 152, -1.0
28572.207520767442, 44, -1.0
28582.127061908308, 154, 1.0
28583.54495097947, 154, 1.0
28598.103442127085, 35, -1.0
28601.85612989443, 154, 1.0
28608.276641263586, 35, 1.0
28620.410063277002, 148, -1.0
28625.44208445227, 35, -1.0
28629.65604151844, 103, 1.0
28636.375453437075, 103, 1.0
28641.327768867923, 152, -1.0
28643.974395724577, 103, 1.0
28647.178035719477, 152, -1.0
28662.186908119387, 103, 1.0
28669.90653251283, 35, -1.0
28673.698578065843, 154, 1.0
28675.56137329284, 148, -1.0
28678.633124362586, 154, 1.0
28680.414565260733, 75, -1.0
28681.51153687478, 154, 1.0
28682.054395030023, 44, -1.0
28687.315391240794, 44, 1.0
28699.837252831665, 148, -1.0
28707.77148055995, 44, -1.0
28707.939926035233, 75, 1.0
28708.97576907579, 101, -1.0
28712.31873172775, 35, -1.0
28713.627969559147, 75, 1.0
28716.104272352568, 44, -1.0
28719.799074880113, 101, 1.0
28731.243517249633, 148, -1.0
28743.61191686087, 103, 1.0
28752.266981363486, 75, -1.0
28752.536154250538, 75, 1.0
28770.240251579653, 103, 1.0
28772.408627749977, 103, 1.0
28775.80945382737, 154, 1.0
28786.015464464457, 35, -1.0
28787.0347590072, 75, -1.0
28788.401730464626, 154, 1.0
28794.67587070248, 148, -1.0
28819.22607784483, 103, -1.0
28822.533501440237, 35, 1.0
28822.733963639686, 152, -1.0
28823.83362768839, 44, -1.0
28833.226827289185, 152, -1.0
28838.731923124855, 152, 1.0
28868.60607686578, 35, 1.0
28871.288172772514, 148, -1.0
28889.228003283402, 148, -1.0
28892.353073937997, 101, -1.0
28895.187347061434, 148, 1.0
28901.109650453673, 35, 1.0
28901.535526434494, 44, -1.0
28918.386759676872, 44, -1.0
28951.493064346683, 148, -1.0
28952.199685477124, 148, -1.0
28957.648924952246, 44, -1.0
28960.74813732406, 44, -1.0
28980.663430233173, 152, -1.0
28985.731039307942, 35, 1.0
28997.880111103517, 152, 1.0
28998.77441043289, 148, -1.0
29004.04609718111, 154, -1.0
29004.40174813368, 152, 1.0
29024.699919096744, 101, -1.0
29032.34302818953, 44, 1.0
29034.07861187374, 44, -1.0
29044.94685113178, 35, 1.0
29062.886903461313, 152, -1.0
29071.59556026067, 148, -1.0
29091.4270245762, 154, -1.0
29096.05947586773, 152, -1.0
29099.590648318168, 101, -1.0
29100.834258645424, 103, -1.0
29100.848510006133, 152, -1.0
29101.136128920843, 44, -1.0
29102.31012706107, 148, -1.0
29123.29359324101, 75, -1.0
29127.70607092001, 101, -1.0
29133.189424858287, 103, -1.0
29138.362599073564, 152, 1.0
29141.200391223567, 35, 1.0
29143.24955113383, 154, -1.0
29150.259928883203, 152, 1.0
29150.812407248915, 75, -1.0
29151.868421283467, 75, -1.0
29161.76201593818, 148, -1.0
29162.79132516291, 148, -1.0
29165.5761349998, 44, 1.0
29176.96392296762, 101, -1.0
29177.620044780375, 148, 1.0
29178.554538622357, 103, -1.0
29197.058633736247, 148, -1.0
29216.2588814992, 44, -1.0
29221.57981249276, 103, -1.0
29227.988314769813, 148, -1.0
29232.37999334845, 148, -1.0
29233.28807408223, 103, -1.0
29234.653003880936, 35, 1.0
29240.718290437137, 103, -1.0
29251.967791119747, 35, 1.0
29258.667108235357, 103, -1.0
29276.245526430994, 154, -1.0
29285.372829045118, 152, -1.0
29302.08613800239, 152, -1.0
29303.392691376594, 152, 1.0
29307.129617324048, 44, -1.0
29314.183494876303, 152, -1.0
29336.025435474305, 75, 1.0
29338.66118217903, 152, 1.0
29343.33576467545, 75, 1.0
29344.293904914044, 75, 1.0
29357.68794943785, 148, -1.0
29360.739052688594, 148, -1.0
29361.096001266036, 44, -1.0
29372.879115728203, 152, 1.0
29399.64041875639, 152, 1.0
29403.790114555883, 152, 1.0
29409.912784080057, 44, -1.0
29410.47747596256, 148, -1.0
29458.374824004455, 152, 1.0
29458.64413144907, 44, -1.0
29460.919241008643, 152, 1.0
29473.407680058754, 152, -1.0
29478.630641307223, 148, -1.0
29481.424421337055, 44, 1.0
29482.256946456193, 152, -1.0
29508.999791079765, 101, -1.0
29509.294740758014, 148, -1.0
29537.43375198653, 101, 1.0
29538.404614208128, 152, 1.0
29552.608304805774, 101, 1.0
29555.72563276863, 101, 1.0
29557.154191173096, 148, -1.0
29560.05687657847, 44, -1.0
29562.677660867477, 152, -1.0
29566.959083653644, 75, -1.0
29571.49561295877, 35, 1.0
29576.190109136878, 44, -1.0
29587.45022655961, 148, -1.0
29589.325319523294, 75, -1.0
29595.031948893942, 103, -1.0
29608.639731769752, 148, -1.0
29618.853239846507, 35, 1.0
29621.58783732608, 152, -1.0
29634.122199495643, 152, 1.0
29636.80181077817, 152, -1.0
29642.24143437922, 148, -1.0
29654.060465586477, 44, -1.0
29659.98638289876, 148, -1.0
29684.249061094502, 103, -1.0
29685.398339639418, 44, -1.0
29686.261333203223, 35, 1.0
29695.19672088802, 44, 1.0
29699.064584123644, 44, -1.0
29707.439286564804, 75, -1.0
29713.711113886013, 75, 1.0
29713.998617261168, 152, -1.0
29719.323097516586, 44, -1.0
29739.71652553849, 44, -1.0
29765.49943412914, 148, -1.0
29767.920592775015, 152, -1.0
29779.725807505165, 152, 1.0
29780.230607052275, 152, 1.0
29787.68283844056, 35, 1.0
29793.62595358462, 148, -1.0
29804.456379228563, 75, -1.0
29806.370671570246, 152, -1.0
29811.36991600198, 152, -1.0
29815.387601558537, 152, 1.0
29815.644727121184, 44, -1.0
29823.367694143257, 148, -1.0
29832.931968492885, 101, -1.0
29849.932969206897, 35, 1.0
29860.981194320826, 101, -1.0
29869.683028653115, 152, -1.0
29871.340234808864, 35, 1.0
29885.90449673977, 44, -1.0
29888.039306386785, 101, -1.0
29895.581403780187, 101, -1.0
29898.628777662754, 35, 1.0
29912.229596378595, 44, -1.0
29919.993488902375, 152, 1.0
29933.318380354933, 101, -1.0
29939.222195084138, 152, -1.0
29951.43797160263, 148, -1.0
29957.887272153297, 148, -1.0
29968.86137302299, 148, -1.0
29974.567692378034, 148, -1.0
29979.352064297862, 44, -1.0
29979.701619500738, 152, 1.0
29980.47246777275, 152, -1.0
29993.62934069825, 101, -1.0
30000.048863185355, 75, -1.0
30016.30628268216, 75, -1.0
30018.1610635911, 101, -1.0
30023.553461099655, 152, 1.0
30025.150154089028, 152, 1.0
30038.521367035766, 148, -1.0
30040.538674394436, 101, -1.0
30049.945030261468, 101, 1.0
30053.697488225047, 75, -1.0
30057.151769570915, 101, 1.0
30058.658071483438, 101, -1.0
30062.54308669285, 35, 1.0
30080.9549054675, 103, -1.0
30088.340262635928, 35, 1.0
30090.28982586571, 75, -1.0
30096.177224770647, 101, 1.0
30108.642917119727, 103, -1.0
30111.862636091835, 103, -1.0
30133.22685261776, 148, -1.0
30144.441468385114, 75, -1.0
30145.940365109003, 148, -1.0
30148.553200294973, 152, -1.0
30149.24794706537, 101, -1.0
30163.03740282562, 103, -1.0
30167.08951666354, 148, 1.0
30180.671220423246, 75, 1.0
30183.279972638113, 35, 1.0
30190.569492359118, 75, -1.0
30196.331800704236, 148, 1.0
30242.156552043205, 148, -1.0
30249.191944055063, 75, 1.0
30268.029016028446, 152, 1.0
30273.000315765286, 35, 1.0
30276.081092483044, 148, -1.0
30278.11281940744, 44, -1.0
30307.650246755995, 148, -1.0
30310.67330666088, 103, -1.0
30314.425886428377, 75, -1.0
30316.131733766444, 148, -1.0
30342.598733889365, 44, -1.0
30342.673335001055, 103, -1.0
30363.49312149392, 152, 1.0
30367.828419556747, 148, -1.0
30392.435356156926, 101, 1.0
30397.58741528144, 75, -1.0
30414.421259446113, 75, 1.0
30426.07796052803, 101, -1.0
30451.943259090825, 148, -1.0
30454.897293430262, 75, 1.0
30456.01867721364, 44, -1.0
30460.411772084626, 101, -1.0
30474.08580223261, 75, -1.0
30477.281694093646, 101, -1.0
30482.48479068141, 101, -1.0
30486.531006871817, 152, 1.0
30503.69499478654, 101, -1.0
30507.790028918465, 75, 1.0
30516.230200061065, 75, -1.0
30525.86555307535, 148, -1.0
30527.280666657774, 152, 1.0
30529.180147424155, 44, -1.0
30533.949169327796, 35, 1.0
30537.277666932434, 35, 1.0
30537.863873034803, 44, -1.0
30545.57624479341, 101, 1.0
30546.28364813913, 103, -1.0
30547.82168686776, 154, -1.0
30548.099027946595, 44, -1.0
30554.531934911036, 44, -1.0
30558.291553419833, 152, -1.0
30562.851624439707, 103, -1.0
30576.442849572086, 152, -1.0
30579.501465746074, 44, -1.0
30586.01399897175, 35, 1.0
30586.705586253836, 101, 1.0
30600.962255699742, 101, -1.0
30610.95910720603, 75, 1.0
30625.253576538802, 101, -1.0
30625.77922312038, 152, -1.0
30632.059671580395, 152, 1.0
30639.40592632823, 152, -1.0
30641.919773961836, 152, -1.0
30645.476682374145, 154, -1.0
30661.63637552299, 44, -1.0
30668.012663130703, 148, -1.0
30674.9108132511, 154, -1.0
30675.143912137257, 154, -1.0
30681.717611115437, 101, -1.0
30683.356967433057, 152, -1.0
30687.70562265601, 103, -1.0
30691.41098207465, 35, 1.0
30704.917537484835, 101, -1.0
30706.74972358252, 44, -1.0
30747.527201403, 148, -1.0
30767.729514862003, 101, -1.0
30772.751547473126, 101, -1.0
30775.0432239263, 101, 1.0
30782.193038688216, 103, -1.0
30782.621241773253, 101, 1.0
30787.77345459864, 154, -1.0
30820.126433767542, 75, -1.0
30829.374410291726, 148, -1.0
30857.657768446657, 152, -1.0
30862.2061243564, 101, -1.0
30878.352923625323, 154, -1.0
30888.683058811104, 75, -1.0
30894.360192329994, 35, 1.0
30897.1445925814, 152, -1.0
30900.41846830379, 148, -1.0
30903.781430475, 101, -1.0
30908.25586829814, 103, -1.0
30923.94675559286, 44, -1.0
30926.90762777941, 152, -1.0
30939.54811261425, 148, -1.0
30945.403920993314, 103, -1.0
30972.35578889236, 148, -1.0
30979.579870656653, 44, 1.0
30992.433916073976, 152, 1.0
31006.79092995634, 154, -1.0
31008.22016819455, 35, 1.0
31018.957770163972, 148, -1.0
31022.08929923322, 101, 1.0
31026.943997835566, 148, -1.0
31033.361382888765, 148, -1.0
31052.43468911382, 101, 1.0
31062.718801868086, 103, -1.0
31068.986572958733, 75, 1.0
31070.473791957225, 152, -1.0
31071.369008785237, 154, -1.0
31073.001965230804, 101, 1.0
31078.236580952464, 152, 1.0
31079.247612719635, 103, -1.0
31100.591102923787, 148, -1.0
31103.046029943052, 148, -1.0
31118.839047198857, 101, 1.0
31119.036714544338, 35, 1.0
31126.82553679301, 101, 1.0
31130.054372067563, 101, -1.0
31133.925194051404, 152, -1.0
31134.023219837854, 148, -1.0
31134.02460528555, 75, 1.0
31140.804685764444, 154, -1.0
31150.098317300413, 152, -1.0
31156.977286013436, 148, -1.0
31158.288267713753, 103, -1.0
31160.297240649947, 152, -1.0
31172.730871955482, 148, -1.0
31194.887917634343, 148, -1.0
31201.570266097697, 101, -1.0
31205.260069114316, 148, 1.0
31222.382044885613, 148, -1.0
31230.87998131702, 148, -1.0
31231.466350911047, 101, -1.0
31234.705802205197, 152, -1.0
31250.991719616617, 101, 1.0
31252.230745054556, 148, -1.0
31252.761559797895, 75, -1.0
31254.18304541976, 75, -1.0
31260.51645739238, 35, 1.0
31272.566987916958, 152, 1.0
31289.786241378908, 44, -1.0
31303.686524441688, 75, 1.0
31316.108708433323, 44, -1.0
31319.257120062262, 152, 1.0
31330.66756102017, 44, -1.0
31331.011312208626, 35, 1.0
31333.96894601432, 101, 1.0
31342.558477813614, 101, -1.0
31369.478781818623, 154, -1.0
31384.867357144874, 101, -1.0
31385.842222016196, 154, -1.0
31422.918921287976, 44, -1.0
31449.63294474453, 44, -1.0
31452.549184992225, 148, -1.0
31458.996679395408, 75, -1.0
31468.372992125, 101, -1.0
31470.48573477342, 148, -1.0
31472.499356498643, 101, -1.0
31474.806319889387, 44, -1.0
31479.7070017058, 75, 1.0
31481.67092631701, 148, -1.0
31492.10741301468, 148, -1.0
31498.96132043725, 44, -1.0
31510.972064080637, 148, -1.0
31545.35902745566, 152, 1.0
31554.34925282617, 148, -1.0
31558.32258130817, 152, 1.0
31559.719116150314, 75, -1.0
31562.885853910113, 101, -1.0
31567.25591543984, 152, -1.0
31574.950708719152, 154, -1.0
31588.67104631136, 152, 1.0
31589.098696440094, 75, -1.0
31591.388872317835, 152, 1.0
31598.47665543115, 152, 1.0
31616.17982538678, 103, -1.0
31622.300925556738, 154, -1.0
31624.749067593504, 152, -1.0
31627.90319697388, 44, -1.0
31629.675905163334, 103, -1.0
31638.41681708429, 148, 1.0
31642.46406639436, 152, 1.0
31645.75683034885, 35, 1.0
31659.272012803038, 101, -1.0
31660.230500305293, 75, -1.0
31674.356578925166, 103, -1.0
31685.2314287068, 152, -1.0
31695.31840256957, 101, 1.0
31699.99337454902, 101, 1.0
31716.67468303584, 101, 1.0
31723.515616038072, 103, -1.0
31728.12824553977, 152, 1.0
31728.317604013464, 75, -1.0
31736.735229828624, 75, 1.0
31743.528714246022, 152, 1.0
31744.37327300598, 154, -1.0
31751.305554669663, 154, -1.0
31754.04591735249, 148, -1.0
31755.996827239745, 152, -1.0
31759.932733419042, 44, -1.0
31763.844575569852, 152, 1.0
31765.45839031957, 44, -1.0
31769.50642087975, 101, 1.0
31772.63733400724, 152, -1.0
31783.40469663607, 101, 1.0
31789.301152482098, 44, -1.0
31792.07274789748, 101, -1.0
31799.632093173335, 152, -1.0
31801.756220367948, 35, 1.0
31842.498491235638, 154, -1.0
31862.130744241505, 75, -1.0
31862.96679753195, 152, -1.0
31865.756795191806, 103, -1.0
31871.097080071046, 75, 1.0
31875.411576355487, 152, -1.0
31883.30062120416, 148, -1.0
31900.62121656139, 152, -1.0
31902.03259833485, 154, -1.0
31902.576405629927, 101, 1.0
31905.56981324174, 103, -1.0
31911.22298857646, 103, -1.0
31918.269307345978, 154, -1.0
31923.571326185167, 103, -1.0
31924.100071065717, 75, -1.0
31930.204741574056, 148, -1.0
31932.333301173985, 152, 1.0
31932.962084477254, 148, -1.0
31934.437507069088, 101, -1.0
31937.510127817473, 103, -1.0
31943.22436979628, 103, -1.0
31961.780240423697, 154, -1.0
31966.990700562328, 101, 1.0
31978.375009814376, 44, -1.0
31980.932709469318, 101, 1.0
31989.83061669731, 101, -1.0
31992.877785240944, 101, -1.0
32001.692694407287, 148, -1.0
32004.590945914373, 152, -1.0
32005.537463696426, 152, 1.0
32005.774585439074, 44, -1.0
32026.41067132769, 154, -1.0
32033.574536404427, 35, 1.0
32039.047221006378, 154, -1.0
32051.791219817216, 101, -1.0
32067.556241230173, 148, -1.0
32079.481046282912, 148, -1.0
32101.82315225543, 103, -1.0
32110.852993316825, 44, -1.0
32119.613081183346, 103, -1.0
32151.340344664448, 152, 1.0
32152.14276606939, 152, -1.0
32168.49516816579, 75, 1.0
32169.333897199307, 154, -1.0
32169.94424971443, 152, 1.0
32170.471429914403, 152, 1.0
32171.51427242256, 75, 1.0
32177.682759982592, 75, 1.0
32184.939960552976, 148, -1.0
32194.62355399875, 152, -1.0
32194.711517610805, 148, -1.0
32200.28666875421, 152, 1.0
32214.016491057017, 152, -1.0
32219.787792150095, 35, 1.0
32220.401670625688, 152, -1.0
32234.554155475424, 152, 1.0
32238.10034444216, 101, -1.0
32239.628433241975, 152, 1.0
32241.863665028257, 148, -1.0
32252.86018919004, 152, -1.0
32254.307545001597, 101, -1.0
32267.512500807767, 35, 1.0
32270.15011151071, 101, -1.0
32270.168537008216, 35, 1.0
32273.520862242953, 44, -1.0
32276.515908050613, 152, 1.0
32301.782909013276, 101, 1.0
32302.145711053636, 152, 1.0
32313.40654008809, 101, 1.0
32321.786766376837, 152, 1.0
32326.14645055788, 148, -1.0
32328.497442127034, 152, 1.0
32334.434023086633, 101, -1.0
32341.63270922243, 152, -1.0
32346.678066400276, 101, 1.0
32356.49287336877, 101, -1.0
32369.307576015424, 148, -1.0
32398.970960597948, 154, -1.0
32404.26037273262, 75, 1.0
32406.580124895954, 152, -1.0
32411.281005960587, 148, -1.0
32429.600819422536, 44, -1.0
32433.992363316596, 154, 1.0
32439.617871801445, 148, 1.0
32445.108144642945, 103, 1.0
32445.603705730147, 35, -1.0
32460.68311479977, 35, -1.0
32462.577441142006, 75, 1.0
32467.710319849073, 101, -1.0
32468.719346639657, 101, -1.0
32479.983093480863, 75, 1.0
32480.61722679901, 101, 1.0
32484.132552365405, 101, 1.0
32487.975002982585, 103, 1.0
32493.153748913315, 75, 1.0
32493.23150897923, 101, -1.0
32494.62666791615, 35, -1.0
32501.402054830065, 75, 1.0
32504.69879342296, 103, 1.0
32507.190262890224, 101, -1.0
32507.661030758318, 152, 1.0
32509.01961826886, 154, -1.0
32509.978156507044, 44, -1.0
32512.16566222203, 101, 1.0
32516.65706792839, 154, -1.0
32520.067921691563, 101, 1.0
32521.056965103056, 154, 1.0
32523.2834884301, 148, -1.0
32526.736980680165, 103, 1.0
32526.805580391934, 44, -1.0
32531.62366986848, 75, 1.0
32538.42946040682, 148, -1.0
32538.80472519929, 44, -1.0
32554.89544911315, 35, -1.0
32556.512237085404, 103, 1.0
32557.816933281938, 152, -1.0
32567.19112989757, 75, -1.0
32579.476827977793, 154, -1.0
32581.22267517276, 152, -1.0
32581.518901564792, 154, 1.0
32585.126917954545, 103, 1.0
32599.64416475488, 75, 1.0
32601.638124027864, 75, -1.0
32605.23218558658, 154, -1.0
32605.423170740003, 154, 1.0
32615.73228015382, 35, 1.0
32622.959306871548, 75, 1.0
32623.845988462577, 152, 1.0
32625.206422107152, 103, 1.0
32625.777780355216, 35, 1.0
32628.18083778095, 101, 1.0
32641.654118176546, 101, -1.0
32645.42719980634, 101, 1.0
32653.596343005484, 101, -1.0
32653.62727690356, 103, 1.0
32685.969126377044, 75, 1.0
32705.5042710459, 103, 1.0
32710.563537530557, 44, 1.0
32721.48348690843, 101, 1.0
32726.944275003414, 35, 1.0
32730.516152414453, 103, 1.0
32742.144457692404, 154, -1.0
32755.012407964747, 101, 1.0
32756.383542009225, 35, -1.0
32765.398964483265, 101, -1.0
32769.30823765538, 154, -1.0
32773.21670241809, 154, 1.0
32776.11795889775, 152, -1.0
32778.73360305762, 75, -1.0
32779.108374216106, 44, -1.0
32785.28638095178, 154, 1.0
32792.13206565817, 35, 1.0
32801.37164527855, 152, -1.0
32803.58319941006, 152, -1.0
32813.104693507616, 101, 1.0
32815.54181204089, 152, -1.0
32821.51444181511, 75, 1.0
32844.00963723146, 101, -1.0
32849.849341187175, 35, -1.0
32866.109688958255, 101, 1.0
32866.60556279, 101, -1.0
32868.50973697148, 103, 1.0
32871.42793935636, 75, -1.0
32874.540772484324, 44, -1.0
32876.47562169046, 154, 1.0
32889.34990627221, 103, 1.0
32895.92342831283, 154, -1.0
32900.26399779273, 152, -1.0
32947.683147088464, 35, 1.0
32955.54359003426, 152, 1.0
32969.59745287503, 152, 1.0
32970.42581083311, 148, -1.0
32971.098965407, 35, -1.0
32972.9017181773, 35, -1.0
32975.17760303628, 44, -1.0
32976.107273461224, 101, 1.0
32976.42483602531, 148, -1.0
32985.109921985364, 35, -1.0
32988.78118706894, 75, 1.0
32991.13694746702, 101, 1.0
32993.52770716178, 101, -1.0
32993.599841402014, 152, -1.0
32995.673497480624, 101, 1.0
32996.69007671233, 101, 1.0
33000.684052324534, 101, 1.0
33001.24418916371, 101, 1.0
33014.81919551853, 75, -1.0
33023.76332766539, 154, -1.0
33025.10816675459, 154, 1.0
33027.11756256552, 75, -1.0
33042.32536025793, 152, -1.0
33058.71214994122, 101, -1.0
33059.02763329633, 75, -1.0
33066.76947490961, 35, 1.0
33066.95949632307, 75, 1.0
33067.23026167043, 75, 1.0
33067.493614736995, 152, 1.0
33069.60796215836, 75, -1.0
33073.49784012251, 75, -1.0
33083.82694456972, 75, 1.0
33108.209832601446, 101, 1.0
33115.32277644305, 35, 1.0
33119.410941397175, 101, 1.0
33121.55958916258, 154, -1.0
33128.38527124978, 75, 1.0
33145.588357724075, 154, -1.0
33169.60534962945, 75, 1.0
33175.040553661085, 152, 1.0
33178.94618235717, 44, -1.0
33181.59981991437, 101, 1.0
33187.855620866874, 101, -1.0
33193.75112638611, 75, -1.0
33199.73702132429, 148, -1.0
33202.19145424203, 152, 1.0
33213.03696411207, 75, -1.0
33217.49551991099, 103, 1.0
33218.83692829452, 35, -1.0
33222.12799493189, 152, -1.0
33231.44696344273, 101, 1.0
33233.749466315174, 148, -1.0
33239.54348982661, 44, 1.0
33241.58965913915, 103, 1.0
33243.617189128905, 103, 1.0
33253.11670586506, 148, 1.0
33265.37170122252, 154, 1.0
33275.69289781929, 75, 1.0
33276.737940700834, 154, 1.0
33282.786269301345, 35, 1.0
33285.112470637134, 101, -1.0
33286.87939611906, 101, 1.0
33299.90697304571, 103, 1.0
33307.391006515696, 103, -1.0
33313.78946349439, 35, -1.0
33313.855291441934, 75, -1.0
33315.4770165709, 152, -1.0
33330.668585688676, 35, 1.0
33332.11724879956, 75, -1.0
33335.45099375315, 152, -1.0
33340.553896380225, 35, 1.0
33351.68012358066, 101, 1.0
33352.008378173035, 35, 1.0
33359.91364564639, 103, 1.0
33362.82308554765, 75, 1.0
33378.21539502386, 101, -1.0
33389.8217540602, 103, 1.0
33390.29886165485, 101, 1.0
33398.50076701163, 152, 1.0
33408.56414328505, 75, -1.0
33413.7080204073, 101, -1.0
33432.993941846886, 101, 1.0
33436.808860831276, 154, -1.0
33445.09290151608, 35, 1.0
33447.08104269701, 154, 1.0
33454.20979144896, 44, -1.0
33458.86849906894, 35, 1.0
33460.84803330818, 75, -1.0
33460.90874401293, 154, 1.0
33479.2019389006, 101, -1.0
33484.96748343709, 101, -1.0
33485.186074973804, 75, -1.0
33488.09610501241, 101, -1.0
33492.655383230056, 75, -1.0
33493.901549162474, 101, -1.0
33494.10605058171, 154, -1.0
33495.17643172711, 154, -1.0
33497.394545121475, 75, -1.0
33507.07076783351, 101, 1.0
33507.53226270046, 75, -1.0
33508.32792198516, 75, -1.0
33509.447568116026, 75, 1.0
33513.198919220835, 75, -1.0
33523.458575018565, 154, -1.0
33525.257568797526, 75, 1.0
33531.43066231074, 101, 1.0
33533.90335918534, 154, 1.0
33545.851194882474, 148, -1.0
33549.48925658745, 103, 1.0
33579.201725238265, 44, 1.0
33581.36134787688, 154, -1.0
33587.83005519121, 35, 1.0
33588.583622412494, 152, -1.0
33608.8401743868, 148, 1.0
33610.57353634989, 35, 1.0
33629.1921635993, 101, 1.0
33630.99347546505, 103, 1.0
33638.56551667512, 44, -1.0
33649.36675068318, 148, -1.0
33660.81151104229, 152, -1.0
33668.59720143605, 152, -1.0
33701.6515224116, 152, -1.0
33712.09705930175, 152, -1.0
33725.58581355347, 103, 1.0
33728.67843558612, 154, 1.0
33742.237914837184, 101, 1.0
33754.064690172076, 75, 1.0
33759.7078087031, 75, 1.0
33761.29114344722, 148, -1.0
33762.87946428399, 44, -1.0
33766.072183858654, 101, -1.0
33780.01692711103, 101, 1.0
33785.865604775274, 101, 1.0
33789.60395607645, 101, -1.0
33798.24550396789, 35, 1.0
33799.83408654741, 154, -1.0
33801.56761751313, 75, 1.0
33802.889388633404, 44, -1.0
33806.63544362083, 103, -1.0
33809.73689429048, 101, -1.0
33821.83713183557, 154, 1.0
33830.96830742323, 75, -1.0
33831.301989396336, 101, 1.0
33834.119284786924, 103, 1.0
33839.02431818954, 35, 1.0
33845.724110342504, 44, -1.0
33847.7089300971, 101, 1.0
33852.332689998904, 101, -1.0
33861.619173390056, 103, 1.0
33866.21788367682, 75, -1.0
33876.543008901834, 75, 1.0
33887.44981875955, 152, -1.0
33887.603393149504, 75, -1.0
33891.037017351504, 101, -1.0
33891.860120186575, 75, -1.0
33894.71627676727, 35, -1.0
33896.01909517193, 103, 1.0
33900.13769740502, 154, -1.0
33900.97041161824, 75, 1.0
33918.03217433966, 101, 1.0
33927.52897419938, 75, -1.0
33931.385745747655, 152, -1.0
33937.19972693415, 44, 1.0
33938.207147744324, 44, -1.0
33939.2518179604, 148, 1.0
33939.283129151656, 152, -1.0
33939.97271589179, 103, 1.0
33955.798749918045, 154, 1.0
33956.3730413374, 103, 1.0
33969.68962111089, 75, -1.0
33973.232351428356, 75, 1.0
33973.5393629309, 152, -1.0
33982.61936655551, 101, 1.0
33984.39772917965, 75, -1.0
33986.50073297912, 101, -1.0
33994.66469967448, 35, -1.0
33999.481911735726, 75, -1.0
34007.36295028318, 152, -1.0
34028.147653672204, 101, -1.0
34034.6445413129, 101, -1.0
34039.36472422629, 75, 1.0
34039.680684762556, 35, 1.0
34043.408091399906, 101, 1.0
34044.420698536545, 152, -1.0
34051.6413289184, 101, 1.0
34053.46569299747, 101, 1.0
34056.62873059874, 148, 1.0
34068.030961257056, 152, -1.0
34085.4111707415, 75, 1.0
34085.84513712434, 35, 1.0
34089.66738863592, 152, -1.0
34092.175909632744, 103, -1.0
34093.15692876237, 154, 1.0
34112.65539782045, 75, 1.0
34114.700184595924, 75, 1.0
34117.17239176094, 154, 1.0
34126.84647062202, 75, 1.0
34132.49532964963, 35, 1.0
34168.29753161855, 75, 1.0
34168.89708963565, 75, -1.0
34172.42029795943, 152, -1.0
34173.99913520457, 103, 1.0
34179.70275656882, 152, 1.0
34193.52642602152, 101, 1.0
34197.514133573604, 75, -1.0
34213.210992114175, 44, 1.0
34217.053788220124, 35, 1.0
34239.76064543957, 75, -1.0
34244.948378851695, 75, 1.0
34249.01933061982, 75, 1.0
34258.00552692304, 152, 1.0
34282.729075747404, 101, -1.0
34286.72343695283, 154, 1.0
34291.37899959625, 154, -1.0
34311.26821228884, 75, 1.0
34312.994883347776, 101, 1.0
34315.09203834767, 154, 1.0
34315.536462433636, 148, -1.0
34320.5876366788, 103, 1.0
34320.76931508308, 103, 1.0
34321.36621339496, 152, 1.0
34342.4632201276, 154, -1.0
34349.21765189188, 103, 1.0
34361.14246771406, 35, 1.0
34368.54169228718, 101, 1.0
34372.70194460703, 152, -1.0
34373.70584181459, 103, 1.0
34373.84028097254, 101, 1.0
34385.16726387331, 101, -1.0
34387.35783624069, 75, 1.0
34409.482917759306, 101, -1.0
34419.15353248778, 75, -1.0
34426.70330323894, 103, 1.0
34429.78227273684, 103, 1.0
34441.56581945017, 75, 1.0
34449.991705230335, 101, -1.0
34453.49883035464, 154, -1.0
34454.974922092886, 152, -1.0
34459.23203857384, 101, 1.0
34460.43021928682, 101, 1.0
34463.82007154482, 75, 1.0
34482.74378333052, 35, 1.0
34483.66794595009, 152, -1.0
34490.8650926552, 154, -1.0
34510.485893499186, 75, -1.0
34515.50701776653, 103, 1.0
34518.1498341126, 101, 1.0
34531.745969177115, 148, -1.0
34531.90432240839, 152, -1.0
34532.93385611225, 75, 1.0
34534.46711675249, 44, -1.0
34535.4161186441, 35, -1.0
34543.49533773226, 35, 1.0
34572.72226267845, 154, 1.0
34581.65181952023, 44, 1.0
34585.65792382051, 35, 1.0
34589.96389109886, 101, 1.0
34601.0158223022, 148, 1.0
34603.69007234549, 152, 1.0
34610.80002457224, 101, -1.0
34621.95696276648, 152, 1.0
34622.06993115722, 154, -1.0
34623.52361845478, 154, -1.0
34627.682246483804, 75, -1.0
34628.39884705901, 75, -1.0
34635.656805564795, 75, 1.0
34641.1016150516, 101, -1.0
34646.24052719163, 75, 1.0
34656.64121431823, 154, -1.0
34659.003669879865, 44, 1.0
34659.89917268605, 101, -1.0
34660.19282799949, 44, -1.0
34663.17474870551, 75, -1.0
34666.38726942599, 154, -1.0
34667.13880787204, 154, -1.0
34692.3348172031, 148, 1.0
34694.21556905223, 75, 1.0
34695.20138063111, 103, 1.0
34712.88557261652, 154, -1.0
34734.68421027464, 148, 1.0
34740.310953687105, 152, -1.0
34743.862556666216, 75, 1.0
34744.615879899655, 35, 1.0
34749.218160065815, 101, 1.0
34750.42582698009, 75, 1.0
34751.19753260476, 75, 1.0
34751.54773427741, 103, -1.0
34763.92238360629, 101, -1.0
34765.588120663786, 75, -1.0
34766.45382524786, 44, -1.0
34766.82854151804, 44, -1.0
34768.533001819036, 148, -1.0
34773.47963870626, 103, 1.0
34776.60722159424, 35, 1.0
34787.53236876413, 44, -1.0
34789.14362903711, 103, 1.0
34794.88364827196, 152, 1.0
34796.24038741241, 152, -1.0
34800.02494445595, 154, 1.0
34801.83044155134, 152, 1.0
34804.14583316327, 152, -1.0
34804.31968389458, 148, -1.0
34805.57943901417, 154, 1.0
34815.969054301764, 75, -1.0
34826.972218533374, 152, -1.0
34829.54326301645, 154, 1.0
34845.680578575986, 101, 1.0
34848.27195068911, 152, -1.0
34850.80849168464, 35, 1.0
34858.723783290785, 44, -1.0
34860.250439742864, 154, 1.0
34862.486402708746, 103, 1.0
34868.6190437438, 101, -1.0
34872.06167749162, 152, -1.0
34872.89927408086, 75, -1.0
34874.49103673868, 35, 1.0
34877.85765584084, 101, 1.0
34878.32590563207, 103, 1.0
34879.82763077834, 35, 1.0
34881.289991530044, 35, -1.0
34886.26310687465, 101, 1.0
34891.48825999057, 152, -1.0
34894.32518167854, 75, 1.0
34895.54739473989, 103, 1.0
34904.626208145455, 148, -1.0
34904.968853315695, 152, -1.0
34907.076711306276, 101, 1.0
34907.6887947702, 103, 1.0
34910.688807370025, 35, 1.0
34917.341033239885, 103, 1.0
34940.683341807584, 44, 1.0
34946.23180392485, 101, 1.0
34950.062350030676, 152, -1.0
34959.10403794017, 152, -1.0
34980.261762487935, 35, -1.0
34981.47893698539, 101, -1.0
34993.433255921875, 75, -1.0
34994.16280690481, 35, 1.0
34998.91882641012, 152, -1.0
35001.70902933143, 154, 1.0
35007.055382899336, 101, -1.0
35011.60939122136, 75, 1.0
35012.45927072881, 44, -1.0
35018.6345247079, 103, 1.0
35019.964884665766, 103, -1.0
35038.27419584795, 44, -1.0
35044.05447966408, 75, 1.0
35048.86772291598, 75, -1.0
35049.29310576574, 152, 1.0
35053.395605452955, 75, 1.0
35056.05533321606, 75, 1.0
35060.0707589724, 101, 1.0
35064.57960764274, 75, 1.0
35074.63553559829, 35, -1.0
35075.01154511575, 35, -1.0
35082.7242561109, 101, -1.0
35084.55659517426, 154, -1.0
35092.64381926138, 75, -1.0
35096.108245413634, 75, -1.0
35100.407072609654, 75, -1.0
35101.86083120108, 101, 1.0
35108.96108083571, 101, 1.0
35116.95797296979, 103, -1.0
35129.31826318504, 152, 1.0
35129.46308189918, 152, 1.0
35133.990073884794, 35, 1.0
35134.548958477455, 101, -1.0
35135.27380558345, 35, -1.0
35144.93925047993, 103, 1.0
35152.65438570359, 101, 1.0
35175.416492544195, 101, -1.0
35192.76408916692, 75, 1.0
35195.93987538076, 101, 1.0
35201.769496831876, 35, 1.0
35204.422226054055, 154, -1.0
35204.97452585702, 44, 1.0
35212.834616793625, 35, -1.0
35215.96976740355, 101, 1.0
35218.63466466861, 154, 1.0
35221.95463221643, 101, 1.0
35231.17895734473, 148, -1.0
35234.10382870953, 75, 1.0
35234.400900797555, 103, 1.0
35235.59350856223, 152, -1.0
35237.317981627544, 75, 1.0
35244.10873755741, 154, -1.0
35244.46158601874, 75, 1.0
35247.23885636721, 75, 1.0
35247.588717437284, 101, -1.0
35248.8920744599, 152, -1.0
35296.33855514449, 101, 1.0
35296.95041588803, 154, 1.0
35297.61726925771, 75, -1.0
35297.949028448595, 103, 1.0
35304.28252094878, 101, 1.0
35307.685491911645, 75, 1.0
35314.7554996146, 152, 1.0
35315.68497877063, 44, -1.0
35315.9295631918, 101, -1.0
35320.01072157154, 35, 1.0
35356.56222835727, 35, 1.0
35366.17122570411, 154, -1.0
35381.24485529107, 75, -1.0
35384.406239438606, 101, 1.0
35385.16378576244, 103, 1.0
35394.54620234983, 101, 1.0
35401.67392304554, 152, -1.0
35407.05363556524, 103, 1.0
35416.97785770351, 101, -1.0
35419.68774663186, 101, -1.0
35421.82738727586, 35, -1.0
35428.34085293982, 75, -1.0
35430.19242277818, 101, 1.0
35433.05942793087, 103, 1.0
35436.1410998817, 154, -1.0
35443.178017450125, 152, -1.0
35447.41113818183, 154, 1.0
35448.723854947304, 154, 1.0
35453.271848500044, 75, -1.0
35453.37400734438, 103, 1.0
35458.50507630634, 154, 1.0
35467.50639069366, 154, 1.0
35476.54462841649, 101, -1.0
35480.470270011, 44, -1.0
35481.60888747161, 152, -1.0
35494.1001060751, 101, 1.0
35498.143290367654, 101, -1.0
35499.53742515277, 154, -1.0
35501.85178584381, 75, -1.0
35508.94624947483, 75, 1.0
35521.119905446525, 101, 1.0
35522.38738765779, 152, -1.0
35526.66927404609, 101, -1.0
35531.93317021383, 148, 1.0
35542.26541433506, 101, -1.0
35543.99023039059, 35, 1.0
35544.30726720914, 154, -1.0
35544.608817695334, 152, -1.0
35559.10021915621, 152, -1.0
35562.332654528276, 101, -1.0
35570.60779264143, 101, -1.0
35589.52936098056, 103, 1.0
35590.17431858736, 101, -1.0
35590.94251262171, 101, -1.0
35592.70785324922, 101, -1.0
35596.88331485027, 44, -1.0
35598.67470751174, 101, 1.0
35604.77406621629, 154, -1.0
35621.67857594798, 75, 1.0
35624.146120226294, 152, -1.0
35634.98107067922, 101, 1.0
35646.89596064705, 101, 1.0
35648.35624187517, 35, 1.0
35671.68017185112, 75, 1.0
35675.76782086136, 101, 1.0
35677.39639104828, 152, 1.0
35681.79161825947, 152, -1.0
35684.59392674439, 152, -1.0
35691.734890755426, 75, -1.0
35698.09528341261, 101, 1.0
35700.05250338007, 103, 1.0
35707.28528145051, 101, 1.0
35711.65524900747, 101, 1.0
35714.220929138675, 35, 1.0
35717.284266362105, 152, -1.0
35717.417817465146, 101, 1.0
35719.805488558224, 35, -1.0
35728.86606853535, 75, -1.0
35730.49996542388, 35, -1.0
35740.60931410997, 35, 1.0
35741.28588403569, 101, -1.0
35758.523558468085, 75, 1.0
35762.41117733078, 154, -1.0
35762.884806738664, 103, 1.0
35768.6154514778, 35, -1.0
35773.29910448728, 152, -1.0
35773.8422806505, 101, 1.0
35775.5496981184, 75, -1.0
35776.07822890487, 75, -1.0
35777.572705930375, 75, 1.0
35780.289805755325, 152, 1.0
35787.59021066044, 152, -1.0
35796.79794966538, 35, -1.0
35797.98270288191, 152, -1.0
35822.63023349415, 154, 1.0
35828.62464749269, 75, -1.0
35828.73954278232, 101, 1.0
35839.796322290946, 152, -1.0
35847.69909162955, 154, -1.0
35850.57468251345, 101, 1.0
35854.71876764806, 35, -1.0
35862.42783473723, 35, -1.0
35863.0600382605, 103, 1.0
35863.939871756076, 44, -1.0
35870.00127630299, 35, 1.0
35884.855474909135, 103, 1.0
35891.9346301325, 101, 1.0
35897.8520292417, 75, -1.0
35908.82697346653, 35, -1.0
35913.11977629869, 35, 1.0
35918.57182612372, 101, 1.0
35920.663655972436, 75, 1.0
35934.76620744757, 148, -1.0
35937.66551343319, 103, 1.0
35938.319152282085, 103, 1.0
35952.9716864835, 103, 1.0
35964.38129065189, 75, -1.0
35965.6630175338, 154, 1.0
35974.287828163855, 101, 1.0
35976.9604217919, 152, -1.0
35981.100347950596, 154, 1.0
