21605.213114021928, 154, 1.0
21613.01328210546, 75, 1.0
21620.47573057866, 75, 1.0
21628.19734624271, 44, -1.0
21644.552458920152, 75, 1.0
21644.699808285324, 152, -1.0
21648.635963715366, 154, 1.0
21654.76489435203, 152, -1.0
21658.365953446133, 154, 1.0
21661.457576438013, 154, 1.0
21666.014650097517, 101, -1.0
21677.53973353805, 152, -1.0
21679.036365273554, 148, -1.0
21681.276699901107, 152, -1.0
21681.75439390263, 152, -1.0
21682.53188565678, 148, 1.0
21686.61150808586, 148, -1.0
21693.391301496096, 152, 1.0
21704.8224493362, 75, -1.0
21713.073545256546, 154, 1.0
21717.388796655778, 44, -1.0
21726.50961854832, 152, -1.0
21735.59935354938, 35, 1.0
21736.316632116388, 154, 1.0
21744.256396335568, 152, 1.0
21744.60055306593, 152, -1.0
21752.52342029541, 148, 1.0
21759.01864210714, 154, 1.0
21764.609470703588, 152, 1.0
21772.90732045384, 152, -1.0
21773.583354750244, 75, -1.0
21782.785894562123, 154, 1.0
21794.655066021995, 154, 1.0
21805.27709700811, 44, -1.0
21820.461474722106, 148, -1.0
21820.506683310283, 101, 1.0
21821.288591746008, 75, 1.0
21826.070631673672, 75, 1.0
21830.14003569199, 75, -1.0
21831.751168623865, 152, -1.0
21837.251781419985, 148, -1.0
21859.09837283711, 152, -1.0
21866.087041851613, 75, 1.0
21868.814413290667, 152, -1.0
21870.74226925064, 154, 1.0
21873.42332839172, 103, -1.0
21875.655058816395, 152, -1.0
21880.56345380151, 35, 1.0
21892.91400203874, 154, -1.0
21898.93231899628, 152, -1.0
21899.448137245603, 154, 1.0
21902.319409424483, 35, -1.0
21925.172204953084, 154, -1.0
21927.215692351576, 152, -1.0
21942.266681862984, 152, 1.0
21956.970804015313, 101, 1.0
21958.487885922048, 75, 1.0
21964.518857508196, 148, -1.0
21982.494695785572, 152, -1.0
21994.361497416096, 101, -1.0
21994.839422947683, 75, 1.0
21996.09695657014, 101, 1.0
22001.339950217553, 44, -1.0
22003.694985476843, 148, -1.0
22004.62481240394, 75, -1.0
22009.501099482404, 101, -1.0
22011.26526518527, 75, 1.0
22013.10648768844, 35, -1.0
22027.930844238053, 101, -1.0
22034.68580628781, 154, 1.0
22036.629543363033, 103, -1.0
22046.042298014607, 152, 1.0
22051.081385260037, 101, -1.0
22055.87822292186, 44, 1.0
22056.135468966455, 152, -1.0
22067.798636862273, 75, -1.0
22071.88191535437, 154, 1.0
22093.742329551576, 75, 1.0
22095.369696725276, 154, 1.0
22100.640975490907, 148, -1.0
22112.089827036598, 154, 1.0
22113.043092328597, 152, -1.0
22116.05825546649, 35, -1.0
22117.480475162723, 152, -1.0
22120.71613145722, 44, -1.0
22120.903184115166, 75, 1.0
22122.086730893818, 101, -1.0
22125.803461208, 75, -1.0
22127.78707427619, 152, -1.0
22129.69390714548, 35, -1.0
22137.091206917485, 154, 1.0
22142.628782959186, 101, -1.0
22145.737574670824, 44, -1.0
22145.87362971418, 154, -1.0
22157.13385968363, 75, 1.0
22158.80446954338, 154, -1.0
22160.398692576706, 101, -1.0
22171.070527054806, 35, -1.0
22179.446988092783, 152, -1.0
22179.812832471987, 101, -1.0
22182.649748824926, 75, -1.0
22188.30930740627, 148, 1.0
22190.83037619084, 148, -1.0
22197.79776546159, 75, 1.0
22198.53650844415, 35, -1.0
22199.408082544418, 44, -1.0
22216.825927669153, 154, 1.0
22223.025985885666, 75, 1.0
22226.89212089203, 35, -1.0
22247.665905812435, 101, 1.0
22248.054947029814, 154, 1.0
22251.677575172078, 44, -1.0
22259.622834570986, 148, -1.0
22261.989679626626, 35, -1.0
22271.069177545614, 75, 1.0
22271.099957877203, 152, -1.0
22276.360291166093, 44, -1.0
22283.177911854935, 154, 1.0
22284.97163875149, 152, -1.0
22288.40062771289, 35, -1.0
22292.372438283954, 35, -1.0
22297.980212703373, 75, 1.0
22298.382707148958, 152, -1.0
22306.05558791306, 148, -1.0
22310.16587641647, 35, -1.0
22312.445998391195, 101, -1.0
22319.53696079498, 35, 1.0
22323.233673344344, 148, -1.0
22328.551729109462, 152, 1.0
22335.58033263936, 35, -1.0
22342.86747785198, 152, 1.0
22343.638491926726, 44, -1.0
22344.943139387575, 152, -1.0
22355.45717847085, 152, -1.0
22368.389655930383, 154, 1.0
22370.030392565135, 75, 1.0
22372.00576972627, 152, 1.0
22381.010716312667, 101, -1.0
22383.87720158768, 44, -1.0
22385.834777570002, 44, 1.0
22386.979823412643, 75, 1.0
22394.697177112, 148, 1.0
22405.2232657644, 148, -1.0
22410.671612604954, 154, 1.0
22412.44832159163, 75, -1.0
22413.758285925665, 75, -1.0
22425.544446636508, 152, -1.0
22428.990594720864, 44, -1.0
22438.088181039613, 148, -1.0
22443.764039401838, 44, -1.0
22446.18137452957, 75, 1.0
22472.256723604805, 154, 1.0
22473.92057351202, 75, 1.0
22481.518061672257, 154, 1.0
22486.68558280205, 101, 1.0
22503.55822640358, 154, -1.0
22536.405301547456, 35, 1.0
22541.432996550186, 35, 1.0
22542.174917615204, 75, 1.0
22542.78270585697, 101, 1.0
22566.0212950275, 152, 1.0
22571.986503757333, 148, -1.0
22575.836031515715, 35, 1.0
22590.189264886285, 101, -1.0
22593.033476469387, 75, -1.0
22595.610111860507, 75, 1.0
22599.73338740968, 148, -1.0
22600.28654108233, 35, 1.0
22600.934560232738, 154, -1.0
22604.259311116304, 35, -1.0
22614.395018215924, 152, 1.0
22632.026112207444, 154, -1.0
22632.981051995812, 44, 1.0
22638.639329895686, 35, -1.0
22641.007957586437, 152, -1.0
22641.445176368266, 152, -1.0
22650.510992603242, 101, 1.0
22654.464764671364, 152, -1.0
22661.677824962586, 75, 1.0
22662.35208787225, 148, -1.0
22662.791505999357, 101, 1.0
22663.441899766985, 148, 1.0
22670.408128610437, 75, -1.0
22676.464368932164, 75, 1.0
22680.25139097737, 44, -1.0
22682.696136305654, 152, -1.0
22684.297693721826, 152, -1.0
22703.424763522686, 154, 1.0
22717.534857962084, 152, -1.0
22720.063831421317, 101, 1.0
22722.559761737146, 154, 1.0
22722.568947457843, 154, 1.0
22726.314025936717, 75, 1.0
22732.93205238158, 154, 1.0
22734.16395902559, 154, 1.0
22739.004346842245, 75, 1.0
22740.303552147736, 35, -1.0
22741.856240098252, 152, -1.0
22747.716720001587, 101, 1.0
22748.539849760713, 44, -1.0
22758.928367421588, 152, -1.0
22764.174883255106, 154, 1.0
22767.843880839417, 148, -1.0
22774.24341607171, 152, 1.0
22784.84862312304, 148, 1.0
22797.84017669655, 44, 1.0
22798.388169365855, 154, 1.0
22798.57770316035, 101, 1.0
22809.362145501782, 154, -1.0
22809.796299100704, 154, 1.0
22812.522687125427, 35, -1.0
22825.719729189248, 75, 1.0
22830.903709915707, 75, 1.0
22831.754825219956, 154, -1.0
22853.06352314555, 75, 1.0
22855.03763980749, 35, -1.0
22856.59075770489, 75, 1.0
22864.98534906568, 154, 1.0
22865.583743235482, 101, -1.0
22867.007446642598, 35, -1.0
22868.707651370998, 101, -1.0
22877.111325755166, 35, -1.0
22891.990582839044, 35, -1.0
22892.951726156163, 75, 1.0
22894.35776032615, 154, 1.0
22896.060061220967, 35, -1.0
22896.688081655135, 44, -1.0
22898.064585411037, 44, -1.0
22907.28676453268, 75, 1.0
22914.59576852347, 75, 1.0
22917.569829562315, 154, 1.0
22921.588017335736, 152, -1.0
22933.548064215094, 35, -1.0
22938.77303013194, 75, 1.0
22946.034406875908, 152, -1.0
22971.850708765996, 152, -1.0
22979.878458895975, 44, 1.0
22981.031806879342, 35, -1.0
22984.980200786114, 44, 1.0
23011.147277173968, 101, 1.0
23013.478277815084, 103, -1.0
23018.96364787531, 35, -1.0
23027.040893163787, 75, 1.0
23034.344786796522, 101, -1.0
23035.387162365114, 75, 1.0
23036.87283640506, 101, 1.0
23051.501561099634, 152, -1.0
23053.433344622852, 35, -1.0
23053.79641807519, 152, -1.0
23059.382001403545, 148, -1.0
23066.182764441157, 101, 1.0
23066.84421815071, 75, 1.0
23067.58330048934, 44, -1.0
23085.19335659213, 35, -1.0
23097.978904233827, 154, -1.0
23099.71247608408, 35, -1.0
23106.269341394953, 75, 1.0
23115.818801710244, 101, -1.0
23116.33082952074, 75, -1.0
23123.18753178679, 154, 1.0
23125.959504902912, 75, 1.0
23126.078639790434, 101, -1.0
23128.478699196086, 75, 1.0
23142.14438134513, 154, 1.0
23147.557981269678, 101, -1.0
23148.863274110565, 154, 1.0
23153.82161229577, 75, 1.0
23155.521502390173, 152, -1.0
23158.681109660392, 154, 1.0
23160.68763477667, 75, 1.0
23161.89690482494, 154, 1.0
23170.90257179861, 35, -1.0
23175.884875965323, 75, 1.0
23196.188831889463, 75, -1.0
23198.008754105562, 148, -1.0
23229.747470285736, 154, 1.0
23229.95548506019, 35, -1.0
23251.27618490558, 101, -1.0
23264.400686134715, 75, 1.0
23268.61778990413, 152, -1.0
23279.22373982752, 148, -1.0
23280.798479067325, 101, -1.0
23286.08815201988, 152, 1.0
23297.402261051597, 154, 1.0
23305.8784567619, 103, -1.0
23306.976131164203, 154, 1.0
23311.908241991314, 35, -1.0
23312.80615643266, 148, -1.0
23313.97721988934, 75, -1.0
23314.91111843362, 154, -1.0
23316.553015767182, 154, 1.0
23323.597461844198, 75, 1.0
23324.43502561324, 154, 1.0
23324.621379122633, 75, 1.0
23331.57019894773, 75, 1.0
23334.010025002597, 154, 1.0
23335.792977111883, 152, -1.0
23355.984050794115, 154, 1.0
23356.794616556974, 35, -1.0
23360.704478613934, 75, -1.0
23360.864602915237, 75, 1.0
23362.27571295517, 75, 1.0
23371.27963987935, 101, -1.0
23375.508651910586, 154, 1.0
23378.289700511275, 154, 1.0
23386.588417807863, 148, -1.0
23389.612778243954, 152, -1.0
23403.670511882654, 35, 1.0
23406.94221346765, 35, 1.0
23422.093571141977, 154, 1.0
23423.405855289402, 101, -1.0
23427.494949038217, 101, -1.0
23431.790641582353, 152, 1.0
23456.62203805767, 75, 1.0
23460.02314665496, 101, -1.0
23464.15174571399, 154, 1.0
23468.37480431166, 75, 1.0
23471.995650004108, 154, 1.0
23472.525029724417, 101, 1.0
23474.644370154154, 148, -1.0
23476.45054413202, 154, 1.0
23488.495798476564, 35, -1.0
23489.082397706123, 154, 1.0
23489.47233879908, 152, -1.0
23513.293288266264, 152, 1.0
23530.14380429136, 148, -1.0
23552.631190730146, 154, 1.0
23555.504480251486, 35, 1.0
23555.981027849855, 154, 1.0
23560.18595703517, 35, -1.0
23571.69940236501, 75, 1.0
23572.911479715156, 101, 1.0
23574.375821611415, 75, 1.0
23587.903053180642, 152, -1.0
23593.947419649157, 101, -1.0
23603.572464965924, 75, 1.0
23611.049935808245, 101, -1.0
23621.213537066014, 148, -1.0
23638.33133032085, 154, 1.0
23643.93938170421, 152, -1.0
23660.800352191945, 75, 1.0
23660.96181408566, 152, -1.0
23669.271821015493, 154, -1.0
23690.635362368015, 75, 1.0
23692.23770579145, 154, 1.0
23693.189268146347, 152, 1.0
23717.190270780324, 101, 1.0
23721.858954615305, 75, 1.0
23722.79961043029, 154, 1.0
23724.549587234127, 75, -1.0
23725.599728557256, 154, 1.0
23726.380874341405, 148, -1.0
23726.978186194672, 154, 1.0
23732.23927257482, 154, 1.0
23734.908517248088, 148, -1.0
23737.79211688943, 154, 1.0
23742.254029360094, 101, -1.0
23742.839768333917, 75, 1.0
23749.12442341266, 154, 1.0
23754.647591651297, 154, 1.0
23759.678518914072, 152, -1.0
23760.18311541444, 148, -1.0
23769.898679026795, 154, -1.0
23771.34421350533, 44, -1.0
23779.81583478039, 75, -1.0
23783.91555364955, 44, -1.0
23784.30802849677, 35, 1.0
23784.848267153862, 35, -1.0
23786.950940611743, 154, 1.0
23811.222534246583, 154, -1.0
23821.475929745193, 75, 1.0
23826.223760996712, 148, -1.0
23835.618612098522, 148, -1.0
23837.115622093388, 154, 1.0
23839.116606268373, 101, 1.0
23843.92535544416, 75, -1.0
23847.192551985347, 75, 1.0
23850.229534031176, 44, -1.0
23870.878708243843, 148, -1.0
23878.753973640298, 44, -1.0
23879.69856251639, 75, 1.0
23889.332443896325, 154, -1.0
23891.585895039778, 75, -1.0
23911.273881908935, 154, 1.0
23914.54496247713, 101, -1.0
23920.137495913637, 103, -1.0
23928.058121969152, 154, 1.0
23932.268139651576, 75, -1.0
23932.864863119667, 35, -1.0
23937.586664360668, 35, -1.0
23937.777116341425, 75, 1.0
23944.26800414258, 154, 1.0
23944.448910991727, 44, -1.0
23951.02307487458, 152, -1.0
23953.395517209054, 154, 1.0
23954.60422622868, 75, 1.0
23957.62985263478, 35, -1.0
23958.680347465397, 44, 1.0
23963.413045145528, 154, 1.0
23963.793179728982, 148, -1.0
23968.1262830157, 101, 1.0
23977.36024438737, 75, 1.0
23980.630864814746, 35, -1.0
23985.281281034062, 44, -1.0
23993.23661752296, 154, 1.0
23996.241129114842, 44, -1.0
23998.2151404109, 154, 1.0
24003.42518344136, 152, 1.0
24007.554839043478, 35, -1.0
24018.36548281144, 75, -1.0
24023.88760128046, 152, 1.0
24024.133131615992, 148, -1.0
24027.384915025694, 35, -1.0
24031.3085351933, 75, -1.0
24047.14006432618, 152, -1.0
24069.822736706108, 75, -1.0
24071.39117474632, 154, 1.0
24073.55644767624, 152, -1.0
24075.103882391075, 35, -1.0
24076.911145540864, 152, -1.0
24084.231300009942, 152, -1.0
24090.224391999764, 154, 1.0
24100.55547805033, 44, -1.0
24111.750018608866, 44, -1.0
24114.868246981634, 35, -1.0
24117.710695763915, 75, 1.0
24118.512532073662, 35, -1.0
24120.437437082335, 75, 1.0
24128.954241867625, 152, -1.0
24137.69030951135, 148, -1.0
24138.872899818387, 44, 1.0
24151.39988566341, 154, 1.0
24159.11306770291, 35, -1.0
24164.34404650864, 75, -1.0
24164.791336914688, 154, 1.0
24177.136336217423, 152, -1.0
24184.36873862375, 154, 1.0
24187.27902751936, 152, 1.0
24199.605384613973, 152, -1.0
24202.06099861071, 152, -1.0
24212.194837868807, 75, 1.0
24230.757226815465, 154, 1.0
24231.49974249795, 75, 1.0
24236.636674474106, 152, -1.0
24241.17799915362, 101, -1.0
24243.72257072979, 75, 1.0
24245.484674647818, 148, -1.0
24246.767261185283, 148, -1.0
24248.575326924143, 152, -1.0
24250.223979907496, 154, 1.0
24252.414601545257, 44, -1.0
24254.218911649335, 154, -1.0
24256.968826343145, 101, 1.0
24264.541292521346, 152, -1.0
24265.096662920125, 35, -1.0
24268.178488254984, 152, -1.0
24271.516981555724, 154, 1.0
24289.334371551555, 152, -1.0
24293.621115980262, 75, -1.0
24336.29903959682, 154, 1.0
24341.04403123679, 154, 1.0
24343.87029802951, 75, 1.0
24354.62684655487, 154, 1.0
24354.62874132599, 154, 1.0
24356.921947282888, 103, -1.0
24357.896349431485, 35, -1.0
24366.270158558404, 75, 1.0
24366.486968979963, 148, -1.0
24374.549422499498, 152, -1.0
24374.993298425445, 154, 1.0
24378.025730528003, 152, -1.0
24400.315048942943, 75, 1.0
24405.619359325276, 152, -1.0
24410.97581965685, 75, 1.0
24413.72306285175, 152, -1.0
24417.240586135125, 75, -1.0
24428.27892526155, 101, -1.0
24437.8063284125, 75, 1.0
24437.948810036618, 152, -1.0
24443.53724890965, 152, 1.0
24444.18500663263, 103, -1.0
24461.00314526227, 154, 1.0
24461.008389872255, 44, -1.0
24473.864741497462, 152, -1.0
24485.11264561625, 75, 1.0
24491.56501516532, 148, 1.0
24508.134791495373, 75, 1.0
24508.85103933619, 152, 1.0
24529.575743056168, 154, 1.0
24535.380622292465, 44, -1.0
24538.431727177307, 101, -1.0
24546.894246820455, 154, 1.0
24567.347841110917, 75, 1.0
24576.24231872484, 101, 1.0
24585.639954345024, 75, -1.0
24589.060590445148, 35, -1.0
24592.667567964956, 35, -1.0
24596.56035757301, 154, 1.0
24603.858925228633, 75, 1.0
24605.45220585119, 44, -1.0
24622.414558198663, 154, 1.0
24632.868480124736, 152, -1.0
24633.113241020044, 35, 1.0
24638.82260788049, 101, -1.0
24640.614485075475, 154, 1.0
24644.751644314754, 101, -1.0
24645.644354007174, 101, 1.0
24652.26047205516, 152, -1.0
24654.674145643017, 152, -1.0
24654.865207691735, 101, -1.0
24663.821801556576, 35, -1.0
24671.965845649556, 152, -1.0
24677.71302053595, 75, -1.0
24682.050485230713, 152, 1.0
24683.25721004833, 35, -1.0
24683.701463518253, 35, 1.0
24705.826647775983, 152, -1.0
24718.517633346062, 152, -1.0
24722.993874223215, 154, -1.0
24726.982056768673, 154, -1.0
24752.207772121972, 152, -1.0
24764.88111409172, 75, 1.0
24766.023421456124, 148, 1.0
24778.595318324304, 75, 1.0
24779.24495044546, 101, -1.0
24783.30295646751, 75, 1.0
24786.374781067436, 101, -1.0
24794.345458869233, 148, 1.0
24799.179480364844, 103, -1.0
24799.980361523252, 154, 1.0
24801.455268407248, 154, 1.0
24803.19961429433, 154, 1.0
24813.86039958974, 44, -1.0
24814.446156184822, 152, -1.0
24835.93396854639, 75, 1.0
24838.137838245162, 152, -1.0
24847.390895166445, 35, -1.0
24848.33923440761, 152, -1.0
24852.718335213376, 103, -1.0
24880.439229469936, 152, 1.0
24891.643976306164, 75, 1.0
24897.50392272493, 75, 1.0
24898.52822301418, 148, -1.0
24913.838691043766, 152, -1.0
24917.232994390455, 152, -1.0
24918.29330726236, 148, -1.0
24926.811458893575, 75, 1.0
24938.455355177808, 75, 1.0
24939.94379700427, 75, -1.0
24944.47270676816, 75, 1.0
24948.880635511305, 101, -1.0
24949.494221500594, 101, -1.0
24955.031678857435, 101, 1.0
24960.211573402044, 148, 1.0
24968.41702812719, 101, 1.0
24968.813030975336, 101, -1.0
24977.730920991387, 152, -1.0
24978.896268023156, 101, -1.0
24980.32573592075, 152, -1.0
24985.4550103261, 44, -1.0
24988.18574972715, 152, 1.0
24989.54294621069, 154, 1.0
24994.92466574356, 101, 1.0
24998.326007453838, 101, -1.0
25000.731185922115, 152, -1.0
25003.108273801114, 44, -1.0
25006.599670355226, 154, 1.0
25010.010472689704, 152, -1.0
25027.240224208952, 75, 1.0
25030.62154435873, 152, 1.0
25054.834153254757, 154, -1.0
25055.28548404879, 44, -1.0
25071.259053503225, 152, 1.0
25076.28442082242, 101, -1.0
25101.003329234085, 154, 1.0
25111.48773190354, 154, 1.0
25118.74264971226, 44, -1.0
25121.82112575765, 154, 1.0
25132.190370462362, 148, -1.0
25132.444089066237, 35, -1.0
25133.731224702668, 154, 1.0
25136.441525942766, 154, 1.0
25139.168494676225, 75, 1.0
25141.038427107684, 75, 1.0
25143.20706345114, 44, -1.0
25154.270320883035, 35, -1.0
25154.355650342688, 101, -1.0
25166.394442486522, 148, -1.0
25175.251369400063, 154, 1.0
25183.131291531765, 75, 1.0
25183.326731813788, 44, 1.0
25194.778444126434, 154, 1.0
25201.097884667466, 35, 1.0
25204.49161196682, 103, 1.0
25204.61870958101, 103, 1.0
25212.91157553028, 152, -1.0
25216.56823436413, 103, 1.0
25218.829904773218, 101, 1.0
25220.096693160533, 75, 1.0
25228.217985821084, 75, 1.0
25239.477836627444, 75, 1.0
25241.99800958046, 75, -1.0
25244.4083320637, 101, -1.0
25244.442572005744, 148, -1.0
25252.339789260222, 75, -1.0
25252.92376531305, 103, 1.0
25269.639719222087, 152, -1.0
25293.18320347821, 35, -1.0
25301.822082902003, 44, -1.0
25317.61768740159, 75, 1.0
25334.910968813125, 103, 1.0
25347.268953058814, 101, -1.0
25349.335145303583, 75, -1.0
25350.23303780358, 35, 1.0
25352.316781549453, 75, 1.0
25352.559390485545, 101, -1.0
25357.00169204442, 44, -1.0
25375.007109543978, 75, 1.0
25375.319198625282, 35, -1.0
25382.32252375618, 154, 1.0
25385.356374173178, 154, 1.0
25391.694538212607, 44, -1.0
25392.25282847939, 152, -1.0
25421.59786329176, 101, 1.0
25436.424870954404, 75, -1.0
25437.78358938063, 101, 1.0
25448.350160354137, 75, -1.0
25463.99635205468, 101, 1.0
25465.23230552647, 152, -1.0
25472.037516611585, 75, 1.0
25474.690709644885, 152, -1.0
25475.46356978714, 44, -1.0
25482.259229689447, 44, -1.0
25485.871207267533, 44, -1.0
25486.02329852654, 152, 1.0
25488.64966368234, 101, 1.0
25498.419323037597, 154, -1.0
25501.410459101797, 103, 1.0
25502.604554261095, 101, -1.0
25504.58628677325, 35, -1.0
25508.55103318373, 35, -1.0
25512.307626690275, 148, -1.0
25516.836023566433, 103, 1.0
25518.58897259267, 154, 1.0
25518.97232145555, 154, -1.0
25529.466382665654, 152, -1.0
25534.2077217163, 35, 1.0
25536.937880536065, 101, 1.0
25540.293194384438, 103, 1.0
25580.380069743063, 35, 1.0
25624.895798220485, 101, 1.0
25631.39288063102, 152, -1.0
25637.777856801098, 75, 1.0
25637.881833451727, 75, -1.0
25640.964592291948, 75, -1.0
25659.33301252304, 103, 1.0
25669.323031115313, 35, 1.0
25669.84834109602, 152, -1.0
25673.817578135742, 154, 1.0
25674.62501666827, 44, -1.0
25686.538298584288, 152, -1.0
25688.18816858083, 148, -1.0
25692.27342948009, 152, -1.0
25710.7329094745, 103, 1.0
25727.446781600116, 75, -1.0
25745.238723956354, 44, -1.0
25751.84194196389, 154, 1.0
25763.901857690762, 152, -1.0
25767.118200167995, 101, 1.0
25767.789271648948, 75, -1.0
25776.1639194741, 103, -1.0
25776.232124664377, 75, -1.0
25777.501280599892, 35, 1.0
25778.70749858591, 35, -1.0
25782.28835988835, 44, 1.0
25786.4607361461, 44, 1.0
25788.90815817737, 101, -1.0
25789.460573561366, 35, 1.0
25791.282457973914, 75, -1.0
25802.208885610977, 75, 1.0
25807.546208794312, 103, 1.0
25809.020387410255, 101, 1.0
25810.092059633287, 101, 1.0
25810.833717080463, 154, 1.0
25812.79981318591, 101, -1.0
25828.558901279073, 101, 1.0
25829.185863611794, 148, -1.0
25831.449350723648, 103, 1.0
25848.13747797869, 75, 1.0
25853.828213495814, 44, -1.0
25854.593419317225, 101, 1.0
25861.720993123272, 75, 1.0
25876.1529496799, 75, -1.0
25884.027767367646, 154, 1.0
25889.512657026793, 44, -1.0
25891.821003933885, 148, -1.0
25900.030074768903, 103, -1.0
25925.34926315672, 75, 1.0
25928.023479010102, 154, 1.0
25937.38643529779, 35, 1.0
25938.486711672613, 44, -1.0
25941.369757994064, 101, -1.0
25944.562936262086, 101, 1.0
25959.113675138316, 44, -1.0
25973.93110684479, 152, -1.0
25982.93607792128, 75, -1.0
26002.63938511793, 148, -1.0
26012.83928435083, 101, -1.0
26015.004964566757, 75, -1.0
26021.670022039958, 75, -1.0
26023.38464101322, 101, 1.0
26028.772644144756, 44, -1.0
26032.923500069588, 75, 1.0
26033.203600313864, 44, -1.0
26033.708288252106, 148, 1.0
26043.36062258674, 103, -1.0
26045.15410085482, 101, 1.0
26046.731536892014, 101, 1.0
26067.196975261595, 35, -1.0
26071.780984298573, 148, -1.0
26075.14319961397, 103, 1.0
26079.92688372408, 103, 1.0
26085.54601975516, 44, -1.0
26085.900928807874, 103, 1.0
26090.603144610734, 101, 1.0
26100.226700933876, 152, -1.0
26105.147638637733, 75, 1.0
26114.526489397555, 103, 1.0
26126.35666630956, 152, -1.0
26129.80209870771, 103, 1.0
26132.659695173435, 148, -1.0
26137.733947038196, 154, 1.0
26141.197315031877, 152, -1.0
26141.208827655213, 154, 1.0
26144.26308131023, 154, 1.0
26151.715198936534, 44, -1.0
26154.445364643503, 101, 1.0
26157.429406215364, 148, -1.0
26160.2229949837, 152, 1.0
26171.556530747777, 101, 1.0
26175.99771381205, 44, 1.0
26177.56705403194, 152, -1.0
26179.235045194557, 152, -1.0
26180.321365961983, 152, -1.0
26182.619337644715, 75, 1.0
26210.6083047795, 35, 1.0
26221.90553831707, 101, 1.0
26225.281786884116, 152, 1.0
26226.483406275842, 154, 1.0
26231.61884164007, 103, 1.0
26234.200976092572, 103, -1.0
26236.193765558895, 35, -1.0
26237.597217536284, 103, 1.0
26238.947752806536, 103, 1.0
26242.986541556264, 75, -1.0
26250.752507259203, 44, -1.0
26258.016310035473, 101, 1.0
26270.096337485225, 75, -1.0
26271.48441373641, 103, 1.0
26275.977906992488, 103, 1.0
26278.92150956859, 44, -1.0
26281.699798047073, 44, -1.0
26284.41640292064, 101, -1.0
26285.01707632125, 75, -1.0
26289.57636173097, 103, 1.0
26310.81917101315, 35, -1.0
26322.535318317503, 44, -1.0
26323.70823756626, 103, 1.0
26341.602149883798, 75, -1.0
26346.25868231264, 44, -1.0
26362.372103956688, 75, -1.0
26379.595549321937, 101, 1.0
26382.817532940877, 44, -1.0
26383.086573228728, 35, 1.0
26383.329505724425, 75, -1.0
26385.561041784422, 103, 1.0
26385.637173472394, 75, -1.0
26404.857700495508, 44, -1.0
26410.069533777496, 44, -1.0
26416.557321251486, 44, -1.0
26416.828811492993, 44, 1.0
26422.058220580293, 154, 1.0
26425.989156459356, 103, 1.0
26432.27822391645, 148, -1.0
26439.627219661197, 44, -1.0
26446.090294345136, 154, 1.0
26457.65933355931, 101, 1.0
26470.999759866132, 101, -1.0
26478.42295037385, 75, 1.0
26480.883289819936, 75, 1.0
26484.042118733698, 152, -1.0
26492.734830214227, 152, 1.0
26509.507966441804, 101, 1.0
26512.928242736158, 154, 1.0
26514.48217892889, 154, -1.0
26521.41502777176, 103, 1.0
26531.10462018594, 152, -1.0
26532.773022458303, 101, 1.0
26554.58044156968, 44, -1.0
26572.986905738886, 75, 1.0
26597.36073009866, 35, 1.0
26610.709789314624, 152, -1.0
26610.711366377975, 75, 1.0
26613.916083208198, 101, 1.0
26618.837470043916, 154, -1.0
26620.74531650159, 101, 1.0
26627.25121790341, 101, 1.0
26630.548153922704, 101, 1.0
26648.898916612052, 148, -1.0
26653.095331741722, 101, 1.0
26672.59804943214, 152, -1.0
26678.053043724514, 152, -1.0
26680.14420079661, 44, -1.0
26687.08286453511, 35, -1.0
26693.84994470403, 103, 1.0
26694.126746548445, 101, 1.0
26700.965018652078, 44, -1.0
26704.922385435675, 75, -1.0
26708.01751621861, 75, 1.0
26725.966558860073, 75, -1.0
26743.848105113702, 101, 1.0
26744.85861778834, 152, 1.0
26744.968585304236, 75, -1.0
26774.416231799045, 103, -1.0
26780.413539359717, 152, 1.0
26787.063047453117, 101, 1.0
26787.754317781248, 35, -1.0
26792.12299242027, 101, 1.0
26806.152747854478, 101, 1.0
26808.81325670947, 154, 1.0
26811.792235582052, 152, -1.0
26811.874929767633, 148, -1.0
26811.930311078017, 35, 1.0
26817.318670491346, 75, 1.0
26826.056441966997, 75, -1.0
26835.141946088213, 75, -1.0
26849.401632885463, 75, -1.0
26852.28749305047, 35, -1.0
26854.794865157848, 75, 1.0
26866.841019163832, 44, -1.0
26867.868518837568, 101, -1.0
26869.427615123932, 148, -1.0
26876.568284783116, 101, -1.0
26877.985951366765, 152, -1.0
26880.58225264921, 152, -1.0
26882.91701355639, 154, 1.0
26887.530847938633, 75, 1.0
26893.92893385491, 103, 1.0
26894.471633488658, 75, 1.0
26895.39426673394, 101, 1.0
26895.450950594524, 101, 1.0
26898.865194819045, 101, -1.0
26900.62362270218, 101, 1.0
26909.395427399435, 154, 1.0
26910.06709143583, 75, 1.0
26915.881727883527, 75, -1.0
26918.67464326779, 75, -1.0
26918.719317310886, 152, -1.0
26933.08891027706, 154, -1.0
26936.069946792868, 101, 1.0
26951.622608209476, 103, 1.0
26956.35910611759, 101, 1.0
26960.298316225257, 103, 1.0
26960.87424776125, 101, -1.0
26965.820873703055, 75, -1.0
26971.237149115288, 103, 1.0
26986.994557080863, 148, -1.0
26992.624125943217, 101, 1.0
26997.124750774703, 103, 1.0
27003.43141811548, 75, 1.0
27006.615309219822, 101, -1.0
27007.67725942044, 75, 1.0
27016.69301313896, 75, 1.0
27022.56487538018, 35, 1.0
27028.792687637415, 103, 1.0
27034.58252845346, 103, 1.0
27035.68709968621, 103, 1.0
27055.22755203128, 75, -1.0
27055.66450088468, 101, 1.0
27080.790724653645, 103, 1.0
27090.18695136288, 148, -1.0
27092.71193005318, 75, 1.0
27106.183283937335, 154, -1.0
27107.428652147006, 152, -1.0
27115.287555176477, 101, 1.0
27130.075901103755, 75, 1.0
27131.72529902538, 35, -1.0
27137.073671177233, 154, 1.0
27155.04390237734, 75, 1.0
27161.870608966823, 148, -1.0
27172.418752591373, 75, -1.0
27176.511479235374, 103, 1.0
27184.821923451385, 154, -1.0
27194.616707050744, 148, -1.0
27206.712019744296, 152, -1.0
27208.99961078277, 103, 1.0
27220.778678127634, 148, -1.0
27224.126900336727, 103, 1.0
27228.384894742154, 35, 1.0
27232.304327504226, 75, 1.0
27240.642188721613, 101, 1.0
27241.397493408545, 75, 1.0
27245.522187376104, 154, 1.0
27248.51525828354, 148, -1.0
27249.677961354104, 152, -1.0
27254.168694204807, 75, 1.0
27265.501082431267, 152, 1.0
27275.332751556743, 44, -1.0
27277.002988506898, 35, 1.0
27277.155757215867, 75, 1.0
27289.2246144007, 44, 1.0
27307.693120493135, 101, 1.0
27313.568122029585, 154, 1.0
27318.49970849605, 75, -1.0
27323.58438920668, 44, -1.0
27338.80105546015, 154, -1.0
27339.88273744192, 44, -1.0
27345.167600104694, 154, 1.0
27352.221749455788, 44, -1.0
27355.73172486988, 103, 1.0
27357.398617107385, 103, 1.0
27359.530760419733, 75, 1.0
27377.226565125642, 75, 1.0
27381.18532398379, 75, 1.0
27384.794295871205, 44, -1.0
27386.236505661975, 35, 1.0
27393.242194196442, 44, -1.0
27403.727891274444, 44, -1.0
27407.1495704087, 103, 1.0
27424.81995681928, 75, 1.0
27434.765102555477, 152, 1.0
27441.622205419364, 154, 1.0
27454.29213848801, 101, 1.0
27455.325380196322, 35, 1.0
27456.61588091906, 148, -1.0
27462.660713883004, 75, 1.0
27463.462481836767, 44, -1.0
27478.066614972337, 148, -1.0
27482.29346251347, 35, -1.0
27482.54023454676, 101, 1.0
27499.5625552269, 154, 1.0
27501.7108450557, 148, -1.0
27508.083255575468, 152, 1.0
27513.5805662992, 35, -1.0
27523.080649963227, 44, -1.0
27525.65422401255, 44, -1.0
27535.465695678857, 101, 1.0
27537.92245367477, 35, 1.0
27540.619820545726, 152, -1.0
27541.943277249367, 154, -1.0
27542.01044681886, 44, -1.0
27544.52227068777, 75, 1.0
27552.47002491265, 154, 1.0
27553.437654042173, 101, 1.0
27557.1116071093, 154, -1.0
27557.529183134036, 75, -1.0
27559.022835080083, 101, 1.0
27559.041147373107, 101, -1.0
27566.547343055405, 101, 1.0
27567.52377726044, 101, 1.0
27568.386108234852, 44, -1.0
27572.965386384647, 103, 1.0
27581.143563971586, 75, 1.0
27583.46564593474, 148, -1.0
27585.481207242414, 148, -1.0
27585.882563676212, 148, -1.0
27589.447970927606, 35, 1.0
27591.570237284366, 75, 1.0
27597.36330022199, 75, 1.0
27602.95834264057, 75, -1.0
27606.389193916333, 152, 1.0
27612.274045188147, 75, 1.0
27618.86285891047, 152, 1.0
27619.24699118017, 103, 1.0
27622.445149150855, 154, 1.0
27639.24660331332, 103, 1.0
27647.205843827294, 75, -1.0
27651.955357015635, 75, -1.0
27652.42687103951, 75, -1.0
27658.11740441942, 75, 1.0
27664.197618007413, 103, 1.0
27670.975912522998, 75, -1.0
27677.65229298773, 154, 1.0
27681.803957075725, 148, -1.0
27682.778366900053, 152, -1.0
27684.00077093988, 103, 1.0
27686.943676482624, 152, -1.0
27718.31231663543, 75, 1.0
27722.510169807163, 75, 1.0
27737.53592422657, 152, -1.0
27740.82146589292, 75, -1.0
27754.792081483305, 148, -1.0
27763.77449530855, 154, -1.0
27777.143412684876, 35, 1.0
27777.653315307463, 44, -1.0
27784.438621013564, 103, -1.0
27790.837952073467, 152, 1.0
27792.481902586132, 103, -1.0
27803.362873504997, 75, 1.0
27806.382569231544, 44, -1.0
27809.12405742739, 101, 1.0
27810.51954429608, 101, 1.0
27813.865430073194, 148, -1.0
27827.015412239725, 148, 1.0
27832.110471777392, 75, -1.0
27851.741733920175, 152, -1.0
27866.174908239696, 75, 1.0
27869.208288061574, 154, -1.0
27871.72896652384, 154, 1.0
27877.726320910955, 35, 1.0
27887.082864268603, 152, 1.0
27891.135333730792, 35, -1.0
27904.707293901054, 103, 1.0
27905.31544535485, 44, 1.0
27911.684045474653, 103, 1.0
27917.36507537356, 103, 1.0
27919.50078316552, 101, -1.0
27919.98496424244, 35, -1.0
27921.296467753877, 75, 1.0
27928.145592560257, 101, 1.0
27930.83712250215, 152, -1.0
27943.117312692295, 101, 1.0
27957.218788791164, 35, 1.0
27959.182880259767, 152, 1.0
27961.44998322605, 152, -1.0
27972.491708199617, 75, -1.0
27977.185057429117, 103, 1.0
27982.21705102414, 75, -1.0
27995.07596826844, 103, 1.0
27998.004711412184, 103, 1.0
28002.40031775455, 103, 1.0
28005.061931913115, 101, -1.0
28007.051403319783, 44, -1.0
28021.488996769895, 154, 1.0
28025.479196098284, 101, -1.0
28027.574530945458, 44, -1.0
28044.125512254068, 44, -1.0
28067.90026745103, 35, 1.0
28071.963094784816, 103, -1.0
28076.061085536305, 154, 1.0
28083.387337045537, 103, 1.0
28092.39563787391, 152, -1.0
28094.695774305947, 148, -1.0
28096.07741648389, 103, -1.0
28097.010981751788, 101, 1.0
28111.95745928055, 75, -1.0
28116.39542344554, 101, 1.0
28118.75417304751, 75, -1.0
28119.118157061304, 35, 1.0
28124.336710448322, 35, 1.0
28126.74569934745, 101, 1.0
28130.698380334128, 103, 1.0
28131.104358948152, 35, 1.0
28134.799783061582, 154, -1.0
28141.40444701709, 103, 1.0
28148.39522833765, 44, -1.0
28152.64493475208, 44, -1.0
28156.89048296683, 148, -1.0
28162.06376328336, 75, 1.0
28163.755952439737, 101, 1.0
28166.241687456328, 154, 1.0
28172.025871202895, 152, -1.0
28178.05077458526, 152, -1.0
28180.48330445495, 101, -1.0
28186.745003890082, 35, -1.0
28187.036677801305, 75, -1.0
28209.59286305321, 35, 1.0
28228.617204774757, 154, -1.0
28229.64653805702, 103, 1.0
28233.159647376815, 35, -1.0
28235.912169495372, 35, 1.0
28237.16864904191, 101, -1.0
28247.310229530798, 75, 1.0
28253.183608308456, 154, 1.0
28256.37680197679, 35, 1.0
28257.890733700784, 148, -1.0
28260.868550511885, 152, -1.0
28265.770270469435, 44, -1.0
28267.49652499398, 35, 1.0
28275.862065150573, 35, 1.0
28278.87044999244, 101, -1.0
28286.735932879485, 152, 1.0
28287.70508123758, 44, 1.0
28299.660171942603, 103, 1.0
28314.11657479333, 75, 1.0
28325.928010171276, 44, -1.0
28333.529095326667, 103, 1.0
28338.665610385247, 35, -1.0
28343.003573659735, 35, 1.0
28362.27485335567, 103, 1.0
28365.397772992575, 44, -1.0
28369.182661086146, 101, 1.0
28377.409682421283, 44, -1.0
28380.157035620625, 103, 1.0
28382.782893641895, 152, -1.0
28398.169864335934, 101, 1.0
28398.508408522095, 101, 1.0
28417.123763928634, 103, -1.0
28441.427492548537, 35, -1.0
28446.434157509648, 75, -1.0
28453.21009500814, 35, -1.0
28462.251711918183, 152, 1.0
28465.196944785486, 75, -1.0
28465.48517383968, 75, -1.0
28486.119932797057, 101, 1.0
28496.28966253282, 44, -1.0
28506.518586568567, 101, 1.0
28509.987185831676, 103, 1.0
28515.78453281957, 152, -1.0
28526.87617468628, 44, -1.0
28546.779586602534, 101, -1.0
28555.634340643308, 101, 1.0
28556.53198697868, 35, -1.0
28557.680783881966, 44, -1.0
28562.500059132373, 75, -1.0
28565.864139960144, 75, 1.0
28567.736493553763, 152, -1.0
28583.034789904075, 101, 1.0
28584.725314866137, 75, -1.0
28590.466930150655, 75, -1.0
28598.171902514627, 101, -1.0
28598.412410280198, 148, -1.0
28612.00707842176, 103, 1.0
28616.406944901642, 101, -1.0
28620.06795661028, 101, 1.0
28636.641476114997, 44, 1.0
28639.78225227193, 148, -1.0
28642.578936394097, 103, 1.0
28644.92175939844, 75, 1.0
28649.00927540451, 148, -1.0
28652.275082702814, 103, 1.0
28657.573785657183, 152, 1.0
28671.132242966192, 101, 1.0
28671.49282109773, 35, 1.0
28683.840293516645, 75, -1.0
28683.923561306256, 44, -1.0
28687.655244086996, 103, 1.0
28695.550777429416, 154, 1.0
28700.38619178311, 152, -1.0
28712.554882956607, 35, -1.0
28720.499240485213, 44, -1.0
28721.21588679708, 75, 1.0
28725.384870251517, 101, 1.0
28728.769534937983, 152, -1.0
28741.439844647517, 152, 1.0
28750.948681408492, 101, -1.0
28757.93757490981, 103, -1.0
28776.611115325304, 44, -1.0
28785.110596811635, 148, -1.0
28785.166773534616, 152, -1.0
28786.20245231699, 148, 1.0
28788.52902515698, 101, 1.0
28791.46649653787, 35, 1.0
28792.48496176919, 103, 1.0
28797.202038114152, 154, 1.0
28805.42396346593, 154, 1.0
28805.755164924536, 75, 1.0
28807.19756167312, 75, 1.0
28816.515603359694, 148, -1.0
28816.982541654026, 101, 1.0
28824.463252264683, 101, 1.0
28825.49897606629, 44, -1.0
28826.144967074317, 152, 1.0
28829.417365052515, 75, 1.0
28831.61428253238, 35, -1.0
28832.13108143123, 148, -1.0
28845.29340531957, 103, -1.0
28851.93253645569, 75, 1.0
28861.442808443957, 44, -1.0
28862.66718415899, 44, -1.0
28864.072279165626, 75, 1.0
28871.09315293905, 152, 1.0
28883.095305473686, 148, -1.0
28885.660847401483, 103, -1.0
28893.34392452008, 44, -1.0
28899.266722737255, 152, 1.0
28902.720090655006, 75, 1.0
28905.887239039952, 101, 1.0
28907.794862553634, 148, -1.0
28908.937369258154, 101, 1.0
28913.93369238268, 148, -1.0
28914.30236763131, 75, 1.0
28918.487270442867, 35, -1.0
28920.75447918722, 35, -1.0
28922.801154606834, 35, 1.0
28927.432633740926, 154, -1.0
28932.13323927061, 75, -1.0
28935.523466093593, 101, 1.0
28938.62500206574, 35, 1.0
28943.542931072538, 152, -1.0
28947.462029624687, 75, -1.0
28953.171431793395, 44, -1.0
28957.700647372916, 103, 1.0
28972.62702045414, 152, -1.0
28978.518930396363, 152, -1.0
28979.139061043403, 75, -1.0
28984.3042938806, 101, -1.0
28989.542641348362, 148, 1.0
28990.834093536287, 35, -1.0
28991.502162508525, 152, -1.0
28993.911030331732, 148, -1.0
28996.584845066453, 35, -1.0
29004.039226186236, 35, -1.0
29020.164110030222, 35, -1.0
29021.278744234754, 75, 1.0
29023.343593481393, 44, 1.0
29025.778749486388, 152, 1.0
29026.85452263058, 152, -1.0
29027.895509316008, 152, -1.0
29030.096028678097, 44, -1.0
29032.423846766425, 148, -1.0
29033.383747397264, 35, -1.0
29038.225840128805, 152, -1.0
29040.146921156058, 101, -1.0
29043.904179082474, 154, 1.0
29044.359484025223, 35, -1.0
29045.909167949976, 35, -1.0
29052.660371974736, 75, 1.0
29053.645579739405, 154, 1.0
29054.052861266362, 148, -1.0
29056.4147230599, 152, -1.0
29057.16345267866, 103, 1.0
29059.85149226878, 148, -1.0
29064.18010916885, 75, 1.0
29078.488344405974, 103, 1.0
29078.927698065017, 148, -1.0
29093.723518076873, 101, -1.0
29104.40799820848, 75, 1.0
29105.807491373096, 75, 1.0
29108.571287469968, 152, 1.0
29124.898968582285, 75, 1.0
29128.928688923, 101, -1.0
29134.006719004545, 152, 1.0
29142.120163188334, 35, -1.0
29148.766678847398, 44, -1.0
29150.495687700273, 75, 1.0
29155.91575228008, 148, -1.0
29161.276230587744, 152, -1.0
29161.83000796549, 103, 1.0
29162.58993157078, 103, 1.0
29163.02812260008, 148, 1.0
29165.139137927563, 154, 1.0
29171.27110307668, 75, 1.0
29174.445968635082, 75, -1.0
29175.647448946434, 35, -1.0
29176.848593053473, 75, -1.0
29179.6605541221, 35, -1.0
29180.809541023817, 154, 1.0
29181.778873928743, 148, -1.0
29185.33393211126, 148, -1.0
29191.146633887784, 152, -1.0
29193.46490174404, 101, 1.0
29193.553448852916, 75, 1.0
29204.566125647987, 152, -1.0
29204.80687171127, 152, -1.0
29212.52365809767, 44, -1.0
29216.68552797226, 75, -1.0
29230.489640047228, 35, 1.0
29246.3249931398, 152, -1.0
29248.444820324614, 148, -1.0
29249.57977182497, 35, 1.0
29252.892987542014, 75, -1.0
29259.56376276931, 75, 1.0
29261.335673188372, 103, 1.0
29262.062693192016, 154, 1.0
29265.54809683567, 35, 1.0
29265.601377720952, 75, -1.0
29270.062341899116, 103, 1.0
29276.247605295423, 101, 1.0
29277.72159922268, 152, -1.0
29287.285105193587, 103, 1.0
29288.94772839392, 35, -1.0
29318.233604628476, 35, -1.0
29322.461231453726, 75, -1.0
29333.819993981328, 154, 1.0
29334.09505921877, 152, 1.0
29342.334521245622, 44, -1.0
29347.170140489994, 75, -1.0
29349.793392162384, 75, 1.0
29350.170466998126, 35, -1.0
29353.08195783435, 152, 1.0
29357.770198866205, 152, 1.0
29362.80555509148, 154, 1.0
29368.184903913505, 103, 1.0
29377.7778049125, 75, 1.0
29381.38775762171, 75, -1.0
29382.362553236984, 75, 1.0
29382.485361830328, 75, 1.0
29386.773153578997, 75, -1.0
29398.18271762145, 35, -1.0
29399.107482397292, 75, 1.0
29405.99240071809, 148, -1.0
29407.911030951378, 101, 1.0
29416.95376506254, 101, 1.0
29430.97831260039, 75, 1.0
29432.172513302605, 101, 1.0
29438.059545143482, 75, 1.0
29446.627260443714, 35, -1.0
29453.567789291345, 152, 1.0
29457.824394045205, 148, -1.0
29461.93933479498, 35, -1.0
29469.143468637845, 154, 1.0
29473.65305820776, 148, -1.0
29476.374574411166, 35, 1.0
29477.233211658197, 154, 1.0
29477.501427809533, 44, -1.0
29489.0047722596, 148, -1.0
29494.42607009121, 101, 1.0
29494.540177156396, 152, 1.0
29499.154047019776, 148, -1.0
29519.41389811871, 152, -1.0
29521.188407117912, 103, 1.0
29525.980711734665, 101, 1.0
29531.954604006616, 148, -1.0
29534.62614189905, 75, -1.0
29534.698033740184, 152, -1.0
29536.93728769328, 101, 1.0
29537.637496279378, 44, -1.0
29543.542319871365, 103, 1.0
29547.14978229711, 75, -1.0
29547.463585710866, 154, 1.0
29552.59898019917, 35, 1.0
29557.715732742636, 152, 1.0
29557.89754913636, 75, 1.0
29563.9198668464, 44, -1.0
29564.55522407626, 152, -1.0
29564.600621558, 75, -1.0
29571.343823713087, 44, -1.0
29579.681227768848, 103, 1.0
29590.449619916457, 44, 1.0
29593.40099590018, 152, 1.0
29593.459881475195, 103, -1.0
29599.420571380844, 154, -1.0
29606.109788321548, 75, 1.0
29611.139941686477, 148, -1.0
29614.706585533277, 101, 1.0
29615.45404097422, 152, 1.0
29622.321838044358, 75, 1.0
29630.53102556531, 152, -1.0
29631.42078071765, 148, -1.0
29632.2996133073, 75, 1.0
29635.15549538657, 35, -1.0
29636.21096601971, 75, -1.0
29637.95647803426, 75, 1.0
29664.065860491657, 75, 1.0
29666.139658889977, 152, -1.0
29666.665712389215, 44, -1.0
29667.019506427023, 152, -1.0
29678.980163395674, 35, -1.0
29687.54470089222, 35, -1.0
29689.321523284314, 103, 1.0
29696.258747335327, 35, -1.0
29702.149449206336, 101, 1.0
29704.241533054694, 152, 1.0
29704.975421516334, 75, -1.0
29705.71272447917, 103, -1.0
29718.98714386742, 152, 1.0
29723.113450928355, 103, 1.0
29738.14780811669, 152, -1.0
29741.520964165295, 75, 1.0
29745.404468917375, 35, -1.0
29747.00446641254, 152, -1.0
29756.58551304222, 35, -1.0
29761.349311577807, 75, -1.0
29778.340241156977, 75, 1.0
29779.61905549266, 75, 1.0
29786.323849261746, 148, -1.0
29786.67963730391, 103, 1.0
29792.334178325513, 103, 1.0
29794.28563851639, 75, 1.0
29800.367927770552, 101, 1.0
29809.757561363553, 44, -1.0
29810.276466035488, 154, 1.0
29818.271492743977, 75, -1.0
29823.6650242856, 44, -1.0
29826.30109616963, 35, -1.0
29828.075305178387, 101, 1.0
29832.056943907664, 103, 1.0
29836.1767751695, 152, 1.0
29838.496419314586, 44, -1.0
29838.964323435874, 148, 1.0
29842.44487384653, 148, -1.0
29844.128590847897, 103, 1.0
29847.768131374098, 148, -1.0
29848.767455301284, 152, -1.0
29858.87067088474, 44, -1.0
29865.092677439014, 154, -1.0
29868.12196387344, 152, -1.0
29868.52496306962, 75, 1.0
29868.757074051675, 75, -1.0
29869.481832485333, 35, -1.0
29875.325727870037, 75, 1.0
29876.12196682318, 44, -1.0
29876.524580795303, 44, -1.0
29878.605616498477, 44, 1.0
29884.179332497955, 35, -1.0
29886.634494858212, 152, -1.0
29904.32464824745, 75, -1.0
29906.31445997928, 148, -1.0
29914.1388589807, 75, 1.0
29918.571700017896, 35, -1.0
29934.684925889185, 152, 1.0
29934.846174700197, 101, 1.0
29935.380893360445, 103, 1.0
29940.15167941378, 148, -1.0
29944.97880229589, 44, -1.0
29947.154616508924, 152, -1.0
29951.02769933524, 152, -1.0
29951.83911847202, 75, 1.0
29953.21626612652, 148, -1.0
29953.815576986686, 154, 1.0
29957.00227441898, 152, -1.0
29964.664769468076, 148, 1.0
29965.10156239129, 35, -1.0
29969.575240654674, 148, -1.0
29971.750523458853, 75, 1.0
29971.779537416212, 148, -1.0
29971.98245460427, 75, -1.0
29974.383936304665, 75, 1.0
29974.61298547104, 152, -1.0
29979.39325154779, 75, 1.0
29980.291144794446, 152, -1.0
29989.045699132315, 152, 1.0
30018.195020932195, 101, 1.0
30022.269393238876, 152, 1.0
30028.35063560738, 44, -1.0
30036.244034887695, 75, 1.0
30037.15675572118, 154, 1.0
30046.08781768384, 103, 1.0
30052.867883930434, 35, -1.0
30071.975603708965, 154, 1.0
30078.08742653654, 75, -1.0
30088.50903214724, 148, -1.0
30099.230541322337, 152, 1.0
30101.13876817704, 101, 1.0
30103.79485421847, 44, -1.0
30104.818516468407, 35, -1.0
30108.70278106071, 154, 1.0
30109.697216789278, 44, -1.0
30113.95824460422, 75, 1.0
30114.766286526323, 35, 1.0
30116.279758232675, 75, 1.0
30117.498174231372, 75, -1.0
30117.91641528548, 148, -1.0
30125.092074749853, 101, -1.0
30125.217321373504, 152, -1.0
30128.590411786456, 35, 1.0
30136.079166929325, 75, 1.0
30137.164398235967, 103, 1.0
30144.54089848309, 75, 1.0
30147.233642790543, 148, -1.0
30148.504275959036, 44, -1.0
30149.363862230315, 75, -1.0
30149.582376995022, 148, -1.0
30163.232421887205, 75, 1.0
30173.078457519445, 75, -1.0
30175.033644703344, 75, 1.0
30179.61787034747, 148, -1.0
30180.636799423522, 75, 1.0
30184.965262666152, 44, -1.0
30209.937396678226, 75, 1.0
30212.248720862066, 75, 1.0
30212.738115068136, 148, -1.0
30219.75872248772, 44, -1.0
30224.168366161786, 152, -1.0
30226.420551469884, 154, -1.0
30235.385154159947, 101, 1.0
30241.398695041735, 148, -1.0
30247.144647291057, 35, 1.0
30247.56247067653, 44, -1.0
30247.763661732766, 101, 1.0
30249.502512421637, 44, -1.0
30250.504940498224, 75, 1.0
30256.303646402343, 44, -1.0
30262.07954962334, 103, -1.0
30265.672970529573, 148, -1.0
30265.700122490358, 101, -1.0
30266.28926262996, 75, 1.0
30278.651917968913, 75, -1.0
30283.22280844267, 75, 1.0
30283.865448742945, 154, 1.0
30284.311329099193, 148, -1.0
30287.24623798934, 152, 1.0
30287.252917141363, 75, -1.0
30287.87739337459, 75, -1.0
30291.955281716506, 75, -1.0
30304.941688571875, 148, -1.0
30316.0786597759, 101, 1.0
30319.665247457157, 101, 1.0
30322.11667363684, 75, 1.0
30329.005377008114, 101, 1.0
30329.942652261157, 75, -1.0
30331.413739325424, 148, -1.0
30332.88409791348, 101, -1.0
30334.1795364878, 148, -1.0
30337.67879463041, 75, -1.0
30342.654224973052, 103, 1.0
30354.484674617655, 44, -1.0
30370.195116513063, 154, 1.0
30370.453399267117, 152, 1.0
30375.286619332408, 44, -1.0
30376.98859080418, 101, -1.0
30394.55480739181, 152, -1.0
30398.675359063964, 148, -1.0
30403.176687707204, 152, -1.0
30403.91274485288, 103, 1.0
30420.26159528141, 35, 1.0
30426.728771969552, 101, 1.0
30433.897451108125, 148, -1.0
30437.698563245558, 101, 1.0
30478.835408438772, 101, -1.0
30480.595248423506, 75, -1.0
30488.214423704285, 35, 1.0
30513.140311200394, 35, -1.0
30519.952512515272, 103, 1.0
30520.128186673206, 44, -1.0
30526.75188926387, 35, -1.0
30527.76709406721, 101, 1.0
30528.83697123646, 75, -1.0
30530.896558374898, 148, -1.0
30546.37787582187, 35, -1.0
30555.003895762165, 75, 1.0
30559.633554032425, 148, -1.0
30562.02147907251, 44, -1.0
30569.016678672222, 103, 1.0
30579.719274741743, 75, -1.0
30580.715618345595, 35, -1.0
30589.706600238966, 152, -1.0
30593.047286231304, 154, 1.0
30603.796425365104, 101, 1.0
30607.822648680623, 35, -1.0
30609.886142251908, 75, -1.0
30615.790751053326, 75, -1.0
30617.864220391213, 75, 1.0
30623.913261701855, 148, -1.0
30629.270254196686, 101, -1.0
30630.810828332564, 148, -1.0
30636.93992245988, 75, 1.0
30641.91087754666, 75, 1.0
30647.451317499443, 103, 1.0
30648.584371830217, 75, 1.0
30654.86059691397, 75, -1.0
30656.657873116586, 148, -1.0
30659.452193067336, 75, 1.0
30666.41631004074, 75, 1.0
30669.96710210707, 75, -1.0
30671.67747597908, 35, 1.0
30672.81894141954, 101, 1.0
30676.215220679253, 35, -1.0
30678.55998302498, 103, 1.0
30679.432965365137, 103, 1.0
30680.361660639566, 154, 1.0
30682.24545458922, 75, 1.0
30685.56042017606, 44, -1.0
30698.584804164388, 35, 1.0
30708.609874085247, 35, -1.0
30713.46365843983, 75, 1.0
30720.900258083962, 44, -1.0
30727.57119505651, 148, -1.0
30728.917376919817, 148, -1.0
30741.823996159932, 154, 1.0
30742.534373894712, 75, 1.0
30744.181844795814, 35, 1.0
30744.285268432737, 44, -1.0
30748.042685818284, 101, 1.0
30748.735276962114, 154, 1.0
30763.398473984413, 75, -1.0
30767.481221715178, 103, 1.0
30779.003889518084, 148, -1.0
30780.126132969093, 75, 1.0
30788.675513790036, 44, -1.0
30789.844726511506, 101, 1.0
30792.412292356326, 75, -1.0
30792.719682810133, 75, 1.0
30805.96396587428, 148, -1.0
30807.139456078545, 148, -1.0
30808.719281128004, 101, 1.0
30810.927385047886, 35, 1.0
30811.908258384025, 152, 1.0
30813.57089086698, 75, 1.0
30826.085748781363, 152, -1.0
30834.496271332206, 44, -1.0
30835.616413104995, 101, 1.0
30837.598093979417, 75, -1.0
30840.76770077309, 44, -1.0
30842.991166667423, 152, 1.0
30843.374056576744, 103, 1.0
30845.886670284217, 75, 1.0
30846.584879070404, 103, -1.0
30850.11127282763, 101, 1.0
30858.376084647138, 154, 1.0
30858.39386322029, 152, 1.0
30860.85625472158, 154, 1.0
30862.113209383202, 154, 1.0
30866.76559484726, 75, 1.0
30867.893566640083, 103, 1.0
30881.94288261746, 103, -1.0
30890.2744805545, 148, -1.0
30893.369687653107, 75, -1.0
30897.3068808834, 154, 1.0
30898.856529195567, 44, -1.0
30902.366085485686, 75, -1.0
30903.10720595309, 152, -1.0
30911.81470158195, 101, 1.0
30918.725668047897, 154, 1.0
30922.39287005166, 75, -1.0
30922.81209767934, 44, -1.0
30925.88830262087, 75, -1.0
30928.057637764497, 103, 1.0
30930.145569555854, 101, 1.0
30932.15162368645, 152, 1.0
30935.592724721853, 152, -1.0
30940.3805616255, 44, 1.0
30945.689220329947, 152, -1.0
30948.058781820968, 75, -1.0
30950.76370491164, 35, 1.0
30954.655926923195, 148, -1.0
30956.683224864457, 75, 1.0
30959.68150560786, 35, -1.0
30966.25162002382, 35, -1.0
30967.34107144036, 75, 1.0
30969.19371290176, 148, -1.0
30977.809882752623, 103, 1.0
30982.217863425587, 152, -1.0
30995.811057583254, 152, 1.0
31001.977358752392, 152, -1.0
31002.821839017317, 101, 1.0
31008.765852382217, 44, -1.0
31014.65446981909, 154, 1.0
31016.42196648172, 101, -1.0
31021.633245140987, 75, 1.0
31024.51043106416, 152, 1.0
31025.430140350705, 75, -1.0
31026.599362771492, 101, 1.0
31033.950010130742, 35, -1.0
31035.92210235571, 152, -1.0
31036.586753991167, 35, -1.0
31037.982935457156, 75, 1.0
31039.768717342988, 44, -1.0
31045.987554677173, 75, 1.0
31048.715363830263, 103, -1.0
31064.576520628547, 101, -1.0
31065.397764872614, 148, -1.0
31066.70122412229, 35, 1.0
31079.805616784222, 152, 1.0
31083.588718787938, 75, 1.0
31087.76113955887, 148, -1.0
31088.453470007174, 154, 1.0
31098.91634461122, 154, 1.0
31099.910496675613, 154, 1.0
31099.96243021021, 152, -1.0
31102.065476455577, 75, 1.0
31115.107330380466, 75, 1.0
31119.826631387572, 152, -1.0
31120.32923482596, 35, -1.0
31124.460087484287, 152, 1.0
31126.80458559329, 35, 1.0
31129.49603745981, 148, -1.0
31131.648073477554, 103, -1.0
31131.90519226288, 75, 1.0
31134.51743283775, 148, -1.0
31135.556158516898, 103, 1.0
31138.812957756774, 101, 1.0
31141.402040441695, 35, 1.0
31150.08471570783, 101, -1.0
31155.35271579236, 101, 1.0
31159.27670596819, 154, 1.0
31160.78192730061, 148, -1.0
31167.490093532422, 101, 1.0
31178.93963757168, 75, 1.0
31182.329942049993, 75, -1.0
31188.77413461207, 75, 1.0
31202.971231525153, 148, -1.0
31206.377694903822, 75, 1.0
31208.599373270248, 152, -1.0
31209.049560890664, 101, 1.0
31211.207990833278, 75, 1.0
31225.921757539396, 154, 1.0
31234.13790873702, 35, -1.0
31242.168803915203, 148, -1.0
31244.247891436607, 75, -1.0
31249.525493250134, 103, 1.0
31249.906038648234, 154, 1.0
31260.239142293343, 75, 1.0
31261.142287392413, 148, -1.0
31264.644454685764, 152, -1.0
31266.588114491664, 75, -1.0
31271.042008802997, 103, 1.0
31275.71825849008, 75, 1.0
31281.135271933483, 152, -1.0
31288.90283918473, 101, 1.0
31289.290944568405, 44, 1.0
31292.396514228247, 148, -1.0
31311.07327892041, 101, 1.0
31328.27372279112, 35, -1.0
31331.70849466225, 101, -1.0
31332.740639864063, 75, -1.0
31333.915033445006, 75, 1.0
31337.831805159625, 152, -1.0
31339.312986275763, 154, 1.0
31339.347151432725, 75, -1.0
31344.16745960492, 35, -1.0
31345.376338215083, 44, -1.0
31345.485047292208, 101, -1.0
31349.88739343229, 35, 1.0
31350.462680272452, 152, -1.0
31355.59689466974, 103, 1.0
31356.455025898846, 75, 1.0
31359.448409061977, 148, -1.0
31361.93247930106, 44, -1.0
31365.94913177155, 75, -1.0
31370.81020871839, 75, 1.0
31386.525359106003, 152, -1.0
31388.876103582163, 75, -1.0
31393.86083993519, 75, 1.0
31397.64935539153, 75, 1.0
31398.921862200947, 148, -1.0
31406.59348990016, 154, -1.0
31407.2053491609, 35, -1.0
31407.654549014675, 154, 1.0
31408.24590422967, 101, 1.0
31409.335260792468, 148, -1.0
31413.496147783, 35, -1.0
31414.151735869014, 148, -1.0
31422.19400253134, 103, 1.0
31426.152325217743, 148, -1.0
31428.729966596842, 152, -1.0
31431.24436881098, 103, 1.0
31433.23455640669, 35, -1.0
31434.70064664793, 152, -1.0
31437.981302117292, 101, -1.0
31440.203121629955, 101, -1.0
31440.839806638585, 101, -1.0
31446.885721279185, 154, 1.0
31450.317574199304, 154, 1.0
31450.93425220672, 101, 1.0
31454.19786059527, 35, -1.0
31454.39910265973, 75, 1.0
31457.63678106992, 101, 1.0
31457.969393794723, 148, -1.0
31474.00071004365, 101, 1.0
31475.535534398507, 75, 1.0
31478.827346938935, 101, 1.0
31480.964562032903, 44, -1.0
31482.071970308185, 75, -1.0
31489.42642161592, 44, -1.0
31489.483834066854, 101, -1.0
31489.881593364567, 154, 1.0
31490.864866177795, 103, 1.0
31491.334138223952, 152, 1.0
31493.253958341007, 152, -1.0
31498.27819370781, 35, -1.0
31499.07072965734, 35, -1.0
31500.242370316373, 75, -1.0
31505.224450087848, 35, 1.0
31505.33428103075, 103, -1.0
31508.85213611206, 152, 1.0
31510.714902114098, 75, 1.0
31516.96464055144, 101, 1.0
31520.607607565824, 154, 1.0
31521.918912153847, 103, -1.0
31522.295434488202, 35, -1.0
31532.213465846922, 75, 1.0
31532.386565853612, 152, -1.0
31539.040603636768, 152, -1.0
31540.06698427304, 75, 1.0
31540.351409685412, 152, 1.0
31543.483178937673, 75, 1.0
31543.91024322538, 35, -1.0
31550.52338739704, 35, 1.0
31554.02948710944, 35, -1.0
31556.04439004666, 75, -1.0
31562.48760940729, 152, 1.0
31563.984496561818, 101, 1.0
31573.525748489792, 75, 1.0
31576.257800656367, 154, 1.0
31579.067061982078, 152, -1.0
31582.468734254075, 75, 1.0
31584.89257934458, 75, 1.0
31586.239452865968, 152, -1.0
31592.838154158755, 35, -1.0
31596.30804571097, 103, 1.0
31597.67319974475, 44, -1.0
31600.632733083392, 103, -1.0
31602.567677830877, 75, 1.0
31606.985626155903, 154, 1.0
31615.22847592375, 75, -1.0
31626.587271934608, 75, -1.0
31630.039582647147, 101, 1.0
31630.296831458425, 75, -1.0
31630.64429227566, 75, -1.0
31632.612029379532, 152, 1.0
31633.174203496157, 75, 1.0
31638.990340407214, 103, -1.0
31641.344921462423, 75, 1.0
31643.007109892947, 103, 1.0
31645.33717204827, 148, -1.0
31646.519907445625, 103, 1.0
31647.756226252408, 154, 1.0
31668.700349612056, 75, 1.0
31669.65410710351, 44, -1.0
31674.28161422557, 75, 1.0
31705.925185513443, 154, -1.0
31706.04671220441, 148, -1.0
31707.656603080242, 101, 1.0
31710.22360259528, 152, 1.0
31714.0998657135, 152, 1.0
31716.180641552743, 75, 1.0
31722.14380654328, 148, -1.0
31723.3760402489, 75, 1.0
31724.31231913371, 75, 1.0
31724.354657249794, 103, 1.0
31726.468770069685, 103, 1.0
31727.483575979317, 148, -1.0
31729.426599748997, 101, -1.0
31732.167801774747, 152, 1.0
31732.563851287803, 148, -1.0
31735.922786743147, 152, -1.0
31751.794900983346, 35, -1.0
31755.46260046884, 101, -1.0
31769.09406326572, 75, -1.0
31777.70919754902, 44, -1.0
31778.87478550122, 35, -1.0
31783.00846539755, 148, -1.0
31793.1787000501, 154, 1.0
31804.69210284442, 154, 1.0
31806.097438755267, 44, -1.0
31817.100240713167, 148, -1.0
31818.195289438805, 75, -1.0
31822.05969325743, 75, 1.0
31833.166150520796, 152, -1.0
31836.265596738813, 103, 1.0
31841.291017475647, 35, -1.0
31849.76802528573, 101, -1.0
31851.579422213796, 148, -1.0
31863.992721114933, 75, 1.0
31872.07964128086, 75, 1.0
31874.159931010327, 75, -1.0
31880.993260082185, 101, 1.0
31884.425899617087, 101, 1.0
31891.32180595988, 148, -1.0
31893.931263609593, 75, -1.0
31898.8827109703, 148, -1.0
31902.485474679903, 35, -1.0
31906.783596092468, 35, -1.0
31908.662448805484, 44, -1.0
31910.63738788153, 35, 1.0
31914.043768040636, 154, 1.0
31923.40851474447, 103, 1.0
31924.029426655125, 154, 1.0
31926.8638031199, 148, -1.0
31927.660632422834, 75, 1.0
31929.469506479174, 101, -1.0
31930.881094853332, 101, 1.0
31938.53432356103, 75, -1.0
31942.430307756433, 75, 1.0
31947.82501564021, 152, 1.0
31957.145877899635, 148, 1.0
31959.245397404862, 148, -1.0
31962.937359056486, 101, -1.0
31966.39773186361, 75, 1.0
31966.596967861315, 148, -1.0
31967.302551127137, 152, 1.0
31973.93203958541, 75, 1.0
31974.82891022955, 75, 1.0
31978.17063534922, 35, 1.0
31979.40153542492, 148, -1.0
31981.64497392703, 152, -1.0
31983.052588134902, 75, 1.0
31984.310661677067, 152, -1.0
31986.431807384728, 75, 1.0
31986.455910710727, 103, 1.0
31992.28718553278, 154, 1.0
32000.602499149874, 75, 1.0
32001.214162976034, 75, 1.0
32006.98683782392, 75, 1.0
32011.18301778574, 75, 1.0
32015.32872291019, 152, 1.0
32016.739423565865, 152, -1.0
32026.389565411995, 75, 1.0
32034.221958657694, 154, 1.0
32044.00705504958, 148, -1.0
32045.139929976434, 154, 1.0
32046.710493094186, 35, 1.0
32046.81044499481, 75, 1.0
32053.332849189414, 35, -1.0
32056.959474589217, 154, -1.0
32060.633943395595, 75, 1.0
32075.81375859619, 148, -1.0
32077.26314186899, 101, 1.0
32078.739084548775, 75, -1.0
32082.01540857365, 35, 1.0
32098.340100310947, 44, -1.0
32100.814481726902, 75, -1.0
32108.457981062093, 35, -1.0
32119.355546149778, 44, -1.0
32147.09984317639, 148, -1.0
32147.84712193116, 154, -1.0
32151.570891611795, 35, -1.0
32153.649169811102, 35, 1.0
32177.807049350482, 103, 1.0
32195.25496444792, 75, 1.0
32202.577011063226, 152, -1.0
32205.538133871523, 35, -1.0
32206.428572334906, 44, -1.0
32209.093155021874, 103, 1.0
32210.612907548217, 75, 1.0
32217.66194028554, 35, 1.0
32220.99072716733, 148, -1.0
32221.00534119807, 75, 1.0
32230.84922722174, 44, -1.0
32233.429989769782, 148, -1.0
32234.247373190978, 103, -1.0
32239.23243763076, 148, -1.0
32250.67016355567, 103, 1.0
32251.08125002998, 44, -1.0
32252.293931399367, 75, 1.0
32256.100334536586, 101, 1.0
32256.85394268104, 103, -1.0
32273.91383488765, 154, 1.0
32283.83641381662, 154, 1.0
32298.310774380727, 148, -1.0
32302.769567160518, 101, 1.0
32306.41293224195, 75, -1.0
32313.727228804986, 101, 1.0
32315.964684772764, 75, 1.0
32316.324518261248, 75, -1.0
32316.730033881315, 101, 1.0
32321.38947229142, 152, -1.0
32329.021200306433, 148, -1.0
32333.42378655979, 154, 1.0
32336.003342230197, 35, -1.0
32343.542185498303, 75, 1.0
32344.02776508294, 35, 1.0
32350.98844994029, 75, 1.0
32352.35796771736, 44, -1.0
32353.39383481838, 101, 1.0
32355.580187111038, 35, 1.0
32368.357623501874, 35, -1.0
32370.622879843802, 44, 1.0
32373.51158489817, 148, -1.0
32375.459745897013, 148, -1.0
32376.25468042119, 44, -1.0
32377.117227404156, 101, -1.0
32394.510653149286, 148, -1.0
32396.433921305026, 152, -1.0
32396.66453288359, 154, 1.0
32398.095588504097, 103, 1.0
32400.620187185323, 101, -1.0
32400.986925059555, 103, 1.0
32415.18090400929, 101, 1.0
32416.6740492397, 152, -1.0
32421.473672379896, 35, -1.0
32423.082877009023, 152, -1.0
32430.327070106647, 75, -1.0
32431.75429408682, 35, -1.0
32435.007908203184, 35, -1.0
32435.17254437424, 35, 1.0
32441.051929324065, 154, 1.0
32441.075867224237, 35, -1.0
32442.021412093905, 75, 1.0
32459.38372811795, 152, 1.0
32462.874486885816, 44, -1.0
32463.550765225515, 154, -1.0
32466.5831108793, 101, 1.0
32467.40583977438, 103, 1.0
32472.1498677838, 75, 1.0
32475.699121626443, 35, -1.0
32478.136043570143, 101, 1.0
32484.076384704345, 101, -1.0
32485.54369339596, 152, -1.0
32501.426181911615, 152, -1.0
32502.997444345037, 103, 1.0
32511.978575692854, 103, 1.0
32523.689981008243, 101, -1.0
32527.056228807236, 101, 1.0
32534.912218364592, 75, -1.0
32542.27452955725, 35, 1.0
32545.71425880034, 101, 1.0
32550.31494334285, 101, 1.0
32557.96463444937, 152, -1.0
32570.2984695409, 75, 1.0
32572.37779496732, 101, 1.0
32573.826273979736, 152, -1.0
32578.683743118796, 101, -1.0
32579.788768545415, 103, 1.0
32583.174743875286, 101, 1.0
32585.758213986413, 152, -1.0
32586.45842873049, 101, -1.0
32587.835188826244, 152, -1.0
32590.24724302653, 35, 1.0
32592.458463926527, 154, -1.0
32594.462819584955, 152, -1.0
32597.38334397453, 44, -1.0
32609.782758427973, 152, 1.0
32612.704110031205, 152, 1.0
32614.66855512051, 101, -1.0
32629.17618164156, 101, 1.0
32639.933135762927, 35, -1.0
32640.210271857726, 148, -1.0
32641.269447714614, 101, 1.0
32646.67395877679, 152, -1.0
32656.004388529258, 44, -1.0
32662.802811790694, 35, -1.0
32664.758525922407, 103, 1.0
32670.319940240362, 35, -1.0
32671.147055966103, 44, -1.0
32676.060527669924, 75, -1.0
32678.8941446342, 35, -1.0
32679.958545044832, 148, -1.0
32685.708957367046, 75, 1.0
32686.992485309067, 35, 1.0
32691.992040869576, 101, -1.0
32693.692674556343, 148, -1.0
32694.405679767013, 152, -1.0
32697.633221790682, 103, -1.0
32699.325696827724, 101, -1.0
32710.515380218647, 103, 1.0
32713.6102511843, 101, 1.0
32714.406315365028, 154, -1.0
32715.468935376743, 75, 1.0
32729.687094982713, 101, 1.0
32740.085650538258, 101, -1.0
32740.181847727443, 75, 1.0
32748.704734498926, 35, -1.0
32754.099161772323, 103, 1.0
32764.783018820366, 152, -1.0
32764.83908312241, 152, -1.0
32776.67677107094, 35, 1.0
32777.326273269, 154, 1.0
32781.5896186048, 154, 1.0
32782.11078802721, 101, 1.0
32782.305894355646, 152, 1.0
32791.07036574648, 44, -1.0
32792.24241197804, 103, 1.0
32793.26604237326, 75, 1.0
32797.67404676035, 44, -1.0
32799.806761058564, 103, -1.0
32802.40899288673, 75, 1.0
32803.919624576476, 154, -1.0
32804.07684506225, 101, 1.0
32804.3012764875, 35, -1.0
32805.92157776198, 152, -1.0
32812.363612643894, 44, 1.0
32813.4968139978, 154, 1.0
32821.75625538212, 101, 1.0
32827.850172173865, 103, -1.0
32827.87795522706, 101, 1.0
32828.0165132909, 152, -1.0
32836.54482019332, 44, -1.0
32839.43516306819, 101, -1.0
32839.64243136637, 152, -1.0
32840.41030688687, 44, -1.0
32841.96450646853, 152, -1.0
32843.85584050446, 35, 1.0
32851.54502806204, 35, -1.0
32854.898501604264, 154, -1.0
32857.52006538596, 154, -1.0
32859.94812071595, 44, -1.0
32864.71233500905, 75, 1.0
32868.20907088139, 35, -1.0
32870.79367108648, 148, -1.0
32878.63317083323, 152, -1.0
32878.72606017958, 35, -1.0
32890.857176319274, 44, -1.0
32894.684333869016, 75, -1.0
32896.91223795729, 148, 1.0
32902.68314476582, 101, 1.0
32903.176065773405, 103, 1.0
32904.48496242841, 152, 1.0
32908.79548217142, 152, 1.0
32913.90284566643, 75, -1.0
32913.907232811034, 75, -1.0
32917.23125762113, 75, -1.0
32924.33027726359, 152, -1.0
32927.92265883174, 103, 1.0
32935.2926004794, 103, 1.0
32935.64966494704, 154, 1.0
32936.05716099327, 103, 1.0
32938.72788421504, 152, 1.0
32946.23084874247, 75, 1.0
32952.026325147766, 103, 1.0
32955.7516882798, 103, 1.0
32965.351261841475, 101, 1.0
32966.327224764325, 35, 1.0
32967.173270970445, 103, 1.0
32970.74998573762, 103, 1.0
32975.87455960465, 152, 1.0
32983.27849753397, 35, 1.0
32984.004986185246, 75, -1.0
32998.39561915253, 44, 1.0
33003.23484810903, 75, -1.0
33013.048088503165, 35, -1.0
33028.507271738315, 35, -1.0
33029.90518086366, 152, -1.0
33037.37190602373, 35, -1.0
33039.63929847936, 154, -1.0
33051.1611611683, 75, -1.0
33066.53213134292, 152, 1.0
33068.368782423604, 35, 1.0
33069.819844339516, 101, 1.0
33070.08698532587, 152, 1.0
33073.33293217914, 35, -1.0
33086.16029140809, 75, 1.0
33089.92536016278, 35, -1.0
33090.88396590258, 44, -1.0
33093.69738037056, 35, -1.0
33094.216180198695, 75, -1.0
33096.511081183184, 101, 1.0
33097.16892629503, 35, -1.0
33097.88352097082, 35, 1.0
33098.16610205665, 103, 1.0
33098.559243498465, 154, -1.0
33099.82073342591, 35, -1.0
33113.24940343966, 44, 1.0
33122.66910326678, 154, -1.0
33126.14305174633, 35, 1.0
33126.78411460432, 103, 1.0
33144.10476298562, 35, 1.0
33146.86683095923, 35, -1.0
33152.48501256499, 101, 1.0
33154.81955398315, 148, -1.0
33157.30993307851, 75, -1.0
33159.90856932161, 152, -1.0
33174.38268973842, 152, 1.0
33175.457494307375, 35, -1.0
33182.33252317713, 103, 1.0
33187.62195133202, 44, -1.0
33196.754869637574, 154, -1.0
33198.29528436686, 75, -1.0
33206.57949445961, 101, 1.0
33225.842377763, 148, -1.0
33232.65504679534, 154, 1.0
33244.468208279446, 101, -1.0
33245.21258174521, 101, -1.0
33246.34238259653, 75, -1.0
33247.74631672159, 103, 1.0
33249.49391736184, 152, -1.0
33251.22881878576, 44, -1.0
33255.81224238997, 101, 1.0
33258.81444070584, 75, 1.0
33265.00763845535, 101, -1.0
33265.76410002092, 154, 1.0
33266.84521223702, 152, 1.0
33269.66511149542, 154, -1.0
33269.706071900226, 75, -1.0
33272.95337153108, 75, 1.0
33284.44999596833, 44, -1.0
33290.6875483409, 35, -1.0
33291.62245367304, 101, 1.0
33292.00651790808, 75, 1.0
33299.62326717032, 35, -1.0
33305.018159897496, 154, -1.0
33309.88228547601, 148, -1.0
33312.36011736634, 101, 1.0
33327.6236395932, 44, -1.0
33338.93733999094, 152, -1.0
33344.53903578546, 103, 1.0
33347.991982525746, 44, -1.0
33352.529489150234, 75, 1.0
33357.87745831608, 152, -1.0
33364.717813613956, 103, 1.0
33366.7708523126, 103, -1.0
33382.74231067347, 101, 1.0
33385.40671935875, 35, 1.0
33388.29477799073, 35, 1.0
33410.65034374109, 154, -1.0
33416.64004577711, 75, -1.0
33419.66648794216, 75, -1.0
33421.14516088884, 75, 1.0
33428.156356427025, 75, 1.0
33436.67014260262, 35, -1.0
33437.27448378713, 35, -1.0
33441.79524432615, 101, 1.0
33444.928612454954, 103, 1.0
33452.13797158032, 44, -1.0
33452.73994033085, 101, -1.0
33455.173868460624, 101, 1.0
33459.27453343014, 75, 1.0
33460.372523475984, 75, 1.0
33466.780649161534, 35, -1.0
33466.866446997024, 152, 1.0
33487.04386598619, 35, 1.0
33487.9714817683, 103, -1.0
33509.464863438414, 35, -1.0
33510.560394167784, 154, -1.0
33513.868278744994, 101, 1.0
33514.45086759738, 75, 1.0
33526.023291110185, 101, 1.0
33526.495899252855, 35, -1.0
33531.28808438218, 103, -1.0
33555.77878287271, 103, 1.0
33565.875833439735, 101, 1.0
33574.83553669484, 148, 1.0
33579.99254394256, 101, 1.0
33582.062539287865, 75, 1.0
33582.72112960482, 35, 1.0
33591.24282797074, 101, 1.0
33593.02454208438, 35, -1.0
33597.44940999735, 152, -1.0
33604.2251189097, 152, -1.0
33620.06381602856, 75, -1.0
33633.49210000109, 75, -1.0
33653.737154980154, 152, 1.0
33656.025520404655, 35, 1.0
33656.474981405845, 103, 1.0
33667.00622757118, 101, 1.0
33686.15382831061, 103, 1.0
33686.189030519425, 101, -1.0
33690.07555128638, 75, 1.0
33692.08066031552, 75, 1.0
33697.799216038904, 103, 1.0
33713.28850446436, 35, -1.0
33718.56093133994, 103, 1.0
33720.56441244381, 35, -1.0
33723.1486528961, 101, 1.0
33747.452801161955, 35, 1.0
33749.97261909439, 101, -1.0
33751.17810119987, 75, 1.0
33756.86170852438, 103, 1.0
33765.814266655805, 44, -1.0
33767.980773143834, 148, 1.0
33769.89163077965, 154, -1.0
33773.99805162023, 44, -1.0
33781.56955559101, 101, 1.0
33785.91748805095, 103, -1.0
33790.5140945882, 101, 1.0
33793.89573106204, 152, 1.0
33795.03997092796, 152, 1.0
33796.03110524678, 75, -1.0
33796.922465678894, 103, 1.0
33800.36727066589, 35, 1.0
33803.81941785881, 103, 1.0
33811.79623866189, 35, -1.0
33815.591645972425, 101, 1.0
33825.46873679535, 75, -1.0
33825.91192379318, 75, 1.0
33830.68880631015, 44, -1.0
33831.76028959783, 75, -1.0
33836.97450205494, 44, -1.0
33837.52401763512, 103, -1.0
33838.16550341117, 154, -1.0
33851.45588675795, 152, 1.0
33861.3913148346, 75, 1.0
33865.88183664958, 35, 1.0
33867.05712292841, 35, 1.0
33867.42037139525, 75, -1.0
33868.3006757775, 103, 1.0
33870.146255861015, 103, -1.0
33872.160692499296, 152, 1.0
33886.1011316925, 35, 1.0
33888.44882676873, 35, 1.0
33892.47173706123, 103, -1.0
33892.67296044795, 101, 1.0
33898.456135210654, 101, 1.0
33908.07991596105, 152, 1.0
33910.15524697135, 35, -1.0
33910.23091512221, 35, -1.0
33916.01018110023, 35, 1.0
33916.399101262235, 35, 1.0
33920.307830940124, 101, -1.0
33932.35700759444, 154, -1.0
33937.5730872857, 148, 1.0
33940.66284742964, 101, 1.0
33944.97852733361, 152, -1.0
33948.195716523565, 44, -1.0
33949.453772787296, 148, 1.0
33950.48096961576, 103, 1.0
33951.70998424506, 35, 1.0
33955.626697026724, 101, -1.0
33956.093888655436, 103, 1.0
33956.98043598477, 35, 1.0
33957.19854210695, 154, -1.0
33961.56388949107, 44, 1.0
33975.45419417992, 152, -1.0
33979.54176002464, 148, -1.0
33981.578938595645, 152, -1.0
33987.38041516201, 75, 1.0
33990.519544193885, 35, 1.0
33992.08502787476, 75, -1.0
33994.11312205871, 103, -1.0
33994.19092789669, 35, -1.0
33994.828648883806, 148, -1.0
33998.67425450811, 44, -1.0
34003.59747279168, 44, -1.0
34004.19501885047, 152, -1.0
34012.772753132536, 101, 1.0
34013.708441339666, 75, -1.0
34017.475463664756, 75, -1.0
34026.09457867584, 152, -1.0
34026.66763306011, 35, -1.0
34029.50468167057, 35, -1.0
34038.17931811779, 152, 1.0
34048.16313395692, 152, -1.0
34048.46759395155, 148, -1.0
34049.50083329688, 35, 1.0
34052.05601271935, 101, -1.0
34052.34184026896, 152, -1.0
34053.955460299556, 103, 1.0
34056.782241878995, 44, -1.0
34063.89450537096, 101, 1.0
34066.79961780126, 35, 1.0
34068.584778881006, 35, -1.0
34073.33012790073, 35, -1.0
34084.72179244727, 103, 1.0
34089.57035862762, 152, -1.0
34098.41424216365, 44, 1.0
34104.12748914267, 152, -1.0
34105.22820034395, 35, 1.0
34105.90617991442, 103, -1.0
34118.776147778444, 148, -1.0
34124.21961117778, 75, 1.0
34125.4175245895, 101, 1.0
34128.136414452056, 154, -1.0
34140.56205933104, 103, 1.0
34141.24580429776, 75, 1.0
34141.252540314985, 35, 1.0
34146.49258083071, 103, 1.0
34150.878048998275, 103, 1.0
34155.74142461134, 103, 1.0
34161.617187279095, 44, -1.0
34163.036932953146, 35, -1.0
34163.30227137101, 152, 1.0
34175.12267765628, 35, -1.0
34179.4614340058, 44, -1.0
34181.48503168731, 101, 1.0
34181.67083475842, 152, -1.0
34190.51254313629, 152, -1.0
34198.6472887464, 152, 1.0
34206.52059363284, 154, -1.0
34239.21001007377, 103, -1.0
34256.01513011524, 101, 1.0
34257.881863047434, 152, -1.0
34259.31624306453, 101, 1.0
34262.75809401557, 103, 1.0
34269.20073581962, 154, -1.0
34279.37876647409, 152, 1.0
34283.90386391815, 35, -1.0
34288.70918159002, 152, 1.0
34301.40306095078, 101, 1.0
34306.75005971056, 103, 1.0
34307.775413801595, 152, -1.0
34312.42383220561, 35, -1.0
34315.41847041461, 152, -1.0
34316.22982521143, 148, -1.0
34324.96295024871, 75, 1.0
34335.750582781344, 101, 1.0
34337.32535067603, 103, 1.0
34345.57381557146, 44, -1.0
34346.34398339864, 101, -1.0
34357.87490304548, 148, -1.0
34361.75680760677, 35, -1.0
34365.846274510186, 103, 1.0
34367.12868667995, 152, -1.0
34367.696764567416, 44, 1.0
34369.827125306554, 44, -1.0
34371.4477131306, 103, 1.0
34374.41846082571, 101, -1.0
34376.23003866162, 75, 1.0
34380.16845800179, 154, -1.0
34382.882933638626, 101, 1.0
34386.18716487466, 152, -1.0
34394.7511486518, 44, -1.0
34397.82766763331, 103, 1.0
34419.86610448864, 35, 1.0
34422.43874339111, 154, 1.0
34427.29368466403, 101, 1.0
34435.36752047387, 154, 1.0
34439.29959629407, 152, 1.0
34440.70675505035, 103, 1.0
34443.91221876997, 101, 1.0
34449.02826465952, 35, 1.0
34454.81048018873, 154, -1.0
34455.894938973106, 101, -1.0
34466.9511313028, 35, 1.0
34468.97171430174, 35, 1.0
34475.48128279095, 152, 1.0
34477.921026371114, 75, 1.0
34486.34304181547, 101, 1.0
34487.20520764889, 35, -1.0
34490.959782214035, 152, -1.0
34491.76259406307, 35, 1.0
34522.326336613085, 35, 1.0
34524.606902555686, 152, -1.0
34532.18093510395, 75, -1.0
34537.18036192737, 35, 1.0
34545.35072915288, 35, 1.0
34547.44260592696, 103, 1.0
34550.32687253972, 103, 1.0
34554.6401070553, 75, 1.0
34557.990417147535, 75, -1.0
34559.03921532948, 101, 1.0
34559.62493595126, 75, 1.0
34562.70589238062, 148, -1.0
34574.36459871751, 75, -1.0
34576.3554027782, 103, 1.0
34580.41954961123, 154, -1.0
34585.380993968, 35, -1.0
34586.55813720431, 103, 1.0
34588.733338126855, 101, 1.0
34593.63361717144, 103, 1.0
34595.50753464657, 103, 1.0
34599.47057781327, 154, -1.0
34611.93343169807, 154, 1.0
34612.44503341963, 152, -1.0
34617.40709366901, 154, -1.0
34622.81428618433, 152, 1.0
34623.36935503375, 103, 1.0
34637.593242150644, 44, -1.0
34639.04294885006, 35, -1.0
34653.16736808982, 44, 1.0
34656.619413964836, 35, -1.0
34657.38833455272, 35, 1.0
34659.60088945953, 44, -1.0
34660.07600545308, 35, 1.0
34665.29989034789, 44, -1.0
34665.55698118829, 101, 1.0
34668.90036523016, 75, -1.0
34672.03562004973, 148, 1.0
34675.48541156524, 35, -1.0
34677.41211955426, 148, -1.0
34680.409191138686, 152, -1.0
34685.31272662306, 75, -1.0
34686.60362813762, 101, -1.0
34686.62807467506, 103, 1.0
34698.92658704711, 152, -1.0
34701.53135870484, 35, -1.0
34703.93034885394, 35, -1.0
34704.29330319553, 44, -1.0
34709.844218983664, 103, 1.0
34711.068749827406, 152, 1.0
34713.538877980136, 35, 1.0
34717.18723863174, 35, -1.0
34717.690385180875, 35, 1.0
34721.655621795995, 152, 1.0
34723.7190505656, 103, 1.0
34736.55039581588, 101, -1.0
34744.577430113844, 35, -1.0
34755.44124643632, 103, 1.0
34768.362168139254, 152, -1.0
34768.489490956126, 101, 1.0
34768.571448651506, 35, -1.0
34768.58719265453, 103, 1.0
34768.71729757733, 152, -1.0
34772.45073944187, 154, -1.0
34781.35912066349, 75, -1.0
34785.3685568019, 101, 1.0
34794.03815623817, 75, 1.0
34800.59344137093, 75, 1.0
34810.30236942386, 35, 1.0
34813.32992505588, 152, 1.0
34822.04523671599, 103, 1.0
34822.27385582094, 103, -1.0
34830.115059628406, 101, 1.0
34831.41194332849, 101, 1.0
34834.254282759444, 44, -1.0
34838.98583085352, 148, -1.0
34842.083076963594, 101, 1.0
34846.96693539385, 75, 1.0
34848.05716736835, 152, 1.0
34850.86152861723, 101, 1.0
34852.62087120117, 152, -1.0
34856.5422638277, 101, 1.0
34860.12094822988, 35, -1.0
34864.072514523126, 35, 1.0
34866.229843245004, 152, 1.0
34867.63675355925, 101, 1.0
34868.4677683588, 101, -1.0
34875.70537577139, 148, -1.0
34876.240905019804, 103, 1.0
34891.72172531718, 148, -1.0
34894.95989584666, 35, 1.0
34897.21021266399, 35, -1.0
34900.46620476063, 75, -1.0
34900.970711662914, 152, -1.0
34902.57813508963, 44, -1.0
34904.413580996115, 35, -1.0
34910.07038146297, 103, -1.0
34910.150499762865, 103, 1.0
34915.247701907174, 152, 1.0
34915.25356005089, 101, -1.0
34923.699673715215, 44, -1.0
34940.44025348954, 44, 1.0
34947.05269262225, 152, 1.0
34948.65323555356, 103, 1.0
34950.906952747944, 101, 1.0
34962.577511060044, 44, -1.0
34962.95792874495, 35, 1.0
34964.1773747836, 148, -1.0
34965.30177567172, 101, 1.0
34965.748536157414, 103, 1.0
34972.35327583907, 103, 1.0
34975.59660982524, 154, -1.0
34982.320753989785, 35, -1.0
34982.48308218422, 152, -1.0
34983.90100658409, 44, -1.0
34986.705451873924, 152, 1.0
34993.73280039205, 101, 1.0
34998.07264547704, 44, -1.0
34999.071355504435, 101, 1.0
35000.262980370266, 103, 1.0
35001.712665303436, 103, -1.0
35005.55987788903, 44, -1.0
35006.287507034445, 35, 1.0
35010.37905704229, 152, -1.0
35021.92212101182, 75, -1.0
35023.47151147035, 35, 1.0
35025.41402679633, 35, -1.0
35031.82149064752, 101, -1.0
35033.846382426156, 75, -1.0
35037.067053528895, 152, 1.0
35041.299963960286, 101, 1.0
35049.077910551234, 101, 1.0
35049.13403185037, 101, -1.0
35061.4151551081, 152, -1.0
35069.080136087614, 35, 1.0
35073.54063574527, 148, -1.0
35075.38674911061, 44, -1.0
35077.559109751404, 35, -1.0
35079.33059492477, 103, 1.0
35083.374201678394, 101, 1.0
35086.58916187498, 35, -1.0
35102.15808870851, 148, 1.0
35104.38897483643, 75, 1.0
35105.65307184773, 75, -1.0
35106.06030309173, 152, -1.0
35106.9565388226, 101, 1.0
35110.192560156494, 101, 1.0
35117.180853992206, 101, 1.0
35117.37389426888, 44, -1.0
35127.475570215065, 35, -1.0
35134.378650454135, 75, -1.0
35155.66607997898, 44, -1.0
35155.9330194199, 152, -1.0
35164.143737088845, 152, 1.0
35165.16111943337, 152, -1.0
35167.3574989677, 35, 1.0
35178.46317069936, 35, 1.0
35178.49863083841, 103, 1.0
35182.630479766325, 101, -1.0
35185.74442562388, 152, -1.0
35187.276752337944, 35, 1.0
35190.27458674995, 75, 1.0
35194.81377155931, 103, -1.0
35196.50385653596, 75, 1.0
35197.59854420559, 103, 1.0
35199.21051931942, 35, 1.0
35203.15396225256, 148, -1.0
35207.71315340326, 35, 1.0
35208.23534990961, 35, 1.0
35209.58187937658, 101, -1.0
35211.003982718066, 152, 1.0
35213.33575046732, 75, -1.0
35217.07103132501, 154, -1.0
35219.214088388224, 35, -1.0
35228.14565685512, 103, 1.0
35237.81201196627, 35, 1.0
35239.36542139316, 101, 1.0
35244.757310272034, 44, -1.0
35250.671878825946, 44, -1.0
35255.60545949183, 154, 1.0
35261.95796054582, 148, 1.0
35266.11575182514, 103, -1.0
35266.30707881698, 75, 1.0
35269.5951312928, 35, -1.0
35283.54940593612, 103, 1.0
35283.68498548567, 148, 1.0
35284.60433193569, 152, -1.0
35284.91494690566, 75, -1.0
35285.615841905776, 75, 1.0
35288.1498371903, 35, 1.0
35295.080768358865, 148, -1.0
35296.990864423286, 75, 1.0
35297.51246660641, 35, 1.0
35305.47457778503, 103, 1.0
35307.931023068646, 101, -1.0
35313.2041274277, 152, -1.0
35314.04508207677, 152, 1.0
35318.24075014943, 35, -1.0
35319.38845853309, 103, -1.0
35324.73939377553, 152, -1.0
35331.903990358085, 101, 1.0
35336.62441409944, 103, 1.0
35340.00036093463, 148, -1.0
35346.865895118346, 101, -1.0
35347.774252567775, 152, -1.0
35354.47129733444, 152, -1.0
35359.27193145623, 35, -1.0
35359.99545131459, 154, -1.0
35361.35209838511, 75, 1.0
35362.1596220644, 35, 1.0
35369.616421862265, 35, 1.0
35374.310191475, 103, 1.0
35385.494599390215, 103, -1.0
35387.62885439425, 152, 1.0
35393.696222181105, 44, -1.0
35398.39075360181, 101, 1.0
35404.05114327061, 101, -1.0
35417.978157656486, 152, 1.0
35436.34296958787, 152, 1.0
35451.45315068886, 75, -1.0
35456.341448714826, 44, -1.0
35458.23544060801, 44, -1.0
35459.7294426545, 44, -1.0
35466.374009291954, 152, -1.0
35467.210161189054, 35, -1.0
35474.15779920843, 101, 1.0
35480.38677849415, 152, -1.0
35485.99556812851, 75, -1.0
35486.08179957728, 154, -1.0
35491.24516953087, 75, 1.0
35498.83109516595, 101, -1.0
35505.082440255144, 35, -1.0
35508.586976771396, 44, -1.0
35513.16064602927, 44, -1.0
35514.907563089844, 103, 1.0
35521.40678746327, 103, -1.0
35523.16052968337, 101, 1.0
35530.26394885057, 35, 1.0
35546.87038283395, 152, 1.0
35550.51840324754, 101, 1.0
35551.60023126332, 35, 1.0
35554.05593678786, 103, -1.0
35562.074693308925, 103, 1.0
35570.47111724808, 35, -1.0
35571.42735345013, 154, -1.0
35573.99491637135, 35, -1.0
35578.12110961433, 75, 1.0
35593.14531508876, 152, -1.0
35594.93160667213, 101, -1.0
35598.183360425224, 35, -1.0
35603.24599362876, 35, -1.0
35604.00425749379, 35, 1.0
35613.53055295889, 35, -1.0
35615.576323335736, 152, 1.0
35617.39166819745, 152, -1.0
35618.82123807353, 101, 1.0
35619.008724468775, 101, 1.0
35619.777492833884, 75, 1.0
35622.06104458846, 101, -1.0
35627.35677252277, 154, -1.0
35631.65895538033, 152, 1.0
35636.549455499495, 44, -1.0
35644.424685290025, 101, 1.0
35645.645995849765, 101, -1.0
35655.44743254664, 101, 1.0
35657.45404515037, 103, 1.0
35664.01245556272, 148, -1.0
35671.038375282056, 154, 1.0
35671.168769633936, 101, 1.0
35676.272530793096, 44, 1.0
35676.83675650262, 75, 1.0
35677.739091839765, 35, -1.0
35678.80827950978, 152, -1.0
35680.689240821644, 152, 1.0
35688.27428910754, 35, 1.0
35689.3927895891, 103, 1.0
35698.56291256507, 152, 1.0
35711.50037851407, 44, -1.0
35715.72142852329, 103, 1.0
35718.596298861215, 101, 1.0
35726.03848868872, 103, 1.0
35728.0217937712, 44, -1.0
35728.77854152916, 35, -1.0
35731.096742365924, 103, 1.0
35734.415574902734, 44, -1.0
35737.2893293965, 103, 1.0
35761.05103885237, 35, 1.0
35770.10178290214, 103, 1.0
35774.36789753455, 44, -1.0
35779.05105590835, 103, 1.0
35780.33110850724, 152, 1.0
35780.93022153262, 35, -1.0
35789.753935030065, 148, 1.0
35798.30203119866, 148, -1.0
35801.576821606825, 101, -1.0
35805.389163570144, 103, 1.0
35806.4190322241, 152, -1.0
35806.544214154055, 35, -1.0
35807.04795620581, 101, -1.0
35807.185993693674, 35, 1.0
35816.14439988527, 152, -1.0
35818.11060419114, 103, 1.0
35820.63079922446, 35, 1.0
35827.95973013975, 103, 1.0
35829.87597326388, 35, -1.0
35832.69212969608, 101, 1.0
35835.41518914922, 44, -1.0
35836.030438319176, 101, 1.0
35867.630078665185, 152, 1.0
35872.225137408655, 101, 1.0
35872.31137717749, 101, 1.0
35873.3856139224, 152, -1.0
35876.5650417742, 35, -1.0
35884.39044730679, 44, -1.0
35912.59214967499, 75, 1.0
35913.856087660446, 35, -1.0
35929.1681041036, 44, 1.0
35933.5662597299, 75, -1.0
35934.19438227308, 101, 1.0
35955.706404537625, 75, 1.0
35966.20975416875, 44, 1.0
35980.953233599736, 101, -1.0
35983.69021909818, 44, -1.0
35985.20341211471, 35, -1.0
35985.92476337955, 103, 1.0
35987.674333669696, 44, -1.0
35991.26826789855, 103, -1.0
