25209.314201500314, 154, 1.0
25214.85098108652, 103, -1.0
25220.524371071057, 35, -1.0
25231.013065290936, 35, -1.0
25231.0827433729, 75, 1.0
25243.886581163115, 75, 1.0
25245.792591523463, 154, -1.0
25249.53496638699, 101, 1.0
25250.04749266639, 75, 1.0
25257.49148662911, 101, 1.0
25271.31816703782, 35, -1.0
25274.452577229804, 103, 1.0
25278.410226058855, 154, 1.0
25281.120675611637, 35, -1.0
25303.460444912147, 35, -1.0
25307.189041763657, 35, 1.0
25320.66198791784, 103, 1.0
25321.18401489475, 35, 1.0
25326.308465519294, 152, -1.0
25328.77166042426, 148, -1.0
25331.431306196235, 101, -1.0
25332.17374941381, 101, 1.0
25339.157141543303, 35, 1.0
25342.774125717326, 75, 1.0
25343.79168652014, 75, 1.0
25347.461675539536, 75, -1.0
25351.23229467483, 101, 1.0
25366.558803049098, 75, 1.0
25369.997955715535, 35, -1.0
25370.460173282507, 35, 1.0
25381.00145816298, 101, 1.0
25387.47543906162, 101, 1.0
25390.728438875543, 148, -1.0
25394.04628837158, 75, -1.0
25402.52587158168, 152, 1.0
25403.82205881274, 101, 1.0
25406.03919693515, 35, -1.0
25422.572776855955, 148, -1.0
25424.377027821036, 35, -1.0
25430.479629770296, 75, 1.0
25441.546123867367, 35, 1.0
25442.69005478947, 152, -1.0
25446.07589996063, 35, 1.0
25457.876864013422, 154, -1.0
25478.492163695937, 75, 1.0
25486.205787321895, 103, 1.0
25487.84070890307, 101, 1.0
25490.443293559758, 154, -1.0
25492.501166258236, 75, 1.0
25501.089831826604, 152, -1.0
25507.321151436292, 101, 1.0
25513.1002531383, 35, -1.0
25515.38474972651, 101, 1.0
25520.28597488407, 35, -1.0
25521.899071633194, 152, -1.0
25525.79571111483, 148, -1.0
25531.52744354102, 75, 1.0
25532.763402967514, 103, 1.0
25547.254142696904, 103, 1.0
25555.299167738907, 103, 1.0
25563.460174343967, 75, 1.0
25568.633629135104, 75, 1.0
25570.859166070248, 152, -1.0
25572.32407020612, 101, 1.0
25573.43764605261, 101, 1.0
25583.802046499583, 101, 1.0
25602.03906888137, 152, -1.0
25603.240776125975, 35, -1.0
25624.563536535312, 75, 1.0
25624.997051330964, 75, 1.0
25625.23720987779, 75, 1.0
25635.227886822016, 152, -1.0
25636.3136454969, 75, -1.0
25651.97333314617, 101, 1.0
25661.64561363891, 75, 1.0
25670.023534008844, 75, -1.0
25670.463309276733, 103, -1.0
25671.929069126265, 35, -1.0
25672.173325723823, 35, 1.0
25689.74991226415, 75, 1.0
25717.36876121344, 35, -1.0
25723.227200248486, 101, 1.0
25726.978855851787, 103, 1.0
25741.233138429896, 101, -1.0
25751.62127489898, 152, -1.0
25761.035254641905, 148, -1.0
25771.63183702904, 75, 1.0
25782.256766044102, 154, 1.0
25795.49332685257, 101, 1.0
25802.893912983756, 44, 1.0
25808.907846611193, 154, -1.0
25819.820996130467, 44, -1.0
25841.432205947964, 148, -1.0
25844.701499238952, 154, 1.0
25853.951481263946, 75, -1.0
25858.902469766275, 101, 1.0
25865.848637188315, 148, -1.0
25871.39773633456, 101, 1.0
25872.872346904533, 35, -1.0
25879.579460898396, 35, -1.0
25880.423981228007, 103, 1.0
25887.85909035681, 101, -1.0
25894.816126132053, 75, -1.0
25923.65815676667, 35, -1.0
25924.01557973912, 35, -1.0
25925.329367532875, 101, 1.0
25935.526229580144, 75, 1.0
25942.490969613344, 75, 1.0
25943.2608122547, 75, -1.0
25946.377415258554, 103, 1.0
25949.47480734781, 152, -1.0
25952.462406242816, 35, 1.0
25952.503833213217, 75, 1.0
25955.054039532584, 35, -1.0
25956.97491608026, 44, 1.0
25957.748868732015, 35, -1.0
25960.44061899257, 152, 1.0
25971.803759918395, 75, 1.0
25975.87735738419, 35, -1.0
25977.940232832727, 75, 1.0
25979.407174219574, 35, -1.0
25989.8360502529, 148, -1.0
25990.693460600807, 35, 1.0
25999.458694547437, 35, 1.0
26010.9834957225, 103, -1.0
26014.45079520335, 75, -1.0
26015.74748932636, 103, 1.0
26025.11073603877, 35, -1.0
26026.291272039227, 35, -1.0
26027.72855038776, 75, -1.0
26031.523294329956, 101, 1.0
26038.86900146486, 75, 1.0
26045.45938168961, 154, 1.0
26051.76828889383, 35, -1.0
26059.51903009671, 75, 1.0
26065.782524663664, 152, -1.0
26073.368455757303, 75, 1.0
26079.911980879744, 35, -1.0
26080.470534809538, 44, -1.0
26088.553803564486, 75, 1.0
26098.263880586463, 148, -1.0
26102.53365884466, 75, 1.0
26114.483928336806, 35, -1.0
26114.576723801267, 35, -1.0
26122.973695086548, 44, -1.0
26131.485066566656, 152, 1.0
26136.568073673156, 35, -1.0
26144.6942104829, 148, -1.0
26145.265393279293, 75, 1.0
26150.814737347067, 152, -1.0
26155.988416321874, 44, -1.0
26161.61071393354, 152, -1.0
26163.963848055562, 75, -1.0
26165.935626566414, 101, 1.0
26166.069402466303, 152, 1.0
26169.106891178628, 152, -1.0
26170.989830617462, 101, 1.0
26184.94513761552, 75, 1.0
26185.035520097874, 152, -1.0
26187.107281731616, 35, 1.0
26188.93409032057, 101, 1.0
26198.786357493707, 35, -1.0
26264.47805932796, 101, 1.0
26275.228982502256, 35, -1.0
26291.435033840575, 35, 1.0
26315.391909655722, 44, -1.0
26318.11486049741, 35, -1.0
26335.209954892267, 152, 1.0
26337.56054254729, 101, 1.0
26341.450458332125, 103, 1.0
26343.556461708195, 44, -1.0
26345.797875169817, 75, 1.0
26347.297138750957, 154, -1.0
26367.635576474986, 75, 1.0
26369.010041724025, 101, 1.0
26369.696287895287, 101, -1.0
26379.388433966615, 75, 1.0
26381.072974442468, 75, 1.0
26382.981523574574, 75, 1.0
26385.40655094248, 75, 1.0
26387.854789132984, 35, -1.0
26388.627310320593, 35, -1.0
26389.333074691745, 103, -1.0
26412.855044829965, 35, -1.0
26419.712903971802, 75, 1.0
26426.81314852952, 103, 1.0
26429.86861260514, 103, -1.0
26439.376502930492, 154, 1.0
26442.805108553282, 101, -1.0
26445.10784115859, 103, 1.0
26452.44884838873, 75, 1.0
26463.516825946674, 101, 1.0
26464.81325217348, 101, -1.0
26465.454423840638, 154, 1.0
26467.014580891846, 101, 1.0
26467.81041632927, 148, 1.0
26473.540165221064, 35, -1.0
26476.470598322285, 148, -1.0
26496.74087154412, 35, -1.0
26502.772419485627, 154, 1.0
26508.068265715963, 103, 1.0
26524.037561168116, 152, -1.0
26524.946365002284, 75, -1.0
26531.264703040513, 154, 1.0
26540.562516482292, 75, 1.0
26542.354299706752, 35, -1.0
26543.952989399633, 44, -1.0
26546.062070585464, 75, 1.0
26547.90848784842, 152, 1.0
26549.20731743396, 35, -1.0
26549.685210560434, 75, 1.0
26562.118805901893, 75, 1.0
26570.23608545686, 154, 1.0
26571.79664950812, 44, 1.0
26574.74638974134, 35, 1.0
26577.62656011756, 152, -1.0
26591.92498810467, 148, -1.0
26599.39082936472, 101, 1.0
26605.373239251836, 101, 1.0
26613.08239746389, 101, 1.0
26616.33094473416, 101, -1.0
26622.30112515055, 75, 1.0
26629.385572039606, 35, -1.0
26629.834601662922, 154, -1.0
26630.830965372348, 35, -1.0
26642.54401318047, 35, 1.0
26647.496273800512, 35, -1.0
26647.540547155964, 101, 1.0
26662.690857333328, 101, -1.0
26663.117263914195, 101, -1.0
26670.71492128494, 103, 1.0
26674.793134364725, 101, -1.0
26681.31375520875, 154, 1.0
26684.35406065805, 44, -1.0
26696.47397514972, 75, 1.0
26700.1629940213, 101, 1.0
26718.08346214302, 44, 1.0
26720.324141227247, 35, 1.0
26731.852400383097, 152, -1.0
26736.298949789845, 154, -1.0
26753.48391276059, 103, 1.0
26764.35500555536, 148, -1.0
26765.061692632, 154, -1.0
26765.157539762822, 75, 1.0
26768.953618675816, 103, 1.0
26773.377841717807, 101, 1.0
26775.469947623817, 101, -1.0
26776.59295497833, 35, -1.0
26778.114127813573, 101, -1.0
26782.67782865304, 103, 1.0
26790.0718504027, 35, -1.0
26798.164869546556, 101, 1.0
26804.395815955104, 35, -1.0
26804.431491301435, 75, -1.0
26806.430121927715, 35, -1.0
26812.06904617452, 103, 1.0
26812.502555010095, 101, 1.0
26812.81398121447, 35, -1.0
26814.16531235957, 75, 1.0
26817.17891146399, 75, 1.0
26819.597824343327, 35, -1.0
26827.031927826447, 103, -1.0
26835.37855488672, 101, 1.0
26840.030220429195, 75, 1.0
26842.479007568112, 75, 1.0
26844.446813887436, 101, 1.0
26847.63807258779, 75, 1.0
26852.80583110391, 101, 1.0
26870.22132277072, 75, 1.0
26870.515898305257, 44, -1.0
26875.268948662582, 35, -1.0
26883.251102997703, 75, 1.0
26897.682672397405, 101, 1.0
26898.847346048547, 101, 1.0
26907.786181288506, 148, -1.0
26914.938989246988, 75, 1.0
26915.83853313591, 35, -1.0
26924.6571439619, 75, 1.0
26930.094729452354, 35, -1.0
26933.727524009966, 148, -1.0
26934.325890962635, 148, -1.0
26941.041941567168, 103, -1.0
26945.06941885684, 101, -1.0
26948.009817086415, 101, 1.0
26950.086993378838, 44, -1.0
26951.082286730267, 103, 1.0
26951.655261859058, 148, -1.0
26956.385653297293, 103, 1.0
26964.172489584438, 75, -1.0
26972.924548766598, 101, 1.0
26973.523627018298, 35, 1.0
26975.872512180234, 152, 1.0
26988.13633403333, 148, -1.0
26992.471782379063, 75, 1.0
27004.286454402845, 35, -1.0
27016.427172486925, 75, 1.0
27026.755631516793, 152, -1.0
27043.641765548255, 152, 1.0
27043.730173950396, 75, -1.0
27048.59442041682, 101, -1.0
27052.888599958507, 101, 1.0
27060.59458683046, 101, 1.0
27060.646293836224, 101, 1.0
27060.69852209513, 148, -1.0
27082.59749923052, 35, 1.0
27086.12052485932, 75, 1.0
27095.928311851017, 35, -1.0
27097.808629319396, 75, -1.0
27109.230400562057, 75, -1.0
27120.7553227275, 35, 1.0
27124.088348094545, 75, 1.0
27135.178988126674, 35, -1.0
27139.73383294915, 101, -1.0
27141.83585279642, 103, 1.0
27146.196158681214, 103, 1.0
27152.982786620567, 101, 1.0
27154.792904361286, 35, 1.0
27155.157268345258, 75, -1.0
27156.808221468647, 44, -1.0
27158.506673961514, 154, -1.0
27161.166842369195, 75, -1.0
27163.108323685286, 75, -1.0
27169.075273698825, 101, 1.0
27194.322403243437, 148, -1.0
27195.36443235043, 35, 1.0
27201.293307252814, 35, -1.0
27208.17663450336, 101, -1.0
27225.617874040963, 101, 1.0
27230.65105611729, 103, -1.0
27233.5199801821, 148, -1.0
27234.421144899334, 148, -1.0
27240.128915767862, 75, 1.0
27241.38848326807, 75, 1.0
27250.760744089093, 75, 1.0
27252.408348961377, 35, -1.0
27253.52790373331, 35, -1.0
27256.381227773436, 101, 1.0
27257.8845422081, 101, -1.0
27266.05625480498, 75, 1.0
27267.177534407514, 103, 1.0
27271.51804450222, 44, -1.0
27276.288892617296, 75, 1.0
27278.784583750174, 101, 1.0
27295.303184258886, 35, -1.0
27299.612086015884, 101, 1.0
27300.998689226726, 44, -1.0
27301.167145196123, 101, -1.0
27313.201795084988, 101, 1.0
27317.320306426947, 44, -1.0
27331.135212635967, 75, -1.0
27343.11021688194, 35, -1.0
27356.216380666378, 35, 1.0
27360.847082231678, 154, 1.0
27371.921943591118, 103, 1.0
27380.243116420905, 148, -1.0
27386.437538331476, 101, -1.0
27390.940962933095, 75, 1.0
27393.027242540495, 154, -1.0
27408.020042381897, 75, 1.0
27413.99073569915, 35, -1.0
27414.79885363908, 35, -1.0
27417.661942235503, 148, -1.0
27424.681800590675, 35, 1.0
27425.902417587826, 44, -1.0
27429.27761586221, 148, -1.0
27432.034866583635, 103, 1.0
27435.48889879377, 35, -1.0
27439.01810829168, 75, 1.0
27445.752961281883, 75, -1.0
27450.289805115193, 154, 1.0
27483.900656385464, 152, 1.0
27490.1687357462, 101, 1.0
27491.532356393887, 152, -1.0
27497.757960470037, 75, 1.0
27499.231770356404, 101, 1.0
27508.58163532444, 75, -1.0
27510.163787202677, 103, -1.0
27511.405564516575, 152, -1.0
27518.40668019758, 35, -1.0
27523.989725229596, 75, 1.0
27538.266774312226, 152, -1.0
27549.68367511765, 35, -1.0
27553.69394214099, 154, 1.0
27557.121004461485, 154, 1.0
27563.05299695756, 75, 1.0
27574.50858928284, 101, 1.0
27580.285767482485, 152, -1.0
27585.698924309545, 148, -1.0
27585.721983779986, 35, 1.0
27591.80202143986, 75, 1.0
27593.492582476454, 75, -1.0
27599.626974377672, 101, 1.0
27601.040995873886, 35, 1.0
27602.611483232344, 103, 1.0
27604.08397526802, 101, 1.0
27604.459957698866, 148, -1.0
27609.191254495876, 75, 1.0
27611.77113808676, 35, -1.0
27620.83888101455, 148, -1.0
27621.220889757555, 75, 1.0
27628.50208833014, 101, 1.0
27629.623280085674, 103, -1.0
27630.935017010703, 75, 1.0
27631.40664883101, 101, -1.0
27640.712310852898, 101, 1.0
27645.377894920923, 152, -1.0
27645.78123390786, 103, 1.0
27646.380314361446, 101, -1.0
27647.811351608038, 152, -1.0
27659.540022771464, 75, 1.0
27663.17123954467, 152, 1.0
27670.808109783076, 75, -1.0
27679.041864499868, 75, 1.0
27681.71910821971, 152, 1.0
27685.5508492017, 103, 1.0
27688.176955497434, 75, 1.0
27689.2746967279, 75, 1.0
27694.6717207745, 35, -1.0
27695.263693309404, 35, 1.0
27706.222726903787, 101, 1.0
27709.62185565916, 103, 1.0
27713.85045977615, 103, -1.0
27716.623006522634, 75, -1.0
27720.033068269542, 75, -1.0
27723.479810837212, 101, 1.0
27744.60987048165, 75, 1.0
27745.943635485222, 152, -1.0
27748.603054840092, 103, 1.0
27754.065630098972, 35, -1.0
27757.01353516462, 75, 1.0
27758.87206312329, 35, -1.0
27765.724701578103, 101, 1.0
27777.04683598178, 103, 1.0
27787.385698455022, 154, 1.0
27798.195579974115, 75, 1.0
27798.716470337873, 75, 1.0
27807.552802242633, 152, 1.0
27810.336928502056, 152, 1.0
27816.7073291329, 101, 1.0
27820.09223092761, 101, -1.0
27823.593415823845, 35, -1.0
27827.064177392996, 75, -1.0
27829.125728396823, 75, 1.0
27829.788957308745, 35, -1.0
27833.253899728752, 101, -1.0
27842.422588656376, 101, 1.0
27847.110897883245, 154, -1.0
27854.259000944476, 44, -1.0
27854.870034451622, 154, -1.0
27862.49284338439, 75, 1.0
27864.367055066148, 75, -1.0
27866.3357024615, 75, -1.0
27866.349736790886, 75, 1.0
27878.5661721137, 75, -1.0
27883.203938274462, 75, -1.0
27894.66139427139, 75, 1.0
27904.89897531999, 35, -1.0
27909.58276941779, 35, -1.0
27914.6598583197, 44, -1.0
27919.05145128436, 44, -1.0
27935.206426375196, 101, -1.0
27935.242806397437, 103, -1.0
27944.363098281538, 152, -1.0
27955.20466890667, 75, 1.0
27957.316463496973, 35, -1.0
27963.3624770261, 103, -1.0
27963.911476904104, 152, 1.0
27966.282754101278, 101, -1.0
27971.682546696436, 103, 1.0
27983.01428423954, 152, -1.0
27990.223341053286, 101, -1.0
27994.28653868377, 154, 1.0
28005.8987069934, 75, 1.0
28008.88971790518, 101, -1.0
28018.99173748495, 75, 1.0
28019.854811572182, 75, 1.0
28021.13293913051, 152, 1.0
28023.321005922673, 35, 1.0
28027.600209868804, 35, -1.0
28027.926501993283, 35, -1.0
28033.55933546398, 75, 1.0
28047.32849091626, 35, -1.0
28047.969730623627, 44, -1.0
28048.96872280722, 75, -1.0
28054.53840703983, 154, -1.0
28057.621350788417, 103, -1.0
28068.934834393465, 103, 1.0
28071.6506805574, 75, 1.0
28075.538364580007, 154, 1.0
28082.70073534192, 75, 1.0
28083.567535993974, 103, 1.0
28091.89519319818, 148, -1.0
28097.91399700028, 103, 1.0
28100.03210327758, 101, 1.0
28107.368604321848, 154, -1.0
28116.654847585065, 101, 1.0
28119.388887945443, 101, 1.0
28122.085944138187, 75, 1.0
28123.875676265052, 101, -1.0
28125.042370271873, 101, 1.0
28131.55144349327, 101, 1.0
28150.34165395954, 44, -1.0
28154.504723515947, 75, 1.0
28156.90574418717, 35, -1.0
28166.871572890588, 35, -1.0
28167.588426464637, 148, -1.0
28169.740277412715, 103, 1.0
28171.777575884338, 101, -1.0
28173.3775812606, 148, -1.0
28178.072759379836, 75, 1.0
28182.150458994467, 103, -1.0
28185.365398480997, 101, -1.0
28191.60468899335, 152, -1.0
28211.8177308965, 152, -1.0
28213.20477631323, 75, 1.0
28220.24503808325, 75, 1.0
28231.05243071494, 103, -1.0
28237.643170882995, 152, -1.0
28237.957758219596, 35, -1.0
28239.165771904693, 101, 1.0
28248.6512713345, 101, 1.0
28248.844000117762, 154, -1.0
28249.591990379333, 152, -1.0
28253.703671106116, 35, -1.0
28255.669067224044, 101, -1.0
28256.224316058644, 75, 1.0
28256.351717905767, 35, 1.0
28256.514485286814, 101, 1.0
28261.5153960835, 35, -1.0
28268.10572618373, 101, 1.0
28295.269715155468, 152, 1.0
28296.31679178569, 101, 1.0
28299.947109995628, 35, -1.0
28307.82103202143, 35, -1.0
28309.61823815284, 75, -1.0
28311.325837425873, 101, -1.0
28322.211542394132, 101, -1.0
28324.678580945278, 152, -1.0
28338.195747226466, 152, -1.0
28340.84003807575, 154, -1.0
28351.98570468487, 101, -1.0
28352.160716985418, 148, -1.0
28357.7490816933, 35, -1.0
28361.454440405898, 75, 1.0
28373.67625164156, 75, 1.0
28382.275049330146, 101, 1.0
28387.227054495266, 75, -1.0
28389.160978934793, 101, -1.0
28391.064301400096, 101, 1.0
28392.732840985238, 35, -1.0
28394.17310402597, 101, -1.0
28400.88823804228, 75, 1.0
28408.164784617464, 75, 1.0
28408.724760091358, 35, -1.0
28411.19890928668, 35, 1.0
28411.897740691827, 75, 1.0
28414.17349552278, 103, 1.0
28415.653722239767, 148, -1.0
28426.805252441, 75, -1.0
28428.86976981009, 44, -1.0
28432.204286871372, 154, 1.0
28434.25837884692, 35, -1.0
28439.820523881404, 35, 1.0
28440.76415081444, 75, 1.0
28450.63671412442, 152, 1.0
28454.460376563267, 103, 1.0
28454.818699589414, 154, 1.0
28458.772070939336, 75, 1.0
28470.298256006314, 148, -1.0
28471.402256176643, 103, -1.0
28475.231676375777, 101, 1.0
28475.653706009347, 103, 1.0
28477.360217339814, 75, 1.0
28488.786317480357, 35, -1.0
28492.70682747027, 101, -1.0
28497.063466412834, 75, 1.0
28498.42576228997, 75, 1.0
28499.234466444777, 101, 1.0
28501.654441918607, 101, -1.0
28502.22940712874, 152, -1.0
28523.47909714216, 101, -1.0
28538.10063710162, 75, 1.0
28539.107959730063, 75, 1.0
28545.61834328738, 101, 1.0
28554.700824535023, 35, -1.0
28563.402583585925, 75, 1.0
28563.60701105289, 75, 1.0
28566.784429621683, 44, 1.0
28572.398405566564, 75, 1.0
28583.154467717624, 103, -1.0
28588.648199825537, 44, -1.0
28591.038680274036, 148, -1.0
28593.469881145174, 152, 1.0
28595.51006501085, 103, -1.0
28608.17182034776, 75, 1.0
28611.663855686187, 103, 1.0
28618.984861130044, 75, -1.0
28627.575292265825, 101, 1.0
28628.324269863282, 101, 1.0
28629.743856180372, 35, 1.0
28634.302155963607, 152, -1.0
28636.676588536902, 75, 1.0
28637.219224918546, 101, 1.0
28639.26312654794, 152, 1.0
28642.532983624846, 75, -1.0
28652.2269125752, 75, 1.0
28652.3469113523, 75, 1.0
28656.280713270975, 35, -1.0
28656.924630993122, 103, 1.0
28660.259549357426, 101, -1.0
28666.8007826091, 75, 1.0
28673.91641177722, 44, 1.0
28675.50248156494, 35, -1.0
28675.91548288109, 75, 1.0
28683.181066229154, 101, -1.0
28690.890150199128, 35, -1.0
28692.498824377173, 75, 1.0
28702.47105876947, 75, 1.0
28703.19798971158, 101, 1.0
28703.470959552164, 75, 1.0
28703.47175743771, 75, 1.0
28703.476517835017, 101, 1.0
28715.03135585165, 75, 1.0
28717.459712319942, 101, 1.0
28733.49475798822, 148, -1.0
28736.07475594864, 103, -1.0
28737.513260025207, 101, 1.0
28739.641155869864, 154, -1.0
28740.932429758086, 75, 1.0
28741.57250457952, 44, -1.0
28748.510788505002, 103, 1.0
28751.729867607104, 103, -1.0
28753.26089100254, 152, -1.0
28758.759712848343, 75, 1.0
28760.748356680273, 148, -1.0
28771.344623421483, 75, -1.0
28771.69845710749, 44, -1.0
28791.235025411886, 101, -1.0
28794.710069786048, 35, 1.0
28799.85100475288, 148, -1.0
28800.332545373043, 75, 1.0
28800.836188005753, 152, 1.0
28810.308323268295, 35, -1.0
28812.4051149498, 154, -1.0
28827.7941001202, 101, -1.0
28829.78949349651, 101, -1.0
28837.899621662174, 75, -1.0
28845.42933078607, 75, 1.0
28845.830378221723, 103, 1.0
28859.378038636416, 101, -1.0
28863.478994422392, 44, -1.0
28866.449885989114, 75, 1.0
28866.54510687458, 35, -1.0
28871.977094349597, 44, -1.0
28874.245063127644, 101, -1.0
28880.564592598337, 44, -1.0
28895.975001414045, 44, -1.0
28902.56299449165, 44, -1.0
28925.996057471963, 101, 1.0
28926.030122377528, 75, 1.0
28930.90352953366, 101, 1.0
28932.35013260678, 101, -1.0
28932.993401119707, 35, 1.0
28936.014797924123, 44, -1.0
28944.36784972552, 75, -1.0
28945.181023282465, 148, -1.0
28946.167682781735, 154, 1.0
28952.698377317032, 152, -1.0
28953.905594541942, 101, 1.0
28960.56374885943, 103, 1.0
28960.91836590734, 35, -1.0
28974.202304062303, 152, 1.0
28974.464978869688, 101, 1.0
28979.06682863957, 44, -1.0
28984.101582408122, 75, 1.0
28990.170388532333, 103, 1.0
28991.47466440906, 148, -1.0
28994.17563401101, 152, 1.0
29002.655879758313, 101, 1.0
29013.12934988121, 44, -1.0
29015.699397011493, 35, -1.0
29017.626644717107, 103, 1.0
29018.219535067587, 75, 1.0
29033.576475340993, 44, -1.0
29037.330267266927, 75, -1.0
29037.658930021218, 152, -1.0
29038.79824403959, 154, 1.0
29049.28891835091, 152, 1.0
29052.193745677705, 152, 1.0
29063.805241305723, 152, -1.0
29065.231373377097, 75, -1.0
29068.152822848773, 75, 1.0
29088.087487437548, 101, -1.0
29093.227153000957, 35, -1.0
29094.394043597298, 75, 1.0
29095.34742300129, 101, 1.0
29098.48105775907, 44, -1.0
29099.775989784193, 35, -1.0
29100.92493530895, 75, 1.0
29104.90911041574, 44, -1.0
29106.25691182336, 75, 1.0
29119.156564636272, 101, 1.0
29132.241818557217, 101, 1.0
29135.734667002067, 35, 1.0
29140.78232510972, 35, -1.0
29142.33809724802, 152, -1.0
29146.170937864466, 35, -1.0
29146.56072931771, 75, -1.0
29149.445665406678, 44, -1.0
29150.08626952495, 35, 1.0
29155.298575298064, 75, 1.0
29161.630597255746, 44, -1.0
29163.03897465759, 154, 1.0
29172.859001305842, 152, 1.0
29174.325919632833, 103, 1.0
29176.043931818876, 75, 1.0
29177.976655546983, 152, -1.0
29182.670838996986, 103, 1.0
29185.216791358995, 152, 1.0
29188.123431277752, 148, 1.0
29194.456463591298, 152, 1.0
29197.543349260843, 75, -1.0
29210.0185922663, 154, -1.0
29212.401400660903, 75, -1.0
29213.8403391281, 75, -1.0
29219.894530532878, 44, -1.0
29221.429285634033, 35, -1.0
29223.182823188472, 101, 1.0
29226.628031099124, 44, -1.0
29229.996269581214, 154, -1.0
29230.52803609016, 44, -1.0
29234.682327690658, 152, 1.0
29238.04029032786, 152, -1.0
29238.33850624577, 75, 1.0
29243.76687505761, 152, 1.0
29245.322998594267, 148, -1.0
29245.50055624409, 148, -1.0
29245.545423933894, 44, 1.0
29247.150333966867, 154, 1.0
29247.243365249167, 101, 1.0
29247.64635032197, 35, 1.0
29247.658416727823, 35, -1.0
29247.716391074355, 101, 1.0
29254.279816092552, 103, -1.0
29261.35510360526, 103, -1.0
29264.83577080465, 103, 1.0
29266.694611012237, 75, 1.0
29273.33820873526, 44, -1.0
29278.26213159889, 75, -1.0
29285.25876057767, 35, -1.0
29285.310616936928, 101, 1.0
29285.61268308649, 154, 1.0
29286.30497955338, 75, 1.0
29290.729516385803, 44, 1.0
29295.99380480427, 101, 1.0
29299.345202726076, 35, 1.0
29305.897186742473, 154, 1.0
29317.246133927456, 101, -1.0
29320.374821762707, 148, -1.0
29320.90082451021, 101, 1.0
29321.240220451215, 44, -1.0
29322.04413979477, 75, 1.0
29325.94310796083, 75, 1.0
29327.44823002734, 152, -1.0
29330.71377291878, 35, -1.0
29338.69430218822, 101, 1.0
29344.13990996323, 44, -1.0
29347.57265080662, 154, -1.0
29350.053077146924, 101, -1.0
29354.932264631934, 103, 1.0
29360.150134835596, 75, -1.0
29375.005685814183, 101, 1.0
29377.095894003596, 101, 1.0
29381.931693437848, 152, 1.0
29393.96158305862, 75, 1.0
29396.372187218756, 101, 1.0
29398.101046033313, 101, 1.0
29408.666960264898, 35, -1.0
29412.053316230278, 101, 1.0
29412.73785465967, 75, 1.0
29413.855893316013, 154, 1.0
29421.304730032563, 154, 1.0
29422.05538483493, 75, -1.0
29422.46842014988, 148, -1.0
29439.958404015848, 101, -1.0
29441.066607158045, 152, 1.0
29441.301998965842, 152, -1.0
29443.329314665283, 152, 1.0
29452.47568556093, 101, 1.0
29454.99012123235, 44, -1.0
29458.291961234627, 101, -1.0
29463.751392736503, 152, -1.0
29464.35910075923, 103, 1.0
29478.70032966118, 152, -1.0
29481.324668157293, 152, 1.0
29482.36845415749, 44, -1.0
29495.950019813474, 44, -1.0
29497.233530607333, 152, -1.0
29505.27120260273, 35, -1.0
29527.404191726586, 154, -1.0
29529.917838705285, 35, 1.0
29541.624286327104, 101, 1.0
29542.981986530125, 101, 1.0
29545.44430361499, 35, -1.0
29553.253536794913, 101, -1.0
29554.60840155701, 154, 1.0
29564.782012604333, 101, -1.0
29585.515619523, 101, 1.0
29591.51690566595, 152, 1.0
29601.20435730125, 148, -1.0
29611.94100086461, 101, 1.0
29613.18482955338, 101, 1.0
29617.242280100876, 75, -1.0
29621.009267594163, 154, -1.0
29622.709197315395, 35, -1.0
29626.98174886435, 75, 1.0
29631.115091940712, 75, 1.0
29634.753678084144, 101, -1.0
29636.242691160616, 75, 1.0
29639.69371433498, 75, -1.0
29646.959481384038, 152, -1.0
29653.640500432717, 103, 1.0
29655.58588327509, 101, 1.0
29665.727711540294, 75, -1.0
29666.02771093898, 103, 1.0
29677.43948636456, 103, 1.0
29689.017642112336, 101, -1.0
29690.18696078901, 152, 1.0
29691.063825518253, 101, -1.0
29697.534282541015, 75, 1.0
29700.12925255268, 103, 1.0
29703.178115394858, 152, -1.0
29703.500397950633, 75, 1.0
29708.791738786484, 75, 1.0
29712.05580764338, 101, 1.0
29712.647928799426, 101, -1.0
29717.26851055266, 101, -1.0
29722.214168124712, 152, 1.0
29723.324968778863, 101, 1.0
29736.576189452764, 154, 1.0
29746.439658407096, 148, -1.0
29754.301023731667, 35, -1.0
29754.759777757365, 75, -1.0
29756.87801744259, 35, -1.0
29765.750848641906, 44, -1.0
29765.873986100953, 152, -1.0
29771.04113122852, 35, 1.0
29771.588815119216, 103, 1.0
29786.935298303244, 101, 1.0
29789.61401138084, 44, -1.0
29791.13739060327, 75, -1.0
29798.287215759014, 75, 1.0
29799.707861665345, 35, 1.0
29800.982340867522, 152, 1.0
29802.32849866924, 44, -1.0
29807.933546123873, 148, -1.0
29810.06472776848, 154, 1.0
29821.049651056474, 101, 1.0
29830.453553817504, 44, -1.0
29831.41732889315, 35, 1.0
29835.160727040526, 35, -1.0
29856.15038714241, 103, -1.0
29858.90364201603, 101, 1.0
29859.88179976877, 101, 1.0
29866.369434859454, 44, -1.0
29866.729243851725, 101, -1.0
29866.80814597798, 152, -1.0
29891.104627904588, 154, -1.0
29893.714325344234, 154, -1.0
29895.120220823737, 101, -1.0
29896.583873534928, 44, 1.0
29898.131886804556, 101, -1.0
29904.80889583262, 101, 1.0
29906.764261322052, 101, -1.0
29920.04507377422, 154, -1.0
29936.349224160105, 103, 1.0
29945.156490204132, 152, 1.0
29949.774737349886, 154, -1.0
29950.915167958607, 35, -1.0
29957.050058570247, 101, 1.0
29962.913128747496, 152, -1.0
29966.24246937624, 103, 1.0
29997.536398541346, 152, 1.0
30006.815785244104, 148, -1.0
30007.849058003176, 152, -1.0
30008.82152179833, 75, 1.0
30032.20571930071, 35, 1.0
30039.89305077642, 44, -1.0
30042.92100272281, 35, -1.0
30049.06262627408, 35, 1.0
30050.50885322682, 152, -1.0
30053.137322986826, 152, 1.0
30055.11882510867, 101, 1.0
30056.628418681154, 44, -1.0
30062.869982001088, 35, -1.0
30066.172898702287, 103, -1.0
30073.683381658087, 35, -1.0
30075.26303368823, 148, -1.0
30077.554156133563, 35, -1.0
30080.8557203694, 148, -1.0
30090.337716952774, 75, 1.0
30094.2454389023, 35, -1.0
30102.366819861512, 103, -1.0
30103.751291941993, 152, -1.0
30106.90245800248, 152, -1.0
30107.93226431941, 101, 1.0
30114.588310208117, 44, -1.0
30116.012005828557, 154, 1.0
30134.171536027177, 35, -1.0
30134.315371017496, 75, -1.0
30155.265348573466, 152, 1.0
30159.871809430668, 103, -1.0
30164.63677634624, 103, 1.0
30182.110499189876, 35, -1.0
30182.362021014942, 101, 1.0
30183.123469006256, 101, 1.0
30190.621476575092, 101, 1.0
30191.875499130587, 44, -1.0
30194.663428266947, 103, 1.0
30194.853906824468, 103, 1.0
30200.185341074233, 75, 1.0
30201.567852051838, 101, 1.0
30204.174642637237, 101, 1.0
30215.793586422646, 35, -1.0
30218.765715917667, 75, -1.0
30221.548663335605, 101, 1.0
30226.045798169955, 75, 1.0
30230.362175432863, 75, -1.0
30250.356910178278, 152, -1.0
30257.682297257583, 101, -1.0
30263.485335167832, 44, -1.0
30277.161144666894, 75, 1.0
30280.22719258046, 75, -1.0
30280.650092251468, 148, -1.0
30284.664347021757, 101, 1.0
30291.64139216393, 154, -1.0
30294.62471521333, 101, -1.0
30305.32077246451, 152, -1.0
30315.669230758325, 101, 1.0
30333.996401252927, 75, 1.0
30335.849876111773, 103, 1.0
30343.987640943134, 152, 1.0
30344.005729428078, 75, 1.0
30346.421497485644, 44, -1.0
30358.486415107094, 75, -1.0
30360.275771220407, 152, -1.0
30361.57850673117, 152, -1.0
30363.338251571666, 44, -1.0
30364.132096784357, 152, -1.0
30383.794416179622, 152, 1.0
30396.116544735607, 103, -1.0
30410.379536182543, 152, -1.0
30413.999505083808, 35, -1.0
30418.04783574214, 35, -1.0
30422.76955068203, 101, -1.0
30424.885469530505, 101, 1.0
30428.843944419063, 75, -1.0
30428.996021021205, 152, 1.0
30430.312546525645, 152, 1.0
30438.542052006524, 44, -1.0
30439.29116238623, 44, -1.0
30440.52037889854, 103, -1.0
30450.888310132712, 154, 1.0
30456.761056341427, 152, -1.0
30457.055754956888, 148, 1.0
30464.150821114512, 75, -1.0
30465.122976195347, 44, -1.0
30467.460236943687, 35, -1.0
30473.085893911255, 35, 1.0
30474.12835248392, 44, -1.0
30480.795419080194, 44, -1.0
30482.43631831983, 154, 1.0
30492.302020493546, 75, 1.0
30494.598964093126, 75, -1.0
30496.75770253034, 103, 1.0
30505.359327067585, 35, -1.0
30509.535676644362, 101, 1.0
30511.964289133197, 75, -1.0
30517.173981538024, 101, 1.0
30523.262274909754, 75, -1.0
30534.75644283998, 101, 1.0
30535.686540352744, 75, -1.0
30537.705385627163, 44, -1.0
30541.236681968734, 35, 1.0
30543.91310647009, 152, 1.0
30545.203291870537, 35, -1.0
30552.12996550229, 101, -1.0
30553.77571459061, 44, -1.0
30559.06849069463, 152, -1.0
30568.32307961147, 101, 1.0
30568.856389900116, 75, 1.0
30573.01105866086, 154, 1.0
30574.394999494158, 152, 1.0
30585.293808453745, 154, 1.0
30586.06107900825, 35, 1.0
30607.703374675715, 44, -1.0
30609.79976016998, 35, -1.0
30621.359732866542, 101, 1.0
30621.437341873476, 152, -1.0
30634.26903827134, 152, 1.0
30640.90011170079, 103, 1.0
30641.01581993951, 35, 1.0
30642.58742135238, 75, 1.0
30644.708069693013, 154, -1.0
30649.865105587458, 152, 1.0
30655.758618040825, 44, -1.0
30660.64318662922, 35, 1.0
30669.78341258492, 35, -1.0
30670.515149561055, 101, -1.0
30672.503225397864, 154, -1.0
30675.863937298203, 103, 1.0
30679.28312875528, 35, -1.0
30686.88824911406, 152, 1.0
30688.58977878827, 103, 1.0
30689.361859229197, 101, 1.0
30689.40216095322, 154, -1.0
30694.423876946865, 44, -1.0
30698.217842747512, 101, 1.0
30701.37767570256, 101, 1.0
30704.708442480765, 44, -1.0
30711.15648438732, 152, 1.0
30712.222388524446, 103, 1.0
30712.288137552718, 152, -1.0
30715.753086525532, 101, 1.0
30720.42770799981, 44, -1.0
30723.384014278003, 75, -1.0
30735.014461446564, 75, -1.0
30735.52035611835, 75, 1.0
30737.32151151898, 101, -1.0
30742.155475001142, 75, 1.0
30742.282875734134, 154, 1.0
30752.832805357742, 152, -1.0
30763.81560118538, 44, 1.0
30775.00736359983, 152, -1.0
30780.24279197208, 101, 1.0
30781.137828773284, 101, 1.0
30781.59356706273, 75, -1.0
30787.646808095957, 101, -1.0
30791.293251684816, 152, 1.0
30809.3034597054, 44, -1.0
30816.10109483317, 152, -1.0
30816.612957841873, 101, 1.0
30816.654203718277, 103, 1.0
30823.633500181306, 75, 1.0
30839.03388044515, 35, -1.0
30845.350125859582, 101, -1.0
30846.35253557922, 152, -1.0
30849.464695958188, 152, 1.0
30850.781624655654, 44, -1.0
30852.367381807562, 152, 1.0
30865.48272048018, 44, -1.0
30866.507582010378, 152, -1.0
30871.79570896031, 152, -1.0
30881.60622199916, 101, -1.0
30886.11160623652, 152, 1.0
30906.890147260754, 44, -1.0
30909.00131822112, 152, -1.0
30915.40462680388, 101, 1.0
30921.567983245666, 75, -1.0
30926.08097433707, 35, -1.0
30928.83975002238, 101, 1.0
30930.997504140403, 101, -1.0
30933.51307755291, 101, 1.0
30937.50831346331, 152, 1.0
30942.947410795867, 154, -1.0
30944.083063067977, 101, 1.0
30948.858189318024, 75, 1.0
30955.117757442476, 101, 1.0
30960.181885476555, 44, -1.0
30964.22680363326, 35, -1.0
30964.690468300458, 152, -1.0
30965.448619332896, 154, -1.0
30968.33687410671, 152, 1.0
30972.79195755552, 154, 1.0
30977.544477879313, 103, 1.0
30979.526467635646, 103, 1.0
30988.847057028357, 152, -1.0
30991.177561164164, 101, 1.0
30992.151063732763, 101, -1.0
30992.838138599458, 44, -1.0
30994.59278254554, 148, -1.0
30994.881431647926, 35, -1.0
30999.243790440392, 103, 1.0
30999.288823248356, 103, 1.0
31007.59298345215, 148, -1.0
31008.468417525266, 101, 1.0
31018.22977588526, 75, 1.0
31028.538423796446, 152, -1.0
31034.43653107372, 35, -1.0
31039.900033514128, 152, -1.0
31042.99310063316, 101, 1.0
31044.28330744201, 75, -1.0
31053.6132224047, 154, -1.0
31064.887377170486, 101, 1.0
31074.012041811908, 148, -1.0
31079.147841090653, 152, 1.0
31086.833131502368, 44, -1.0
31089.562290825048, 101, 1.0
31092.317496838656, 75, -1.0
31099.447051668183, 75, 1.0
31099.674784876406, 101, -1.0
31104.049631028094, 35, -1.0
31107.687919590793, 75, 1.0
31124.915000528075, 101, -1.0
31128.999063397412, 152, 1.0
31133.515772340033, 101, 1.0
31140.245627164026, 152, -1.0
31145.424486069678, 75, 1.0
31150.50008204704, 154, 1.0
31153.557150665365, 101, 1.0
31157.10863983291, 148, -1.0
31161.85863578474, 152, 1.0
31164.1457343765, 35, -1.0
31168.847967974667, 103, 1.0
31169.969359341347, 103, 1.0
31174.470378270915, 75, 1.0
31174.492755358548, 44, -1.0
31175.034354466025, 101, 1.0
31179.55404564672, 44, -1.0
31180.670718805017, 75, 1.0
31182.956419626236, 148, -1.0
31191.175292637672, 75, -1.0
31197.923058818204, 152, -1.0
31198.648864436032, 101, 1.0
31201.72441328243, 148, -1.0
31203.901496602415, 152, -1.0
31207.246766977092, 44, -1.0
31211.35456105411, 148, -1.0
31213.170203966452, 101, 1.0
31213.345694921325, 154, -1.0
31228.759406427696, 101, 1.0
31228.81270255613, 152, 1.0
31230.516540372006, 35, -1.0
31241.827957135632, 101, 1.0
31248.278815154714, 35, -1.0
31250.250000322463, 44, -1.0
31251.50550695565, 35, -1.0
31256.338901770003, 75, 1.0
31257.80069213431, 75, 1.0
31257.882988194277, 152, -1.0
31259.58780477532, 35, -1.0
31259.75131484799, 75, -1.0
31272.292290305057, 148, 1.0
31274.826913342527, 152, 1.0
31281.171693821925, 103, -1.0
31281.722653014458, 101, 1.0
31282.12906912156, 152, 1.0
31284.699197880105, 75, 1.0
31285.908308382404, 44, -1.0
31289.65277681407, 152, 1.0
31297.89810977332, 148, -1.0
31310.304914847642, 44, -1.0
31318.660046749137, 152, -1.0
31320.982874766563, 75, -1.0
31322.152009123638, 103, -1.0
31323.171707145928, 103, 1.0
31327.570461722356, 103, 1.0
31328.361339618314, 35, -1.0
31330.766798513698, 101, 1.0
31333.77121285652, 152, 1.0
31340.83069529904, 152, -1.0
31342.551500272268, 101, 1.0
31346.886952191435, 75, 1.0
31348.101576665318, 35, 1.0
31358.69364404024, 152, 1.0
31362.322223307347, 101, 1.0
31368.19958883372, 35, -1.0
31369.60868160268, 35, -1.0
31373.302081456644, 75, -1.0
31373.41229959013, 75, 1.0
31383.873619678292, 152, 1.0
31386.44140296131, 101, 1.0
31392.768630496517, 103, 1.0
31393.89984271624, 152, -1.0
31405.180322333043, 152, 1.0
31405.217204576616, 154, 1.0
31418.689149926216, 154, -1.0
31419.953688499976, 152, -1.0
31420.948319247876, 152, 1.0
31420.954036147254, 103, -1.0
31431.148792535965, 101, 1.0
31432.12505782242, 75, -1.0
31443.538188034974, 75, 1.0
31454.00161140905, 101, 1.0
31462.96415442823, 101, 1.0
31464.343261232236, 75, -1.0
31467.715762876698, 44, -1.0
31467.98517141669, 75, 1.0
31474.44757489384, 44, -1.0
31480.08047005434, 101, 1.0
31495.272077285685, 103, -1.0
31498.543292065584, 44, -1.0
31501.20921050503, 148, -1.0
31503.00847413403, 148, -1.0
31503.560607474763, 103, 1.0
31511.648042856446, 75, 1.0
31513.115374030756, 75, -1.0
31514.613482212535, 35, -1.0
31518.70282332808, 35, -1.0
31538.36513994552, 35, 1.0
31545.004005352785, 148, -1.0
31545.60055691007, 75, 1.0
31564.18052575274, 75, 1.0
31567.398802980464, 75, 1.0
31571.152961335396, 75, 1.0
31573.434465412545, 152, -1.0
31579.921813155517, 44, -1.0
31591.738592748825, 44, -1.0
31596.01540593745, 35, -1.0
31608.61500799151, 101, -1.0
31610.488469857486, 154, -1.0
31610.614190291453, 75, -1.0
31611.109108018994, 152, -1.0
31615.565516284292, 35, -1.0
31622.73400476887, 152, -1.0
31625.371164758162, 44, -1.0
31630.74923232846, 75, 1.0
31634.569289872383, 44, -1.0
31636.73513522988, 154, -1.0
31637.908477692654, 148, -1.0
31641.477655204693, 154, 1.0
31641.747676883966, 75, 1.0
31642.498262112487, 101, 1.0
31644.469566190826, 75, 1.0
31657.863924272897, 101, 1.0
31659.103150131774, 154, 1.0
31660.58173208495, 75, -1.0
31663.57621795331, 101, -1.0
31666.15113421119, 103, 1.0
31666.39581738539, 35, -1.0
31670.1317012039, 152, 1.0
31678.806366298464, 154, -1.0
31683.67054065006, 101, 1.0
31706.271590806202, 75, -1.0
31715.916971823222, 35, 1.0
31717.868028358957, 35, 1.0
31718.478173528034, 103, 1.0
31719.07223478261, 152, 1.0
31721.104006659705, 154, 1.0
31727.290390498943, 101, 1.0
31731.27929021472, 152, 1.0
31734.39905378729, 35, -1.0
31743.402205861043, 75, 1.0
31751.234376509587, 101, 1.0
31769.8595799333, 154, 1.0
31777.613243256794, 152, -1.0
31783.07774381367, 101, 1.0
31789.476064194663, 103, 1.0
31793.633455113984, 101, 1.0
31797.121423218563, 154, -1.0
31804.04049166361, 154, -1.0
31821.431987561053, 35, -1.0
31821.69161995033, 152, 1.0
31827.332883752035, 103, 1.0
31829.98189213453, 152, -1.0
31834.19671765449, 44, 1.0
31837.969085617427, 44, 1.0
31840.14166646108, 75, 1.0
31843.704536723013, 154, -1.0
31846.962360334095, 152, -1.0
31852.973120056635, 44, -1.0
31857.26126706166, 148, -1.0
31857.402399527906, 35, -1.0
31862.372196934935, 103, 1.0
31862.599857528803, 44, -1.0
31864.428503026542, 152, -1.0
31869.93753295715, 103, 1.0
31872.33726190409, 152, -1.0
31875.23641073059, 44, -1.0
31875.259294706088, 148, -1.0
31890.757681001418, 101, 1.0
31893.921414874818, 152, -1.0
31894.8256563943, 35, 1.0
31896.724030296155, 148, 1.0
31896.738929108877, 44, -1.0
31899.90915330396, 148, -1.0
31900.493992151187, 44, 1.0
31904.236521482424, 75, 1.0
31910.684513691336, 148, -1.0
31914.512503206966, 101, -1.0
31921.746055388696, 101, 1.0
31926.068399705513, 75, -1.0
31931.793104846143, 148, -1.0
31933.93584640739, 35, 1.0
31936.433152654357, 75, 1.0
31941.29852773153, 101, 1.0
31949.630988487417, 35, -1.0
31952.57424384125, 101, 1.0
31958.688598692683, 154, -1.0
31964.493326300893, 44, -1.0
31969.955448992754, 75, 1.0
31993.336349682337, 154, -1.0
31996.669645224774, 154, 1.0
31996.726096801234, 35, -1.0
32010.944039288996, 101, -1.0
32015.416871755537, 103, 1.0
32025.07031189551, 154, 1.0
32031.681015897164, 154, 1.0
32033.429101600883, 44, -1.0
32052.472990670183, 154, -1.0
32054.342892671313, 75, 1.0
32060.107016870166, 75, 1.0
32060.181078673086, 152, 1.0
32060.60430438734, 152, -1.0
32062.250235847605, 44, -1.0
32080.54635676962, 152, -1.0
32087.537879893076, 35, -1.0
32094.034585160363, 103, -1.0
32097.778807161434, 75, 1.0
32101.29260512731, 101, 1.0
32114.724073957615, 152, -1.0
32117.264924130075, 101, -1.0
32121.010281067196, 44, -1.0
32137.59100120202, 35, -1.0
32146.84942376297, 152, -1.0
32153.503209372102, 75, 1.0
32154.947685199797, 101, -1.0
32161.334754831343, 35, 1.0
32163.863154193685, 103, 1.0
32170.192719101582, 75, 1.0
32170.647407195785, 75, -1.0
32176.093221732084, 101, 1.0
32176.353296315123, 35, -1.0
32180.980502031947, 75, -1.0
32181.518842693622, 101, 1.0
32185.549215911968, 44, -1.0
32189.442435058805, 101, 1.0
32195.64763280827, 148, 1.0
32197.37153323843, 154, -1.0
32198.34098328907, 154, 1.0
32198.47300999809, 75, 1.0
32212.525801346972, 152, -1.0
32218.97383727476, 101, -1.0
32225.050750453112, 154, -1.0
32228.116323568276, 101, -1.0
32228.454982460047, 35, -1.0
32230.070370509176, 75, 1.0
32231.02973832899, 35, 1.0
32253.869158115845, 101, 1.0
32255.112850775382, 148, -1.0
32259.09762460747, 75, 1.0
32259.701397470457, 35, 1.0
32271.062405083216, 75, -1.0
32277.66389067119, 101, 1.0
32286.95796905195, 35, 1.0
32287.046360919063, 75, -1.0
32310.712199162896, 35, -1.0
32312.165040076947, 44, -1.0
32314.554247673856, 35, 1.0
32315.143351583352, 75, 1.0
32315.68262563005, 101, -1.0
32316.300633505463, 75, -1.0
32320.831558342874, 35, -1.0
32336.314299576214, 148, -1.0
32354.998621898805, 44, -1.0
32356.028400231604, 152, -1.0
32357.63699647379, 101, 1.0
32366.27550299976, 152, -1.0
32372.40322022887, 75, 1.0
32374.62284026935, 148, -1.0
32377.284710321008, 103, 1.0
32379.52273910038, 35, -1.0
32382.672674521924, 101, 1.0
32384.99720047529, 75, 1.0
32386.974558980408, 35, -1.0
32396.245903722393, 101, 1.0
32397.724145359818, 75, -1.0
32399.268319234372, 35, 1.0
32401.38013266777, 75, -1.0
32416.14362361073, 101, 1.0
32417.954611246056, 75, 1.0
32424.86139026307, 35, 1.0
32429.76586348683, 44, -1.0
32431.62433405086, 75, -1.0
32436.88673702686, 101, -1.0
32440.442359852274, 75, -1.0
32442.169119216815, 101, -1.0
32448.113534509823, 44, -1.0
32457.644871129163, 44, -1.0
32459.487647667822, 35, -1.0
32461.89772446624, 101, -1.0
32465.441872589614, 35, 1.0
32479.173996991445, 101, 1.0
32484.404416178295, 35, 1.0
32484.619547264545, 103, 1.0
32491.229029767837, 101, 1.0
32492.98392128918, 103, -1.0
32508.856660082696, 152, -1.0
32510.85288690972, 101, 1.0
32512.346976513294, 154, 1.0
32516.205033067123, 35, -1.0
32536.523959803624, 75, 1.0
32542.56187578355, 152, -1.0
32552.62603628912, 101, -1.0
32558.49538377536, 148, 1.0
32559.461789562203, 75, -1.0
32559.83143248733, 75, -1.0
32561.634267133075, 152, -1.0
32572.086402845012, 75, 1.0
32578.668143035396, 103, -1.0
32580.29095667069, 75, -1.0
32586.995600077535, 75, -1.0
32592.13668788872, 75, 1.0
32608.527219205098, 35, 1.0
32610.444318511705, 103, 1.0
32615.849286906992, 35, -1.0
32616.01254757595, 101, 1.0
32618.215644709304, 44, -1.0
32618.656301854477, 35, -1.0
32624.8907617716, 101, 1.0
32627.492232745073, 152, -1.0
32640.67238270877, 75, -1.0
32647.381310500863, 44, -1.0
32649.704745141535, 148, 1.0
32655.733676681943, 44, -1.0
32657.401753136513, 103, -1.0
32662.759013940064, 75, 1.0
32665.8445435899, 148, -1.0
32670.399683508735, 35, 1.0
32674.895125150335, 75, 1.0
32683.80881605242, 44, -1.0
32687.92563397512, 103, -1.0
32689.537221232535, 103, -1.0
32692.608650645412, 148, -1.0
32696.36272032105, 103, 1.0
32697.55520763757, 103, -1.0
32702.84701556127, 154, -1.0
32708.372317139172, 75, -1.0
32713.305573496196, 152, -1.0
32713.540905799182, 35, -1.0
32717.85941698559, 103, 1.0
32726.521262352893, 101, -1.0
32726.986335478825, 44, -1.0
32730.175682585636, 101, -1.0
32734.735588427553, 75, 1.0
32735.546374975052, 75, -1.0
32735.90869745872, 103, -1.0
32742.72878257156, 75, -1.0
32747.287351894945, 44, -1.0
32756.442758889047, 103, -1.0
32760.802902462005, 148, -1.0
32785.30123679106, 35, -1.0
32791.07107255601, 75, 1.0
32791.60518631942, 75, -1.0
32791.898484099824, 44, -1.0
32812.05274097462, 103, 1.0
32819.31564092733, 44, -1.0
32819.713849286396, 148, -1.0
32821.22465246201, 148, 1.0
32827.585639547186, 148, -1.0
32833.17193660564, 152, -1.0
32834.03783585268, 101, -1.0
32838.75272055386, 44, 1.0
32841.833638308424, 152, -1.0
32863.3799164697, 148, 1.0
32871.42189684353, 75, 1.0
32871.42404277801, 101, -1.0
32881.134813312114, 101, 1.0
32881.18221306459, 75, 1.0
32882.06381626004, 103, 1.0
32884.697185390934, 75, -1.0
32887.20353361499, 75, -1.0
32892.84930211088, 101, -1.0
32897.78560521011, 152, 1.0
32912.16998044371, 75, -1.0
32921.566927956075, 148, 1.0
32927.19656199773, 35, 1.0
32929.058876036135, 75, 1.0
32939.6085783241, 75, 1.0
32939.8434986334, 154, 1.0
32948.564879162936, 75, -1.0
32948.58484060566, 101, -1.0
32949.16033582137, 44, -1.0
32950.72756616725, 101, 1.0
32959.05915779348, 75, -1.0
32961.126025676975, 101, -1.0
32968.43194963329, 101, 1.0
32974.84170503199, 44, -1.0
32975.40542364293, 101, 1.0
32980.60396955863, 154, 1.0
32980.7998530371, 35, 1.0
32983.90381914773, 35, 1.0
32987.36044622617, 75, 1.0
32994.360362707754, 152, 1.0
32995.51370065018, 152, -1.0
33006.85748730464, 44, -1.0
33009.84859663218, 152, -1.0
33017.05211496229, 103, 1.0
33018.20729046731, 44, -1.0
33031.99364729154, 152, -1.0
33035.28815962819, 44, -1.0
33041.12499704926, 101, -1.0
33051.174335206815, 101, -1.0
33058.712599624094, 152, 1.0
33061.20641366054, 75, 1.0
33065.200428668795, 75, 1.0
33067.235549487166, 75, 1.0
33071.07011342641, 75, 1.0
33074.97086692479, 35, 1.0
33083.74522497938, 44, 1.0
33093.503402252696, 101, 1.0
33096.84075533236, 75, 1.0
33100.678033043005, 101, -1.0
33102.738551835515, 44, -1.0
33103.70416869048, 75, 1.0
33107.09867838717, 44, -1.0
33108.16432902323, 154, -1.0
33121.585925685926, 152, -1.0
33126.986212760414, 35, -1.0
33128.59052624984, 44, -1.0
33133.44316283057, 35, 1.0
33133.7627870674, 75, -1.0
33134.45597881569, 75, 1.0
33137.309637006394, 103, -1.0
33140.76628184958, 75, -1.0
33153.02626731025, 101, -1.0
33154.802728133436, 75, -1.0
33159.33759439499, 44, -1.0
33163.50103739074, 103, 1.0
33167.499157463564, 103, -1.0
33173.92626870348, 44, -1.0
33176.98706513609, 75, 1.0
33177.40225645578, 154, -1.0
33182.19725125692, 75, 1.0
33189.480085208044, 44, -1.0
33192.92756727894, 75, 1.0
33193.257387910824, 75, 1.0
33206.31206690188, 44, -1.0
33210.089129246066, 152, -1.0
33210.50942579928, 75, -1.0
33212.77796732654, 152, -1.0
33221.731482761876, 35, 1.0
33223.736876184856, 103, 1.0
33239.10514507539, 103, 1.0
33246.88403599877, 75, 1.0
33251.77713342276, 75, -1.0
33256.518462718595, 152, 1.0
33262.45259157143, 44, -1.0
33272.47932289126, 44, -1.0
33284.533918078094, 152, -1.0
33288.753115096646, 44, -1.0
33298.758000363036, 154, -1.0
33315.10676626688, 35, 1.0
33324.98580083107, 103, 1.0
33326.08622943357, 154, -1.0
33328.30806292415, 148, 1.0
33332.00615667086, 148, -1.0
33332.391174761055, 75, -1.0
33344.09008831282, 148, -1.0
33344.8758209526, 148, -1.0
33354.147672095685, 148, -1.0
33356.98257424995, 35, -1.0
33358.60256901848, 75, -1.0
33359.598299676196, 154, -1.0
33361.80756013774, 103, 1.0
33367.81492612366, 148, -1.0
33371.85918304477, 35, -1.0
33371.98795317325, 35, -1.0
33381.65111605921, 44, -1.0
33383.782493278006, 101, 1.0
33397.09727103523, 101, -1.0
33397.559566734046, 148, -1.0
33401.49091613965, 148, -1.0
33409.46034327337, 148, -1.0
33411.70931137927, 152, 1.0
33416.49823350966, 35, -1.0
33418.586663323375, 103, -1.0
33428.141182248175, 103, -1.0
33431.794253639135, 103, 1.0
33432.357927188365, 35, -1.0
33433.555816147345, 44, -1.0
33437.096363608805, 148, -1.0
33442.38329453382, 154, -1.0
33445.71509176173, 35, -1.0
33447.33252216451, 35, -1.0
33447.80454685373, 152, -1.0
33452.768791226714, 44, -1.0
33454.35566509173, 35, 1.0
33460.17653677119, 101, -1.0
33461.46860087239, 152, -1.0
33466.95896772197, 35, -1.0
33497.75622620629, 101, -1.0
33498.64925624457, 148, -1.0
33499.98649312672, 75, 1.0
33501.78682500576, 35, -1.0
33506.88199312793, 152, 1.0
33509.88318650068, 75, 1.0
33524.185858171986, 152, -1.0
33527.278067516396, 154, 1.0
33535.66287386223, 75, -1.0
33536.90299269436, 44, 1.0
33539.04223411393, 75, 1.0
33544.31280881735, 35, 1.0
33545.20809803429, 35, 1.0
33545.34493076202, 44, -1.0
33550.85936094066, 103, 1.0
33556.19166373712, 35, 1.0
33559.3805320365, 44, -1.0
33565.52065215416, 44, -1.0
33567.311517293354, 152, 1.0
33570.935183066336, 35, -1.0
33571.08417991825, 103, 1.0
33571.71096606749, 75, 1.0
33574.71103393718, 35, 1.0
33579.69618071715, 103, 1.0
33580.78138814095, 152, -1.0
33584.7638823738, 152, 1.0
33586.914807671346, 154, -1.0
33588.493177343364, 75, 1.0
33594.312559184174, 75, 1.0
33596.69357431918, 35, -1.0
33605.42790429436, 154, -1.0
33617.19795019081, 103, 1.0
33617.96552627698, 35, 1.0
33629.86037032313, 35, -1.0
33632.21630827177, 152, -1.0
33633.14780373612, 75, 1.0
33635.81609342952, 75, -1.0
33637.42274709786, 154, -1.0
33648.28468543985, 44, -1.0
33653.15199079664, 154, -1.0
33653.80767905057, 148, 1.0
33658.03758863925, 101, 1.0
33659.96723332933, 35, -1.0
33660.172725973185, 75, -1.0
33660.92349728323, 154, -1.0
33662.128758175575, 75, -1.0
33668.047595408556, 44, -1.0
33673.29095343488, 35, 1.0
33683.33132500897, 75, 1.0
33691.25508591342, 75, -1.0
33702.15232540528, 75, -1.0
33703.24831199449, 101, 1.0
33705.51787935591, 44, -1.0
33709.734096267486, 148, 1.0
33714.40331921295, 35, -1.0
33716.331089701336, 101, -1.0
33718.68976895242, 101, 1.0
33723.43839966596, 101, -1.0
33727.08389884917, 101, -1.0
33732.219784497094, 44, -1.0
33732.375136815215, 35, 1.0
33739.289773546145, 75, -1.0
33739.535185714034, 103, 1.0
33743.12079460951, 101, 1.0
33746.75103707848, 75, -1.0
33746.96159871474, 35, -1.0
33756.12445713236, 75, 1.0
33759.9749885364, 75, 1.0
33783.91198158324, 101, 1.0
33787.69884509258, 35, 1.0
33790.12489812671, 44, -1.0
33793.31474729153, 75, 1.0
33797.525004938085, 35, -1.0
33800.250076893404, 44, -1.0
33812.63880878262, 35, 1.0
33821.124220389895, 101, 1.0
33822.19856239462, 35, -1.0
33833.07888711493, 75, 1.0
33833.874894405, 75, -1.0
33847.866156972195, 35, 1.0
33848.987603963775, 75, -1.0
33849.0311031624, 152, -1.0
33855.61232144234, 101, 1.0
33863.72864535285, 103, 1.0
33866.35797782413, 101, -1.0
33872.86541099669, 101, -1.0
33874.977059766024, 75, 1.0
33879.118892180515, 75, 1.0
33884.30565460164, 35, 1.0
33897.591523367846, 35, -1.0
33897.69735979934, 35, 1.0
33910.83265845447, 101, 1.0
33915.046605940835, 75, -1.0
33922.57591700728, 152, -1.0
33923.85293875834, 44, -1.0
33924.829244832756, 44, -1.0
33927.27172496084, 103, -1.0
33930.04960969654, 44, -1.0
33930.385211545625, 35, -1.0
33932.49542056403, 154, -1.0
33935.22873115679, 101, -1.0
33935.793782775065, 152, -1.0
33944.143704332724, 148, -1.0
33949.715803932086, 101, 1.0
33952.30089992247, 103, 1.0
33958.27660180917, 75, 1.0
33961.473929114065, 101, -1.0
33964.480086283, 75, 1.0
33965.115799859734, 154, -1.0
33966.278054148854, 152, -1.0
33971.57472804852, 103, 1.0
33973.3622681283, 75, 1.0
33980.73228089182, 101, 1.0
33984.72354254235, 148, -1.0
33992.08750872872, 103, 1.0
33998.331407364196, 35, 1.0
33999.57634458301, 101, -1.0
34004.23416130203, 75, -1.0
34007.820839935375, 35, -1.0
34012.173688622395, 101, 1.0
34015.06881276718, 154, -1.0
34015.643474613586, 152, -1.0
34019.94849644899, 75, -1.0
34020.01250385753, 148, -1.0
34021.23071655544, 101, 1.0
34032.10060606221, 152, -1.0
34034.943632074115, 154, -1.0
34035.84992149083, 75, 1.0
34040.81661359183, 103, 1.0
34041.28984166206, 103, 1.0
34056.59894809872, 148, -1.0
34059.021421694255, 103, -1.0
34062.75380437912, 35, -1.0
34078.36741072134, 35, 1.0
34092.177045318625, 101, -1.0
34092.501136912746, 154, 1.0
34102.39131012757, 148, -1.0
34102.44011199823, 75, -1.0
34107.079441385904, 103, 1.0
34114.39094123182, 101, 1.0
34133.38124731706, 154, 1.0
34134.386962445715, 35, -1.0
34143.97013946848, 101, -1.0
34153.166769544805, 75, 1.0
34154.36603456311, 101, 1.0
34157.77304330136, 101, -1.0
34158.843180919226, 35, -1.0
34166.2495986882, 101, 1.0
34171.47928145702, 75, 1.0
34174.088897930626, 103, 1.0
34183.97049760887, 103, 1.0
34186.47870451817, 148, -1.0
34196.50571905142, 75, -1.0
34198.73631667365, 75, -1.0
34207.854510792706, 44, -1.0
34211.008194439295, 75, 1.0
34217.61545012041, 154, 1.0
34226.34647147401, 152, -1.0
34229.21712853937, 35, 1.0
34232.60868834505, 152, -1.0
34232.721500899424, 44, -1.0
34234.27221229354, 154, -1.0
34237.320775388675, 35, -1.0
34239.877868134216, 101, 1.0
34248.9375421723, 103, 1.0
34251.26468728492, 44, -1.0
34255.39102484858, 101, -1.0
34255.511149666774, 101, -1.0
34261.307251172504, 35, -1.0
34264.26338764264, 103, -1.0
34280.560491801814, 103, 1.0
34286.570194204, 75, -1.0
34297.18812839402, 75, 1.0
34299.002859066, 152, 1.0
34300.680252762286, 35, -1.0
34301.027961710264, 44, -1.0
34304.73402473075, 103, -1.0
34311.22442602051, 152, 1.0
34314.21344412944, 152, -1.0
34316.188500671895, 154, -1.0
34316.631263677664, 103, 1.0
34322.29919492854, 35, 1.0
34323.41263150741, 101, 1.0
34339.92539875679, 35, 1.0
34347.61814690688, 103, 1.0
34353.76663346725, 101, -1.0
34354.15502682829, 101, -1.0
34354.17613962482, 35, -1.0
34357.522635603746, 103, 1.0
34357.565938628635, 75, -1.0
34359.67168177648, 154, 1.0
34363.58388280821, 101, 1.0
34365.263950527755, 75, 1.0
34365.91380928619, 148, -1.0
34368.18330954225, 44, -1.0
34379.86576532749, 152, 1.0
34380.540331460594, 44, -1.0
34381.95006770038, 75, -1.0
34384.66421789568, 75, 1.0
34389.79752878458, 148, -1.0
34389.85330169134, 152, -1.0
34420.544808112834, 103, 1.0
34430.24839762167, 35, 1.0
34432.01396403202, 35, -1.0
34432.073072092346, 103, 1.0
34442.05898288659, 44, -1.0
34444.58556826084, 44, -1.0
34461.51979062247, 35, 1.0
34468.66896981659, 103, 1.0
34469.83678657221, 152, -1.0
34475.629216885005, 148, -1.0
34479.543848027286, 103, 1.0
34494.99164895337, 75, 1.0
34495.40188338377, 103, 1.0
34502.733031640724, 152, -1.0
34509.03025895589, 101, 1.0
34509.14331750003, 103, -1.0
34514.88666434475, 75, 1.0
34517.26682557081, 75, -1.0
34528.01088287344, 148, -1.0
34545.98907032892, 154, 1.0
34549.09027593949, 148, 1.0
34550.54611092919, 35, -1.0
34552.259787654846, 75, 1.0
34557.491359289525, 148, 1.0
34566.59447659446, 103, -1.0
34567.44180005151, 35, -1.0
34571.10719988144, 152, -1.0
34577.07449043111, 35, -1.0
34581.34579114864, 75, 1.0
34582.85283896819, 148, -1.0
34585.237598987966, 75, -1.0
34585.440844112236, 101, 1.0
34594.34588961987, 154, -1.0
34606.53708858691, 75, 1.0
34608.52322634081, 75, -1.0
34615.73047963272, 152, -1.0
34616.20119106727, 152, -1.0
34618.191207606345, 101, -1.0
34621.05361156905, 101, -1.0
34621.67589449643, 152, -1.0
34625.5884768685, 152, -1.0
34625.76213700366, 75, -1.0
34630.00913673687, 35, 1.0
34634.40467424895, 101, -1.0
34635.539302035286, 75, -1.0
34638.54753917765, 152, -1.0
34644.086933750674, 101, 1.0
34656.68467133191, 44, -1.0
34657.36268659732, 35, 1.0
34659.150772599976, 75, 1.0
34663.63341834532, 75, -1.0
34664.31898669323, 35, -1.0
34683.33573518618, 152, -1.0
34694.64926619824, 154, -1.0
34698.13117222344, 152, -1.0
34701.61918938133, 152, -1.0
34702.78617399732, 35, 1.0
34702.804242352606, 75, 1.0
34705.397124674986, 75, -1.0
34711.25894616485, 101, -1.0
34714.193567247115, 35, 1.0
34723.7779989294, 35, -1.0
34727.24784127629, 44, -1.0
34731.00944411642, 35, -1.0
34732.86652871169, 75, -1.0
34736.189054014954, 101, 1.0
34737.597420275204, 75, -1.0
34746.66697781003, 35, -1.0
34752.75885604022, 75, -1.0
34753.30284946605, 103, 1.0
34761.53541130808, 154, 1.0
34770.06653389721, 103, -1.0
34770.67558746554, 101, 1.0
34771.05923939106, 75, 1.0
34771.270967074764, 75, -1.0
34775.85218208147, 148, 1.0
34780.99979997603, 44, -1.0
34795.44577426666, 35, -1.0
34806.86026452151, 148, -1.0
34812.5141976888, 101, -1.0
34813.44217160711, 44, -1.0
34814.16317691933, 75, 1.0
34818.972294877574, 35, 1.0
34819.03615889596, 154, 1.0
34820.00548409577, 75, 1.0
34821.788843019924, 35, -1.0
34831.67605284987, 101, 1.0
34833.63461597619, 152, 1.0
34838.04033666381, 152, -1.0
34839.56391005963, 44, -1.0
34846.858947214365, 35, 1.0
34851.12255010295, 152, -1.0
34859.25269504123, 75, 1.0
34860.22187356989, 101, -1.0
34867.50206428554, 35, 1.0
34873.828490160886, 75, -1.0
34881.70014341091, 75, 1.0
34882.928464523895, 75, -1.0
34904.04934192696, 103, 1.0
34905.80475293167, 35, -1.0
34907.204164461196, 154, -1.0
34910.93527564991, 154, 1.0
34913.61781279291, 148, -1.0
34915.94712842787, 35, -1.0
34916.07351861658, 35, 1.0
34916.69874984122, 101, 1.0
34919.10442067884, 152, -1.0
34923.53184577854, 152, -1.0
34929.34363187618, 103, -1.0
34936.352666983534, 152, -1.0
34936.922178119974, 152, -1.0
34936.980572018125, 101, 1.0
34941.401489208336, 35, 1.0
34943.30499497724, 75, 1.0
34948.05470551451, 101, 1.0
34953.25967751914, 148, -1.0
34964.92551708588, 152, -1.0
34968.715182560685, 103, 1.0
34969.75536927179, 154, -1.0
34973.99261235696, 152, -1.0
34977.944775129086, 44, -1.0
34985.85071500169, 75, 1.0
34986.07538947596, 101, -1.0
34993.90495926496, 154, 1.0
34994.11652199585, 35, 1.0
34998.291800872525, 75, 1.0
34999.34823492844, 75, -1.0
35000.976665435584, 101, 1.0
35002.75420941938, 44, 1.0
35003.84870317971, 44, -1.0
35003.933685299824, 75, -1.0
35013.93097828487, 75, 1.0
35014.446848054715, 148, -1.0
35019.82484575689, 35, 1.0
35023.68676283971, 35, -1.0
35027.93525685427, 35, 1.0
35037.310419237285, 103, 1.0
35039.590482966465, 75, 1.0
35053.41148089959, 154, 1.0
35054.43429482964, 152, -1.0
35054.972685084445, 101, 1.0
35059.30608971605, 75, 1.0
35075.6273479748, 44, 1.0
35075.94235838067, 75, 1.0
35077.44614764023, 44, -1.0
35077.91581074694, 35, -1.0
35087.41062361906, 75, 1.0
35097.03794234823, 152, -1.0
35101.24017717613, 148, -1.0
35102.6087779771, 44, -1.0
35104.82452302617, 75, 1.0
35112.66145658909, 44, -1.0
35116.32244995616, 35, 1.0
35121.20499264844, 44, -1.0
35124.60902760716, 152, -1.0
35125.382837498284, 44, 1.0
35128.93098416868, 101, -1.0
35135.07188318286, 152, -1.0
35139.22847510492, 152, -1.0
35141.26640155671, 148, 1.0
35146.61969680673, 75, -1.0
35148.97233271597, 75, -1.0
35151.968292424084, 44, 1.0
35153.02352368445, 75, 1.0
35156.40561806694, 152, -1.0
35162.450415927844, 44, -1.0
35166.65145567496, 152, -1.0
35179.09505046406, 154, -1.0
35186.36688086006, 75, -1.0
35191.22611541394, 101, -1.0
35193.181103317926, 101, -1.0
35195.72881558928, 152, -1.0
35199.947049918104, 35, -1.0
35216.57003403277, 148, -1.0
35219.71678038586, 75, 1.0
35223.213311780244, 152, 1.0
35231.21578189668, 35, -1.0
35232.59018594881, 35, -1.0
35233.67131805549, 152, -1.0
35241.760349499076, 101, -1.0
35249.423696434555, 44, 1.0
35251.961511868685, 101, -1.0
35254.386011194554, 35, 1.0
35257.26939303343, 35, 1.0
35264.04686877961, 103, 1.0
35264.440584543205, 154, -1.0
35275.275952640266, 152, 1.0
35275.29443693511, 44, -1.0
35280.84965644094, 75, -1.0
35285.255403418145, 75, -1.0
35286.695103114536, 101, 1.0
35288.722819673734, 75, -1.0
35299.91959928775, 44, -1.0
35299.924672465415, 35, 1.0
35301.099274607586, 35, 1.0
35302.8686460075, 103, 1.0
35308.85995759945, 154, -1.0
35309.4862068212, 44, -1.0
35323.61778879902, 103, 1.0
35350.22464813403, 154, -1.0
35363.207827618455, 35, -1.0
35364.348339305325, 101, 1.0
35387.86224257714, 103, -1.0
35395.12555826072, 152, -1.0
35396.27625950325, 35, -1.0
35402.43415167409, 35, -1.0
35413.81420120698, 35, 1.0
35414.2619430344, 44, -1.0
35422.26125693883, 154, -1.0
35423.585842257, 35, 1.0
35442.97895928964, 75, 1.0
35447.777468980836, 103, 1.0
35462.61178069948, 103, -1.0
35466.26782933906, 75, 1.0
35469.73027951713, 75, 1.0
35470.05824010285, 101, -1.0
35476.91303430161, 75, 1.0
35486.722893695616, 154, 1.0
35487.38997527581, 101, -1.0
35489.23610384341, 101, 1.0
35492.0067552189, 152, 1.0
35495.670997183784, 103, 1.0
35507.5810068123, 44, -1.0
35510.8335331178, 101, 1.0
35511.06449797706, 75, -1.0
35514.1323194641, 152, -1.0
35516.81070388684, 75, 1.0
35517.48628656238, 101, -1.0
35524.037102987626, 148, -1.0
35531.371140710755, 35, 1.0
35534.40024966726, 101, 1.0
35550.7647692759, 75, 1.0
35559.22140823719, 103, 1.0
35568.20259066664, 148, 1.0
35568.72428518306, 154, -1.0
35569.24823732135, 35, -1.0
35572.65562324787, 154, 1.0
35573.42154135703, 35, 1.0
35588.50214217161, 75, -1.0
35595.4339691355, 44, -1.0
35604.65819140556, 152, 1.0
35606.23785747374, 35, 1.0
35613.14690283931, 152, -1.0
35613.21187523872, 35, 1.0
35625.4287843716, 101, -1.0
35641.912411157406, 152, 1.0
35646.73052677621, 35, -1.0
35647.18104222007, 44, -1.0
35649.81205415854, 44, -1.0
35656.77534102246, 35, 1.0
35657.00976485805, 148, -1.0
35661.8786805048, 103, -1.0
35664.37430978117, 44, -1.0
35670.00916293217, 44, -1.0
35670.54851253973, 35, -1.0
35671.214582600405, 148, 1.0
35675.02675180907, 75, 1.0
35679.63865758767, 35, 1.0
35690.45037624878, 44, -1.0
35693.55410829053, 75, 1.0
35699.91292254396, 35, 1.0
35708.0029668012, 103, 1.0
35710.114169199376, 152, 1.0
35710.83484424465, 35, 1.0
35713.130826092856, 103, 1.0
35713.51137053816, 35, -1.0
35721.04052749483, 152, -1.0
35735.04362295571, 75, -1.0
35735.600800322754, 35, 1.0
35748.95213397708, 103, -1.0
35757.83781540346, 101, 1.0
35759.250339378035, 154, -1.0
35760.04076002449, 152, -1.0
35760.9822868945, 35, 1.0
35779.64803626522, 103, 1.0
35785.12143047735, 148, 1.0
35787.692902963565, 101, -1.0
35792.0501615259, 154, -1.0
35801.894937346166, 75, -1.0
35805.243175753574, 75, 1.0
35805.65643250177, 44, -1.0
35813.82994352681, 44, 1.0
35814.0238806721, 75, 1.0
35826.27222896663, 44, -1.0
35831.98704509892, 35, 1.0
35839.68743767937, 103, 1.0
35843.522671437044, 152, -1.0
35845.2825540332, 44, -1.0
35847.463543933416, 101, 1.0
35852.773604287446, 103, 1.0
35855.20627485571, 154, -1.0
35855.736219570514, 44, -1.0
35866.7098887696, 154, -1.0
35868.665456441515, 44, -1.0
35870.905946614716, 154, -1.0
35872.13015213414, 101, -1.0
35875.303252325844, 101, -1.0
35882.030617980716, 101, 1.0
35882.108207035395, 44, -1.0
35888.60406511816, 103, 1.0
35906.3253086207, 152, -1.0
35906.60647755854, 35, 1.0
35907.25321407526, 101, -1.0
35926.97092460484, 44, -1.0
35929.405797683925, 75, 1.0
35930.96384562997, 35, -1.0
35931.52655901112, 152, -1.0
35931.7720611737, 35, -1.0
35937.65110415169, 35, -1.0
35940.36867567357, 148, -1.0
35944.16370160481, 35, -1.0
35953.09396088867, 75, 1.0
35965.937179720335, 152, -1.0
36003.46117167556, 101, -1.0
36008.578305076866, 75, -1.0
36014.066083340964, 35, 1.0
36014.92903640086, 148, -1.0
36017.8192151986, 101, 1.0
36022.856147137514, 75, -1.0
36026.379489035986, 148, -1.0
36027.04316497865, 44, -1.0
36028.36618594472, 152, 1.0
36030.934753808586, 148, -1.0
36036.31946951866, 103, 1.0
36038.25588937304, 101, -1.0
36044.4686051167, 101, 1.0
36048.55544219694, 103, -1.0
36054.666106669465, 75, 1.0
36057.51457085943, 103, 1.0
36058.47766673066, 152, 1.0
36059.59960604282, 35, 1.0
36063.64663154665, 103, -1.0
36064.172384039455, 35, 1.0
36070.541338446674, 75, 1.0
36072.486929374936, 103, 1.0
36074.23478739797, 101, -1.0
36080.8535558539, 152, -1.0
36089.69531989482, 35, 1.0
36092.11599904374, 152, -1.0
36093.9189363079, 154, -1.0
36103.32685578637, 152, -1.0
36105.95749338026, 154, 1.0
36106.995063974406, 101, 1.0
36111.58060367939, 152, -1.0
36117.19650823124, 44, 1.0
36119.847358217194, 103, -1.0
36122.35428659319, 148, -1.0
36123.95837831959, 44, -1.0
36127.351300039045, 101, -1.0
36132.7098011863, 103, 1.0
36135.39550487092, 35, -1.0
36147.76454399283, 148, -1.0
36153.587576390244, 101, 1.0
36155.820492966006, 44, 1.0
36163.85266616707, 75, 1.0
36168.071428363815, 35, -1.0
36168.409703457066, 75, -1.0
36171.95421899407, 154, -1.0
36182.198863476435, 152, 1.0
36185.182888459334, 75, -1.0
36188.14786193277, 44, -1.0
36192.96611962187, 44, 1.0
36194.34803094108, 101, 1.0
36196.67044412166, 35, 1.0
36200.409409926666, 103, 1.0
36200.77451461172, 101, 1.0
36209.40027984786, 35, -1.0
36214.84672095281, 103, 1.0
36215.155321978316, 75, -1.0
36216.93992865874, 75, 1.0
36219.753473076715, 103, 1.0
36222.72391446429, 35, 1.0
36225.456836481884, 154, 1.0
36225.75002159684, 44, 1.0
36226.34136615378, 103, -1.0
36230.016186829824, 35, 1.0
36230.760629048236, 148, -1.0
36231.253754631536, 103, 1.0
36232.58947901953, 75, 1.0
36232.968488213206, 35, -1.0
36237.39485834089, 35, -1.0
36243.85687104643, 101, 1.0
36244.07938446707, 75, -1.0
36245.30059867004, 154, -1.0
36246.99956024838, 148, -1.0
36259.81530663517, 75, 1.0
36262.26979251124, 148, -1.0
36265.25492704172, 152, -1.0
36269.204991022736, 75, 1.0
36270.22193395566, 152, -1.0
36272.10504608408, 75, 1.0
36274.597297633525, 152, -1.0
36278.51178343195, 101, 1.0
36280.760029045945, 148, -1.0
36281.57886376837, 152, 1.0
36283.16669802947, 35, -1.0
36283.41865552544, 148, -1.0
36284.81479658902, 35, 1.0
36287.00168102297, 154, -1.0
36292.09942542891, 148, 1.0
36297.69081130546, 101, 1.0
36300.23944053469, 101, 1.0
36300.80320341512, 152, 1.0
36304.995084159076, 148, -1.0
36305.993635840496, 101, 1.0
36316.12189341302, 101, -1.0
36317.086688899384, 75, 1.0
36317.57576432, 35, -1.0
36318.91930098811, 103, 1.0
36324.27881286866, 35, 1.0
36324.72599635345, 75, 1.0
36331.01165444198, 75, 1.0
36331.0271873266, 152, -1.0
36331.19295075956, 101, 1.0
36335.24099316912, 103, 1.0
36335.97615851977, 101, 1.0
36339.62451752184, 103, -1.0
36343.025995039665, 152, 1.0
36344.65284558824, 75, 1.0
36346.51006355561, 44, -1.0
36348.48538077078, 101, 1.0
36351.06470755239, 75, 1.0
36356.246941440186, 75, -1.0
36357.13057957045, 152, -1.0
36359.56794667181, 103, 1.0
36367.84365497291, 101, 1.0
36376.68786019221, 44, -1.0
36381.238859040626, 75, 1.0
36381.31929500884, 75, 1.0
36382.71924404971, 152, -1.0
36382.84213201628, 148, -1.0
36386.97282552223, 152, -1.0
36396.050612930354, 35, 1.0
36396.604110489505, 75, 1.0
36399.814035889816, 154, 1.0
36399.98239054411, 103, -1.0
36402.17455598598, 44, -1.0
36404.07726162406, 35, -1.0
36415.98765650217, 75, 1.0
36417.168013339906, 75, 1.0
36418.62960692433, 35, 1.0
36420.1409132447, 101, 1.0
36420.43178767061, 101, -1.0
36423.843571120495, 154, -1.0
36425.23496876045, 75, -1.0
36427.55362248818, 35, 1.0
36432.48712009123, 154, 1.0
36439.37208967261, 152, -1.0
36441.774340837714, 75, -1.0
36442.48669923667, 75, 1.0
36442.575938835434, 154, -1.0
36448.66752660982, 75, 1.0
36449.551902362495, 44, -1.0
36453.22134438191, 44, -1.0
36454.25197573838, 152, 1.0
36454.58282738152, 35, -1.0
36469.193945108935, 35, 1.0
36470.64772732488, 148, -1.0
36481.61157804258, 35, -1.0
36501.23109983439, 75, 1.0
36504.89263117955, 154, -1.0
36505.280432816595, 154, -1.0
36506.90173017637, 101, 1.0
36507.03021412285, 75, -1.0
36515.55305998573, 103, -1.0
36515.939959323405, 152, -1.0
36516.462610071394, 75, 1.0
36520.05399521971, 154, -1.0
36521.26107818131, 75, 1.0
36521.38320796736, 75, -1.0
36528.32912424345, 44, 1.0
36537.99726722635, 35, 1.0
36538.59546002192, 44, 1.0
36543.95368056048, 75, -1.0
36544.85839040812, 152, 1.0
36553.049485723146, 148, -1.0
36555.19014453116, 154, -1.0
36562.52044865407, 35, -1.0
36565.170572961055, 101, -1.0
36570.93754425246, 101, 1.0
36571.35043114165, 152, -1.0
36573.778416412555, 101, -1.0
36580.38311315594, 103, 1.0
36582.424753948406, 101, -1.0
36590.681722211455, 75, -1.0
36591.38155069112, 101, 1.0
36596.63122312266, 103, 1.0
36598.56846590699, 75, -1.0
36600.65409030491, 152, 1.0
36600.758777256866, 75, 1.0
36611.96377015305, 152, -1.0
36616.07100755482, 75, -1.0
36620.518391553225, 75, 1.0
36625.07496834304, 154, -1.0
36627.00423753036, 44, -1.0
36630.285736447455, 103, -1.0
36631.99172292113, 148, -1.0
36632.253188824194, 103, 1.0
36633.14745031686, 154, -1.0
36639.3655019724, 75, -1.0
36639.55288271117, 148, 1.0
36646.36883980097, 44, -1.0
36647.82680197621, 35, 1.0
36647.850941226854, 75, 1.0
36650.28120427026, 152, -1.0
36653.949613837845, 103, -1.0
36656.23433725848, 101, 1.0
36656.381068688795, 101, 1.0
36663.00689129507, 103, 1.0
36669.374289187515, 44, -1.0
36678.64373416845, 101, 1.0
36680.00388381721, 44, -1.0
36688.5332347041, 103, 1.0
36689.930477037495, 35, 1.0
36690.50844615468, 148, 1.0
36695.08483509822, 152, 1.0
36697.80418228596, 103, 1.0
36700.284871627184, 103, 1.0
36702.60594970993, 154, 1.0
36718.19515933326, 103, 1.0
36719.531654073, 154, -1.0
36723.38122624813, 35, -1.0
36726.87697550733, 154, -1.0
36733.22152454852, 75, 1.0
36739.65722478706, 101, 1.0
36739.8157956903, 148, 1.0
36740.24883738149, 152, -1.0
36749.283978496416, 152, -1.0
36756.640569303825, 154, 1.0
36758.57835440004, 75, 1.0
36763.6183000278, 148, 1.0
36764.38113330877, 44, 1.0
36777.745066730844, 103, 1.0
36779.10180264732, 75, 1.0
36780.027644072405, 35, 1.0
36783.85889217046, 44, -1.0
36784.000244362025, 35, -1.0
36785.72676758149, 103, 1.0
36792.31686822402, 154, -1.0
36796.38414345174, 75, 1.0
36796.73728224899, 35, -1.0
36801.74791503724, 148, -1.0
36807.258853041334, 103, 1.0
36807.35536994799, 35, -1.0
36809.145200694424, 101, -1.0
36817.01133949333, 75, -1.0
36822.14748270138, 103, 1.0
36827.72337010451, 148, 1.0
36829.97943778953, 101, -1.0
36837.84651917022, 152, -1.0
36839.06507863407, 101, 1.0
36841.61135303783, 35, -1.0
36844.61820277823, 75, 1.0
36844.86670271012, 75, -1.0
36854.03612643366, 152, -1.0
36858.11376158382, 75, 1.0
36864.14298465613, 152, -1.0
36875.02778861321, 75, -1.0
36889.89108514757, 101, -1.0
36895.732220832535, 101, -1.0
36902.64795928922, 101, 1.0
36908.60076121432, 148, -1.0
36918.6926637244, 35, 1.0
36920.13162675419, 75, 1.0
36932.06515253538, 35, 1.0
36940.140616825556, 154, -1.0
36942.25322018885, 75, -1.0
36948.14894298273, 75, -1.0
36954.37702191928, 154, 1.0
36955.117654909416, 44, -1.0
36958.079210765056, 75, 1.0
36968.51859475077, 75, 1.0
36981.7022806881, 148, 1.0
36985.74705046662, 101, 1.0
36992.73257190148, 75, -1.0
36997.306062909454, 35, -1.0
37000.99618540242, 101, 1.0
37007.507720459995, 35, -1.0
37008.45005165056, 35, -1.0
37010.27877626042, 152, 1.0
37020.69387732381, 152, -1.0
37026.414247563094, 152, -1.0
37038.34777145261, 103, -1.0
37040.97445259155, 75, 1.0
37042.34914326046, 35, -1.0
37043.04343755322, 152, -1.0
37062.90947485105, 44, -1.0
37064.715349227896, 148, -1.0
37067.34314527857, 152, -1.0
37067.63036696502, 101, 1.0
37068.32327307605, 44, -1.0
37071.5919821431, 35, 1.0
37075.48093872108, 75, 1.0
37083.90572856953, 101, 1.0
37084.862821996416, 35, 1.0
37090.36333867857, 75, 1.0
37097.12640630098, 101, 1.0
37098.39858719583, 103, 1.0
37102.01555694565, 152, -1.0
37105.86875162378, 154, 1.0
37109.435592331385, 148, -1.0
37112.315073400736, 152, -1.0
37113.95996734633, 101, 1.0
37114.23361355622, 75, 1.0
37114.49011039179, 75, -1.0
37117.66991664256, 35, -1.0
37122.33609475162, 44, 1.0
37122.45170317104, 152, -1.0
37131.21063385189, 152, 1.0
37145.72370861743, 148, 1.0
37153.54407066983, 154, -1.0
37156.60333983058, 103, -1.0
37164.60837502514, 101, 1.0
37177.53486609681, 75, 1.0
37182.60743239224, 152, -1.0
37183.62895762119, 75, 1.0
37187.79719095398, 101, 1.0
37191.746859176565, 101, -1.0
37195.25290740211, 154, 1.0
37205.290451533765, 152, -1.0
37208.825177196566, 75, -1.0
37209.710577092104, 101, -1.0
37218.96102270138, 148, -1.0
37225.00430432951, 148, -1.0
37226.2520357887, 103, 1.0
37243.03078030891, 148, -1.0
37243.863688687794, 152, -1.0
37246.54056714976, 152, -1.0
37247.77222214148, 152, -1.0
37248.68608242707, 35, 1.0
37250.07574149046, 75, 1.0
37253.73390396243, 154, -1.0
37257.21129662907, 44, -1.0
37257.838323697375, 35, 1.0
37261.44329067699, 101, 1.0
37272.728774143645, 148, -1.0
37274.02743024486, 44, -1.0
37275.37943622862, 148, 1.0
37276.31876815946, 101, 1.0
37282.573503217485, 35, 1.0
37285.95001315356, 103, -1.0
37300.25972425437, 101, 1.0
37303.096849069705, 75, 1.0
37307.969796152625, 44, -1.0
37309.55818448459, 152, 1.0
37321.43582650671, 75, 1.0
37324.39218693444, 101, -1.0
37325.83108437995, 103, 1.0
37325.89453968816, 44, -1.0
37328.97670812292, 152, -1.0
37335.230325282515, 152, -1.0
37337.231194093365, 44, -1.0
37340.252215568325, 154, -1.0
37342.23271434249, 35, 1.0
37344.0874483526, 35, 1.0
37348.87685677429, 154, -1.0
37352.65497835231, 75, 1.0
37363.24762987629, 35, 1.0
37367.044913548685, 154, -1.0
37367.620662189096, 44, -1.0
37368.41002069299, 44, -1.0
37373.344622198536, 75, 1.0
37378.727127717146, 35, -1.0
37378.95644177663, 101, -1.0
37382.21301151312, 101, 1.0
37383.00898518931, 154, -1.0
37384.85116588437, 154, -1.0
37385.49378645439, 101, -1.0
37385.5472729902, 35, -1.0
37391.88032420436, 35, -1.0
37394.76487236389, 103, 1.0
37395.08053360252, 101, -1.0
37395.847796411115, 75, 1.0
37396.701479927804, 103, 1.0
37401.17366572603, 44, -1.0
37401.50641498513, 152, 1.0
37401.996758113135, 75, -1.0
37403.1075115767, 152, -1.0
37406.39744811539, 75, -1.0
37411.50573307324, 35, 1.0
37416.308097119065, 154, -1.0
37427.124535210285, 148, -1.0
37442.78741511666, 75, -1.0
37446.1481457494, 103, 1.0
37447.020451099765, 75, 1.0
37457.205856137654, 154, -1.0
37457.91087408134, 103, -1.0
37458.60364798114, 152, 1.0
37459.16107561232, 75, -1.0
37460.35820807062, 152, -1.0
37461.206982575124, 44, -1.0
37461.818254169644, 75, 1.0
37467.94311505866, 101, 1.0
37471.84228126979, 101, -1.0
37473.987514185195, 75, -1.0
37477.221750931094, 152, 1.0
37482.69417468424, 75, -1.0
37488.05569671058, 103, 1.0
37488.98940771058, 44, 1.0
37489.158003143944, 35, -1.0
37489.696830998604, 101, 1.0
37489.72062123226, 101, -1.0
37493.071449351635, 101, 1.0
37493.1244559218, 35, -1.0
37499.6774859809, 103, 1.0
37504.79150519123, 35, 1.0
37511.33335077428, 35, 1.0
37512.32046296533, 101, -1.0
37513.41632427163, 75, 1.0
37514.244084517195, 103, 1.0
37516.60694672344, 75, -1.0
37520.48046037091, 44, -1.0
37522.09338028928, 154, 1.0
37525.62042394212, 101, 1.0
37526.54422900123, 35, -1.0
37528.87625155421, 103, -1.0
37535.71139308452, 152, -1.0
37539.0859372608, 75, 1.0
37543.81754642767, 103, 1.0
37544.37453014124, 152, 1.0
37550.454754486964, 154, -1.0
37551.247776242, 103, 1.0
37554.618734325326, 154, -1.0
37557.282904801694, 35, -1.0
37561.07207771248, 35, -1.0
37562.67853221716, 44, -1.0
37563.40918765191, 75, 1.0
37567.07226421965, 101, -1.0
37570.832466140026, 35, -1.0
37583.49736351168, 101, -1.0
37587.85220744563, 154, -1.0
37591.06040466209, 154, -1.0
37591.83696325876, 148, 1.0
37593.2657776171, 154, 1.0
37594.082585722266, 152, -1.0
37595.28325715109, 148, -1.0
37598.6396589525, 35, 1.0
37601.64664811649, 75, -1.0
37603.65576653655, 152, 1.0
37610.736165978495, 152, -1.0
37612.665074960605, 154, -1.0
37614.02804744085, 75, 1.0
37618.80066126946, 75, -1.0
37619.293777809595, 154, -1.0
37624.67961733679, 148, -1.0
37625.037740452295, 152, -1.0
37626.82410041174, 101, 1.0
37629.50140069754, 75, 1.0
37646.92424057115, 103, -1.0
37649.55748953889, 44, -1.0
37657.414588195265, 148, 1.0
37660.12886977184, 75, -1.0
37662.77345274113, 152, -1.0
37662.81087403948, 103, -1.0
37666.063937393534, 152, -1.0
37667.19217979329, 75, -1.0
37668.78398679244, 152, -1.0
37672.51560442952, 35, 1.0
37674.46052462155, 103, -1.0
37683.01406617888, 35, 1.0
37698.21915994984, 103, 1.0
37701.86528181156, 148, -1.0
37710.25482264098, 75, -1.0
37712.38087312129, 75, -1.0
37715.465053185835, 75, 1.0
37717.986811722185, 101, 1.0
37727.25553985648, 44, -1.0
37730.21744097673, 101, -1.0
37731.68440891162, 152, -1.0
37751.00925968885, 44, -1.0
37765.40379216896, 103, -1.0
37769.837094464914, 152, -1.0
37774.03181302766, 35, 1.0
37776.906098140826, 75, 1.0
37783.996083970276, 152, 1.0
37784.515120360644, 75, -1.0
37786.01081869469, 101, 1.0
37790.654972496384, 101, -1.0
37792.550061221424, 103, 1.0
37792.896231154504, 44, -1.0
37797.11301233987, 75, 1.0
37801.87301052871, 35, 1.0
37806.61691719206, 101, -1.0
37818.57223185271, 103, 1.0
37819.838420958484, 103, -1.0
37821.12170557041, 75, -1.0
37823.00456835276, 103, -1.0
37825.54901680247, 103, 1.0
37826.66756464835, 152, 1.0
37829.39294799651, 75, 1.0
37830.43506868517, 148, 1.0
37844.85739973383, 154, 1.0
37845.407466452074, 101, 1.0
37853.38662182739, 152, -1.0
37853.92993818027, 148, -1.0
37857.476378013125, 154, -1.0
37859.86777237203, 75, -1.0
37862.502270675344, 152, 1.0
37865.44878602248, 152, -1.0
37867.87682022069, 35, -1.0
37881.69734095499, 148, 1.0
37888.319889836355, 75, -1.0
37889.135455356525, 148, 1.0
37889.16625835767, 101, -1.0
37904.41603339602, 152, 1.0
37924.60494887235, 154, 1.0
37931.87826344733, 35, -1.0
37932.55310630352, 75, -1.0
37936.449364510634, 148, -1.0
37936.966359042744, 154, -1.0
37938.18958553542, 101, -1.0
37938.41616004468, 148, -1.0
37940.83440629823, 44, -1.0
37941.606689984714, 103, 1.0
37941.81370352418, 101, 1.0
37942.61382723513, 75, 1.0
37944.83384067516, 44, 1.0
37945.95993388603, 148, -1.0
37946.68421160191, 103, 1.0
37950.095633194476, 103, -1.0
37951.443799347195, 101, -1.0
37960.88577189425, 35, 1.0
37964.56753572569, 44, -1.0
37967.0773395452, 44, -1.0
37967.58923919771, 44, 1.0
37971.57785915684, 154, -1.0
37973.28802074173, 103, 1.0
37979.701050873584, 154, 1.0
37980.54750455839, 101, 1.0
37981.52845861558, 148, 1.0
37985.16675229038, 75, -1.0
37987.78150993108, 75, 1.0
37998.188330017445, 154, -1.0
38000.65175436862, 152, -1.0
38006.586469157555, 75, -1.0
38011.14202980523, 101, -1.0
38013.6305451709, 35, 1.0
38016.711934495856, 75, 1.0
38020.33311595817, 75, -1.0
38024.832078519976, 75, -1.0
38025.12168074916, 154, -1.0
38029.241040943074, 148, -1.0
38029.57999279148, 101, 1.0
38034.67796476529, 101, -1.0
38035.3137450411, 35, 1.0
38035.48272970367, 101, 1.0
38038.07925668716, 44, -1.0
38038.505104135096, 75, 1.0
38043.90222954322, 75, -1.0
38048.31287021154, 154, -1.0
38050.887069368866, 152, -1.0
38054.33200337207, 101, 1.0
38054.68529859394, 103, 1.0
38063.461939345194, 101, 1.0
38063.737980306076, 103, -1.0
38064.313962112086, 35, -1.0
38068.35164561599, 148, -1.0
38073.30809044863, 101, -1.0
38073.36728513426, 152, -1.0
38078.7636362953, 101, -1.0
38079.96703174896, 75, 1.0
38092.34442083906, 152, -1.0
38093.40301642532, 75, 1.0
38094.37308595711, 148, 1.0
38102.105189066, 103, -1.0
38102.70251787602, 101, 1.0
38105.24233318728, 101, 1.0
38108.03959947989, 103, -1.0
38114.57302017641, 75, 1.0
38125.33930135574, 75, -1.0
38132.306224475586, 101, 1.0
38150.08846978867, 101, -1.0
38152.76638621192, 101, 1.0
38156.63900268625, 152, -1.0
38163.58963317058, 35, -1.0
38170.07207202331, 152, -1.0
38173.72595917075, 44, 1.0
38173.834015149136, 75, 1.0
38180.441420598494, 103, 1.0
38184.0258829857, 75, -1.0
38186.360818548994, 101, 1.0
38193.92629994265, 101, 1.0
38199.99590579421, 152, -1.0
38200.502006451556, 75, 1.0
38200.7722000247, 101, 1.0
38201.07896007257, 35, 1.0
38204.7404322862, 75, 1.0
38205.21061627839, 103, 1.0
38209.28778673034, 75, 1.0
38214.037429417294, 75, -1.0
38230.93424405814, 35, 1.0
38235.430902816304, 148, 1.0
38237.31962604488, 103, 1.0
38237.73954133005, 103, -1.0
38240.85987845355, 75, 1.0
38243.23926034398, 103, 1.0
38247.78551807555, 75, -1.0
38252.18251125403, 103, -1.0
38252.19330055002, 154, 1.0
38252.96263358927, 103, 1.0
38252.99158549549, 103, 1.0
38254.80248843206, 75, 1.0
38256.98664875696, 101, -1.0
38261.02175611014, 101, 1.0
38267.21826808068, 101, -1.0
38267.542744171165, 75, 1.0
38268.11706945317, 154, 1.0
38270.97777651347, 148, -1.0
38275.85017480326, 75, 1.0
38277.52530985881, 152, 1.0
38277.80279244748, 75, -1.0
38278.73249652005, 148, 1.0
38291.25105343305, 152, -1.0
38293.82097871901, 103, -1.0
38296.98492506323, 75, 1.0
38301.353423298475, 75, 1.0
38302.54371210754, 152, -1.0
38302.847144265215, 44, -1.0
38305.509524662404, 103, 1.0
38307.48767970821, 148, -1.0
38309.7046444518, 35, 1.0
38312.13085066703, 75, 1.0
38316.98478415663, 103, -1.0
38322.99532608853, 103, -1.0
38326.79436452939, 103, -1.0
38332.776639450196, 103, 1.0
38336.81288194218, 152, 1.0
38337.21636707921, 35, 1.0
38359.98090147805, 103, 1.0
38364.7048962686, 148, -1.0
38367.18465790927, 44, 1.0
38368.25880946498, 44, -1.0
38372.27284848521, 35, -1.0
38372.654982775995, 148, -1.0
38375.675541974146, 154, -1.0
38379.02552695918, 154, -1.0
38384.52541481196, 101, -1.0
38386.675532341964, 148, -1.0
38401.591645327746, 35, -1.0
38402.22381063825, 75, -1.0
38402.348688567145, 152, -1.0
38410.28163507803, 103, -1.0
38413.24251362779, 103, 1.0
38416.07906758129, 148, -1.0
38418.69341142831, 75, -1.0
38436.56409551348, 75, -1.0
38448.57997724032, 148, 1.0
38449.76252761314, 44, -1.0
38450.82749909753, 103, -1.0
38452.621905519336, 101, -1.0
38453.75081941096, 103, 1.0
38456.54471168439, 148, -1.0
38458.153102247146, 35, 1.0
38466.84005144137, 101, 1.0
38471.990366779, 101, 1.0
38481.81964287032, 154, 1.0
38482.51737503497, 103, 1.0
38484.02546970536, 44, -1.0
38490.731268117626, 75, 1.0
38495.78738391358, 44, -1.0
38496.91615745649, 101, -1.0
38502.4676040104, 75, 1.0
38502.57155740703, 35, 1.0
38503.1311622955, 35, -1.0
38510.0016085932, 154, -1.0
38513.96839114284, 35, 1.0
38515.16158565119, 75, 1.0
38524.747576906506, 101, 1.0
38531.22164947948, 152, -1.0
38534.68808469083, 148, 1.0
38538.3494650035, 35, 1.0
38546.046038801855, 101, 1.0
38549.9265616448, 44, -1.0
38557.56037208234, 101, 1.0
38562.38353689363, 44, -1.0
38567.38291273755, 152, -1.0
38568.797891708076, 75, 1.0
38569.407581792766, 101, -1.0
38573.093121599566, 148, 1.0
38581.61371063382, 35, 1.0
38582.185018666954, 152, 1.0
38584.87102942045, 148, 1.0
38585.05878240695, 44, -1.0
38587.479935691495, 75, 1.0
38589.92740829174, 152, 1.0
38596.58097213079, 103, -1.0
38600.671479783814, 148, 1.0
38601.79915463557, 101, -1.0
38602.70130531756, 44, -1.0
38603.16513486844, 75, -1.0
38618.30914571604, 35, 1.0
38621.15312921903, 103, 1.0
38621.71407821132, 101, -1.0
38621.86605862677, 75, 1.0
38622.75600022156, 101, -1.0
38626.88492700776, 75, 1.0
38628.99311206337, 75, -1.0
38636.64391223435, 35, -1.0
38636.94884729053, 148, -1.0
38638.45522505063, 75, 1.0
38638.69412792252, 152, -1.0
38644.45101435051, 44, -1.0
38647.10153744808, 101, 1.0
38647.41439063277, 148, 1.0
38649.91937016915, 101, 1.0
38650.46398290782, 35, 1.0
38650.974961217944, 148, -1.0
38654.073007804895, 75, 1.0
38666.77455200196, 101, 1.0
38668.01338921172, 75, 1.0
38669.50851625517, 152, -1.0
38680.87824673147, 103, 1.0
38683.461315273504, 103, -1.0
38685.015979360716, 101, 1.0
38687.471661317, 35, 1.0
38696.167701994666, 103, -1.0
38700.286216894005, 35, -1.0
38702.53355371241, 101, 1.0
38703.03575981583, 101, -1.0
38707.47862345578, 103, 1.0
38712.769766439385, 35, 1.0
38714.33919404083, 75, 1.0
38718.931789797585, 154, -1.0
38725.13365343557, 148, 1.0
38731.33929662056, 152, 1.0
38733.119927934, 148, -1.0
38737.10863355273, 75, -1.0
38737.20927383357, 154, -1.0
38741.86851287714, 75, 1.0
38749.47720228656, 101, -1.0
38750.567801360885, 35, 1.0
38754.302367255856, 101, 1.0
38755.16127077318, 44, -1.0
38761.81515822299, 35, 1.0
38762.043504683395, 75, -1.0
38769.66112011601, 103, -1.0
38771.67986787842, 154, -1.0
38772.13610757543, 152, -1.0
38772.557069718256, 101, -1.0
38779.22228341314, 152, -1.0
38779.42784281286, 101, 1.0
38779.8090493388, 35, 1.0
38785.500182037205, 75, -1.0
38793.84983056848, 75, 1.0
38798.448325650876, 101, 1.0
38800.068843891306, 148, 1.0
38801.358140018376, 148, -1.0
38804.628172105105, 75, -1.0
38809.90768054857, 154, -1.0
38810.04564028322, 75, -1.0
38812.13155563198, 35, -1.0
38817.167333702244, 35, -1.0
38817.42141003839, 35, 1.0
38819.83294530256, 148, -1.0
38823.02572678467, 101, -1.0
38825.968754723915, 75, -1.0
38828.111066166166, 75, -1.0
38831.551246018455, 152, -1.0
38832.416765999886, 35, -1.0
38843.06749852003, 75, 1.0
38849.95480356437, 35, 1.0
38853.193525006216, 152, -1.0
38856.014825443046, 152, -1.0
38858.4014588645, 75, -1.0
38865.2805931091, 101, 1.0
38877.852130741725, 75, -1.0
38878.43119131393, 148, -1.0
38880.331107301376, 154, 1.0
38881.3329529255, 75, -1.0
38894.05982636023, 103, -1.0
38898.96874755481, 75, -1.0
38906.91748401777, 152, 1.0
38910.97444475678, 103, -1.0
38911.046851338775, 75, 1.0
38914.16400405337, 101, 1.0
38917.12331751252, 35, -1.0
38921.9950079964, 154, -1.0
38925.22595202429, 35, -1.0
38934.87511067585, 148, -1.0
38940.54050166041, 152, 1.0
38948.6190717915, 75, 1.0
38953.4066629509, 75, 1.0
38958.850622134036, 101, 1.0
38960.507667556216, 103, -1.0
38960.55353079538, 152, 1.0
38962.03164521246, 35, -1.0
38968.181639949165, 152, 1.0
38968.254676055585, 101, 1.0
38969.403556712234, 154, -1.0
38973.31284038301, 103, 1.0
38976.99539331939, 154, -1.0
38988.79960705557, 154, -1.0
38998.07550474795, 103, -1.0
39000.43139256708, 75, 1.0
39004.20831107552, 75, -1.0
39005.40716328072, 75, 1.0
39010.929982201334, 35, 1.0
39014.303676096184, 103, 1.0
39017.132877425945, 154, -1.0
39018.476862690346, 154, 1.0
39023.47125703888, 35, -1.0
39027.957350118784, 103, 1.0
39029.05600827614, 75, -1.0
39033.84589574971, 75, -1.0
39034.659549220065, 152, 1.0
39036.37932182391, 75, -1.0
39039.82822689878, 152, -1.0
39044.78609815506, 75, 1.0
39061.09487872876, 101, 1.0
39065.30097255955, 101, 1.0
39067.638247760486, 148, 1.0
39068.189947254934, 101, -1.0
39070.4122808513, 148, -1.0
39073.61293139788, 35, -1.0
39077.3535467412, 75, -1.0
39079.20394465152, 75, 1.0
39081.489843750365, 152, -1.0
39094.9315970931, 75, 1.0
39102.947176850736, 101, 1.0
39107.63568155315, 44, -1.0
39109.96524569327, 75, -1.0
39111.23788500279, 35, 1.0
39123.60850878773, 101, -1.0
39129.022868240434, 101, 1.0
39133.01973486623, 154, -1.0
39137.72640054119, 75, -1.0
39144.333124925724, 152, -1.0
39145.922955743416, 103, -1.0
39149.68899116549, 75, 1.0
39150.32213035827, 75, 1.0
39160.44281301294, 101, -1.0
39162.76820431476, 75, 1.0
39164.708479786605, 35, 1.0
39167.155896430246, 152, -1.0
39169.16986603423, 35, 1.0
39180.244836334474, 103, 1.0
39186.45239446761, 148, -1.0
39190.22901820182, 35, -1.0
39197.44520684934, 154, 1.0
39202.06374324555, 101, 1.0
39208.768890858075, 35, -1.0
39216.348619170945, 44, -1.0
39221.43701911308, 152, -1.0
39222.4546095798, 101, 1.0
39226.96695683185, 152, -1.0
39228.88341277277, 44, 1.0
39232.26433559145, 44, -1.0
39232.49069610498, 75, -1.0
39234.63787606791, 103, 1.0
39238.73046234583, 101, 1.0
39245.285350102255, 44, -1.0
39247.4398950416, 154, -1.0
39253.89974703945, 75, -1.0
39255.570241776724, 154, -1.0
39258.35130944569, 44, 1.0
39271.51504814541, 103, 1.0
39276.86022043516, 75, -1.0
39281.22724441562, 35, 1.0
39283.36325719163, 44, -1.0
39293.94294447585, 101, 1.0
39294.525783126766, 44, -1.0
39296.41655852441, 75, 1.0
39299.66939291107, 103, 1.0
39304.96346183581, 44, -1.0
39309.67225947881, 152, -1.0
39314.06701756112, 75, -1.0
39314.85400206621, 35, 1.0
39319.97658762912, 44, -1.0
39321.14609839857, 152, -1.0
39330.94616130455, 148, -1.0
39334.38390903383, 75, -1.0
39337.088408063515, 103, 1.0
39340.63832367598, 101, 1.0
39356.35783781028, 154, 1.0
39358.05892039827, 101, 1.0
39360.47278773829, 44, -1.0
39366.58999423784, 75, -1.0
39369.27619408022, 152, 1.0
39379.14785216549, 35, -1.0
39379.815146895635, 148, -1.0
39380.267527758486, 75, -1.0
39388.19845575349, 35, 1.0
39388.94787263482, 148, 1.0
39389.92265288489, 35, -1.0
39390.52422810625, 152, 1.0
39400.89497655319, 154, 1.0
39401.61340638585, 75, -1.0
39403.45349056341, 44, 1.0
39404.705302537484, 148, 1.0
39417.10943567168, 154, -1.0
39418.89417125682, 103, -1.0
39421.55282273465, 103, 1.0
39422.107722725945, 154, -1.0
39423.375906684, 152, -1.0
39428.28159656025, 101, 1.0
39442.530637908625, 152, 1.0
39445.41637664958, 75, -1.0
39446.2163476088, 103, -1.0
39446.535362718816, 44, 1.0
39447.200176014296, 154, -1.0
39451.54896163797, 35, 1.0
39451.893531685746, 103, 1.0
39452.436327905576, 44, 1.0
39456.489163685656, 103, -1.0
39457.848150425336, 35, 1.0
39458.27965021729, 75, -1.0
39459.671328294906, 103, 1.0
39465.07297295817, 75, -1.0
39467.80758886123, 101, 1.0
39496.26025531531, 35, -1.0
39508.67039868145, 154, -1.0
39512.575646595695, 148, -1.0
39512.757805189125, 75, 1.0
39520.8338817626, 152, 1.0
39529.72346880805, 44, -1.0
39549.40394023587, 75, 1.0
39550.377781910545, 148, -1.0
39552.15878133774, 101, -1.0
39554.96079872446, 101, 1.0
39557.199511506275, 103, 1.0
39557.72364363055, 148, -1.0
39559.37054218819, 44, -1.0
39562.26906052475, 44, -1.0
39577.69829772222, 101, 1.0
39583.09930413566, 35, 1.0
39585.329871860835, 101, -1.0
39586.780984358316, 152, 1.0
39588.96311821411, 101, -1.0
39592.055985848805, 103, 1.0
39596.420314104995, 35, 1.0
39597.32179100811, 35, 1.0
39598.910756406105, 75, -1.0
