21600.082946093793, 101, -1.0
21601.81402652971, 44, -1.0
21612.50812993371, 148, -1.0
21616.881743692313, 35, -1.0
21617.90019987521, 103, 1.0
21618.50867885291, 148, -1.0
21623.442859937797, 103, 1.0
21630.043319383094, 35, -1.0
21632.460492962597, 75, -1.0
21632.938985525252, 154, 1.0
21640.117144963122, 101, -1.0
21644.131973647985, 154, 1.0
21646.054716947034, 44, -1.0
21649.65871005728, 154, 1.0
21653.337784787043, 154, 1.0
21657.482211249968, 148, -1.0
21661.386755051182, 101, 1.0
21666.548396549635, 75, -1.0
21672.409613949476, 154, 1.0
21676.81486002603, 75, 1.0
21679.081371582502, 154, 1.0
21680.02621053109, 103, 1.0
21681.35087224721, 154, 1.0
21685.604662488924, 44, -1.0
21687.20492337041, 154, 1.0
21688.953149162146, 154, 1.0
21692.857085367803, 154, 1.0
21699.79669395379, 154, -1.0
21703.824746355313, 101, -1.0
21706.098890070676, 75, -1.0
21707.704663622615, 148, -1.0
21709.92665457747, 75, 1.0
21716.482417455572, 75, 1.0
21722.21307205789, 75, -1.0
21728.429904279474, 75, 1.0
21730.072994421625, 152, -1.0
21738.201233220323, 154, -1.0
21741.456896390475, 101, -1.0
21749.638908399007, 103, 1.0
21751.77219387089, 148, -1.0
21758.921154435066, 75, -1.0
21765.707120567076, 148, -1.0
21775.91100113699, 103, 1.0
21790.15476718749, 152, -1.0
21795.704033690847, 101, -1.0
21805.17895056185, 75, 1.0
21814.276365594193, 44, -1.0
21815.0078494446, 148, -1.0
21819.83148263724, 101, 1.0
21820.620881310722, 75, -1.0
21822.7165849081, 154, 1.0
21824.405170651036, 103, 1.0
21825.38216325717, 44, 1.0
21826.51481350307, 154, 1.0
21829.54858044773, 103, 1.0
21842.462625689077, 154, -1.0
21842.731669073753, 75, 1.0
21846.737852072307, 35, -1.0
21849.696984214876, 35, -1.0
21853.335224098293, 35, 1.0
21854.415427792628, 148, -1.0
21862.305298765627, 35, 1.0
21869.75695792076, 154, 1.0
21872.01987311028, 103, 1.0
21877.6214185423, 103, 1.0
21879.108637500314, 152, -1.0
21879.809627306222, 152, -1.0
21885.204526305773, 148, -1.0
21889.48260501135, 154, 1.0
21890.998218731824, 75, 1.0
21899.115039786357, 152, -1.0
21899.6394118089, 152, -1.0
21902.163730239667, 154, 1.0
21903.96311923958, 148, -1.0
21911.51549317609, 101, -1.0
21911.990817590115, 154, -1.0
21914.68412166438, 75, -1.0
21918.942655122428, 148, -1.0
21921.062944737918, 75, 1.0
21921.193686707673, 103, 1.0
21924.882036139792, 44, 1.0
21932.58469556067, 75, 1.0
21934.321675206724, 154, 1.0
21943.56311924037, 154, 1.0
21945.85943403027, 35, 1.0
21948.541843633804, 101, 1.0
21951.0288052304, 35, -1.0
21952.549089676122, 103, 1.0
21957.48593643762, 148, -1.0
21957.798143810476, 152, -1.0
21958.938872082246, 152, -1.0
21965.21737611031, 154, 1.0
21968.955056840758, 152, 1.0
21969.983373449195, 35, -1.0
21973.62672809034, 148, -1.0
21975.68833851826, 35, -1.0
21982.666292478658, 154, 1.0
21982.737103546882, 103, 1.0
21987.0050938209, 35, -1.0
21991.75514053914, 35, 1.0
21995.5049717002, 101, -1.0
21997.26402687181, 75, -1.0
22001.50307965038, 75, 1.0
22004.587401542456, 35, -1.0
22006.12127386279, 154, 1.0
22008.271404939587, 152, -1.0
22014.989121438786, 101, -1.0
22016.048194765102, 154, 1.0
22019.19799353701, 103, 1.0
22022.871946555686, 75, 1.0
22023.38901834079, 101, -1.0
22035.68207028058, 148, -1.0
22038.086173744454, 75, 1.0
22045.619643746046, 154, 1.0
22052.203809233735, 75, 1.0
22054.649778189843, 35, 1.0
22057.476245292004, 154, 1.0
22062.696166266003, 148, -1.0
22079.516677526728, 154, 1.0
22089.8825213898, 103, 1.0
22092.43535075045, 152, 1.0
22094.665626260354, 152, -1.0
22103.146345206456, 152, -1.0
22103.892834794653, 154, 1.0
22105.176467919486, 148, -1.0
22105.894236746444, 148, -1.0
22108.553807081276, 152, -1.0
22114.706877504515, 75, 1.0
22121.71203140576, 75, -1.0
22124.81260419823, 148, -1.0
22126.08125230151, 148, -1.0
22128.077652273074, 35, -1.0
22130.95886019902, 35, -1.0
22130.969697081262, 35, 1.0
22150.44755183422, 35, -1.0
22153.11062164219, 75, -1.0
22164.166345267557, 148, -1.0
22169.32660542643, 148, -1.0
22175.41012636225, 152, -1.0
22179.235886489558, 101, 1.0
22191.61689142314, 101, 1.0
22201.54959234328, 75, 1.0
22225.766321137486, 152, -1.0
22230.17630420663, 35, -1.0
22230.606598244925, 154, 1.0
22230.88541179721, 103, 1.0
22232.254888421183, 152, 1.0
22233.24151586706, 101, 1.0
22241.267758195816, 44, -1.0
22249.613332054625, 154, 1.0
22255.508607210995, 154, 1.0
22263.09240268488, 44, -1.0
22271.516490838578, 148, -1.0
22272.5460799793, 154, -1.0
22274.534457678314, 152, -1.0
22275.189905863317, 103, 1.0
22281.295376935872, 103, 1.0
22288.421206214203, 35, -1.0
22294.533141766613, 154, 1.0
22300.60781154818, 154, 1.0
22302.71984017591, 152, -1.0
22307.88439045982, 75, 1.0
22313.45954508605, 35, 1.0
22314.705224919704, 44, -1.0
22333.020199526338, 152, -1.0
22351.646550391535, 75, -1.0
22351.810412269973, 152, -1.0
22364.848414452277, 154, 1.0
22368.007241920997, 154, 1.0
22385.427003117693, 35, 1.0
22390.200315272614, 35, -1.0
22398.884726671837, 103, 1.0
22402.274834309745, 35, -1.0
22414.887347944787, 148, -1.0
22415.10236073844, 101, -1.0
22420.206554606277, 154, 1.0
22429.93074080027, 154, 1.0
22439.23561448958, 75, -1.0
22441.56119470129, 103, 1.0
22443.261145989723, 103, 1.0
22448.029988714665, 103, 1.0
22454.280294755776, 148, -1.0
22454.81705533424, 148, -1.0
22461.669424739193, 148, -1.0
22462.217486251655, 101, 1.0
22468.475716398872, 101, 1.0
22469.15748440301, 35, 1.0
22471.084555497215, 152, -1.0
22479.621575722405, 154, 1.0
22479.715236107797, 35, -1.0
22485.90070625922, 35, -1.0
22487.82969140279, 152, -1.0
22492.835683319478, 35, -1.0
22495.516981722365, 35, -1.0
22502.658779483492, 152, -1.0
22526.661393783757, 35, 1.0
22526.898171878158, 101, 1.0
22526.906705648627, 35, -1.0
22530.231378361736, 103, 1.0
22535.535871741842, 103, 1.0
22537.512216258492, 101, -1.0
22541.691516119463, 154, 1.0
22549.157016868478, 152, -1.0
22550.327618366835, 152, 1.0
22559.080843308046, 154, 1.0
22560.769768306665, 75, -1.0
22563.182438506, 103, 1.0
22565.039185783473, 148, -1.0
22567.723491809596, 35, -1.0
22571.822902900087, 148, -1.0
22572.063715735967, 148, -1.0
22578.210049783185, 101, -1.0
22579.733761423133, 75, 1.0
22583.236179344538, 35, -1.0
22586.5134194539, 152, -1.0
22593.41489024259, 103, 1.0
22593.799392769077, 75, 1.0
22613.68044317931, 44, -1.0
22615.93939164332, 154, 1.0
22617.59658087329, 75, -1.0
22617.838092245518, 75, -1.0
22618.57925758873, 103, -1.0
22619.292511923293, 101, -1.0
22619.724878114277, 101, 1.0
22634.760834147495, 75, -1.0
22653.259968931445, 101, 1.0
22655.923117984377, 101, 1.0
22656.605119572483, 154, 1.0
22661.70985239742, 101, 1.0
22666.071298116283, 148, -1.0
22686.93352452337, 148, -1.0
22692.78473119414, 154, 1.0
22695.56866943233, 152, -1.0
22698.504112177452, 103, 1.0
22706.512905957603, 154, 1.0
22724.724817279963, 35, 1.0
22733.621424453984, 154, 1.0
22735.358020124702, 75, -1.0
22738.53480059293, 154, 1.0
22741.788164368176, 35, -1.0
22742.566143439697, 35, -1.0
22748.381043709494, 101, 1.0
22760.283377444175, 103, 1.0
22767.211160521325, 154, 1.0
22767.649904718866, 103, 1.0
22772.51117879124, 103, 1.0
22773.039772855755, 75, 1.0
22781.43419808574, 75, 1.0
22785.601519522927, 35, -1.0
22790.671145527784, 152, 1.0
22793.47716090797, 35, -1.0
22794.927924869364, 148, -1.0
22801.11288744252, 35, -1.0
22802.015161043983, 103, -1.0
22810.633746254935, 148, -1.0
22812.24880492826, 103, 1.0
22812.269844052666, 101, -1.0
22817.51821578974, 154, 1.0
22819.00620579346, 35, 1.0
22824.359843820654, 152, -1.0
22826.049211933547, 103, 1.0
22829.2484670422, 75, 1.0
22840.203807440415, 154, 1.0
22842.72441201849, 101, -1.0
22843.29800461011, 35, -1.0
22856.750197667126, 103, 1.0
22862.492557452402, 75, 1.0
22865.648224379056, 35, 1.0
22868.7423992532, 154, 1.0
22875.4563243442, 148, -1.0
22876.979215226424, 35, -1.0
22877.479050472146, 154, 1.0
22879.060755752213, 154, 1.0
22880.348867202516, 152, -1.0
22886.543821014708, 75, 1.0
22898.28509434008, 154, -1.0
22928.064247460476, 154, 1.0
22929.49495069244, 152, -1.0
22932.529032899674, 103, 1.0
22936.214407414263, 35, 1.0
22937.1652588944, 35, -1.0
22939.19978384722, 103, -1.0
22950.265701203036, 154, 1.0
22952.001836118114, 154, 1.0
22953.307003752372, 154, -1.0
22961.043373997145, 101, 1.0
22963.555226557146, 35, -1.0
22963.969086584795, 152, -1.0
22968.18374015673, 101, -1.0
22968.938443995026, 154, -1.0
22968.96889916421, 154, 1.0
22973.249492561994, 148, -1.0
22974.061534384524, 35, -1.0
22974.446405426424, 44, -1.0
22976.766244285023, 75, 1.0
22978.502036275233, 154, -1.0
22979.831974762743, 75, 1.0
22980.342508138114, 44, -1.0
22995.299466817614, 35, -1.0
22995.743770465386, 148, -1.0
22997.064864050575, 101, 1.0
23000.610281198573, 75, -1.0
23004.73003853109, 101, 1.0
23010.701599207972, 35, -1.0
23010.70725073188, 152, -1.0
23017.035126904655, 101, 1.0
23018.098554217242, 154, 1.0
23022.444992550263, 154, 1.0
23033.449436004412, 75, 1.0
23039.546405144763, 154, 1.0
23044.851346057825, 154, 1.0
23052.153752965478, 154, 1.0
23062.315104611036, 101, 1.0
23064.968295657847, 152, -1.0
23066.28444019653, 101, 1.0
23076.59496943554, 35, -1.0
23079.800135437305, 35, 1.0
23080.063637690248, 101, 1.0
23081.82902636014, 154, 1.0
23082.76923184531, 75, -1.0
23087.490426062395, 101, -1.0
23088.197484967463, 154, 1.0
23090.941581097548, 154, -1.0
23092.60354014997, 154, 1.0
23105.634987109926, 35, -1.0
23106.296375559683, 154, 1.0
23106.585426060272, 103, 1.0
23106.769051503325, 154, 1.0
23107.38519613319, 152, -1.0
23112.67057899816, 152, 1.0
23114.07619439115, 152, 1.0
23126.893300789205, 75, 1.0
23133.679793162242, 152, -1.0
23137.323957157714, 103, 1.0
23150.72598738469, 75, 1.0
23152.481817772536, 101, 1.0
23152.790214396933, 152, -1.0
23156.51563408614, 101, -1.0
23157.16809860402, 35, -1.0
23165.030461776183, 35, -1.0
23169.871953662172, 154, 1.0
23174.64320907804, 103, 1.0
23183.4617442734, 75, 1.0
23186.263700494812, 101, -1.0
23190.10826317926, 154, 1.0
23194.796850902625, 35, 1.0
23195.066298875845, 101, 1.0
23195.068911449718, 103, 1.0
23195.950783661665, 103, 1.0
23205.10024123457, 103, 1.0
23225.720433200706, 154, 1.0
23226.634993407024, 152, -1.0
23227.005748561085, 154, 1.0
23237.45729119399, 75, 1.0
23242.481340383696, 35, -1.0
23242.552228493812, 35, -1.0
23243.527022762362, 75, 1.0
23248.21426793808, 75, 1.0
23248.72768202506, 148, -1.0
23258.097887429078, 35, 1.0
23261.15582407621, 148, -1.0
23262.404313413484, 75, 1.0
23262.476657323274, 75, 1.0
23262.714700226414, 148, -1.0
23270.829665146503, 35, -1.0
23273.24232304115, 154, 1.0
23276.755502355303, 154, -1.0
23288.985380539776, 103, -1.0
23290.263232380163, 103, 1.0
23292.1605753564, 75, 1.0
23293.48475447977, 44, -1.0
23301.88979228238, 103, 1.0
23305.32061099032, 35, -1.0
23307.50739206028, 101, 1.0
23308.607448749834, 75, 1.0
23320.97175266793, 75, 1.0
23321.885518355713, 44, -1.0
23326.615108763563, 154, 1.0
23327.697333199307, 101, 1.0
23328.459634910807, 44, -1.0
23331.556998397373, 152, 1.0
23332.796376192866, 35, -1.0
23334.298060378256, 75, 1.0
23337.503860918972, 75, -1.0
23343.68847859452, 75, -1.0
23346.062212271747, 103, 1.0
23348.363586893956, 103, 1.0
23352.454948482504, 101, 1.0
23353.642518970264, 103, 1.0
23362.64444046553, 35, -1.0
23371.3244427615, 75, 1.0
23372.196636669127, 101, -1.0
23375.397234888704, 148, -1.0
23387.397758190767, 75, 1.0
23391.531720311443, 154, 1.0
23394.34880253859, 103, 1.0
23398.544490043638, 44, -1.0
23402.475306822846, 154, 1.0
23404.4223723286, 103, 1.0
23405.278086261344, 35, -1.0
23406.34432127518, 75, 1.0
23417.396587663912, 154, 1.0
23431.990124742253, 35, -1.0
23434.40656201371, 154, 1.0
23435.378930361552, 148, -1.0
23442.69406767092, 152, -1.0
23445.953900353514, 35, -1.0
23452.22140004026, 152, -1.0
23454.037957997534, 152, -1.0
23458.30233613988, 154, 1.0
23463.94993768661, 35, -1.0
23466.05418480821, 35, -1.0
23476.228440410912, 148, -1.0
23481.240715156702, 103, 1.0
23490.972977992846, 152, 1.0
23492.844473952075, 148, -1.0
23499.032005501405, 75, -1.0
23506.578261445007, 148, -1.0
23507.490036193885, 154, 1.0
23510.57856709474, 35, -1.0
23526.87958370989, 148, -1.0
23528.045849948812, 152, -1.0
23533.691660576824, 101, -1.0
23538.183714640534, 154, 1.0
23538.379231492392, 154, 1.0
23550.000940921018, 35, -1.0
23551.393944751384, 154, 1.0
23555.769971637437, 154, 1.0
23559.100226310704, 101, 1.0
23560.654301456932, 152, 1.0
23561.945618757916, 44, -1.0
23563.772382274055, 154, 1.0
23573.958707227313, 103, 1.0
23581.97390110379, 75, 1.0
23602.214944440897, 101, -1.0
23605.649695451535, 101, 1.0
23606.244702040065, 154, 1.0
23609.376550890483, 154, 1.0
23611.934332436394, 101, 1.0
23629.561591519636, 101, -1.0
23654.489122410578, 101, 1.0
23665.31857224238, 103, 1.0
23665.647065081903, 75, -1.0
23683.759132165455, 154, 1.0
23691.093657562244, 103, -1.0
23695.32407975749, 44, -1.0
23701.009776949777, 103, -1.0
23703.31743707785, 35, 1.0
23705.00904042522, 154, -1.0
23705.55163037602, 154, 1.0
23716.459458944384, 35, -1.0
23729.608998441094, 35, 1.0
23735.320427030125, 103, 1.0
23736.727807788455, 35, -1.0
23738.803369368376, 103, 1.0
23742.161322773838, 154, 1.0
23746.077799512495, 154, 1.0
23749.147044788424, 148, -1.0
23757.77452172711, 44, -1.0
23760.299678545205, 103, 1.0
23762.070457826525, 154, 1.0
23769.70568266214, 152, -1.0
23772.207160686306, 152, -1.0
23773.71948859672, 152, -1.0
23779.156590641294, 35, -1.0
23779.21376070614, 152, -1.0
23780.053941026414, 103, -1.0
23781.134238284783, 152, 1.0
23784.769812386792, 35, -1.0
23786.27154726219, 75, 1.0
23799.66971463345, 152, -1.0
23801.568094376667, 103, 1.0
23806.574705442596, 103, 1.0
23806.965050483323, 75, 1.0
23811.033590646384, 35, 1.0
23815.55570559812, 152, -1.0
23821.33412139355, 44, -1.0
23826.10414034046, 75, 1.0
23831.847281981907, 35, -1.0
23833.536506045868, 75, -1.0
23853.567370895893, 35, -1.0
23854.870862298067, 101, -1.0
23856.639247466515, 75, -1.0
23857.068253478934, 75, -1.0
23859.662357017805, 44, -1.0
23865.021139319684, 154, 1.0
23870.307329353254, 75, 1.0
23876.93059503545, 35, -1.0
23878.416216751993, 101, -1.0
23882.67928466724, 154, 1.0
23887.2272536312, 75, 1.0
23887.9442832035, 35, -1.0
23889.33627595706, 103, 1.0
23890.569766805344, 154, 1.0
23903.933230792543, 154, 1.0
23916.92059060209, 154, 1.0
23918.07014115326, 154, 1.0
23919.716501021958, 103, 1.0
23920.108868815238, 154, 1.0
23920.34233927436, 103, 1.0
23925.898768824212, 154, 1.0
23926.991171260626, 154, 1.0
23931.14314189415, 154, 1.0
23934.97712693702, 101, -1.0
23938.475039117428, 154, 1.0
23941.349243884702, 35, -1.0
23963.802194481294, 103, 1.0
23978.996335186825, 35, 1.0
23987.17714566669, 103, 1.0
23989.577255472494, 103, 1.0
24011.994743325748, 75, 1.0
24014.05541440646, 35, -1.0
24025.02562334835, 103, 1.0
24025.147269554054, 75, -1.0
24025.424628873494, 103, 1.0
24037.982908254144, 152, 1.0
24039.87629954986, 154, 1.0
24048.787516096392, 44, 1.0
24050.226231643515, 154, 1.0
24055.61040011373, 152, 1.0
24058.45310278815, 154, 1.0
24076.55158592855, 152, -1.0
24078.41898208273, 154, 1.0
24078.81610022775, 103, 1.0
24085.88583162776, 75, 1.0
24085.926030113267, 154, 1.0
24089.310517208567, 35, -1.0
24092.347129115646, 103, 1.0
24094.8213295981, 75, 1.0
24102.27510490792, 148, -1.0
24119.149451725545, 101, 1.0
24121.665424827148, 152, 1.0
24138.357563634014, 152, -1.0
24143.69121498388, 152, 1.0
24146.82949146976, 148, -1.0
24147.08817776255, 75, -1.0
24164.13473446163, 75, 1.0
24171.757786982736, 154, -1.0
24178.09224825615, 103, 1.0
24178.655197451597, 101, 1.0
24181.497235627372, 35, -1.0
24185.08349390231, 44, -1.0
24191.253446878447, 75, -1.0
24209.50717279248, 101, -1.0
24210.899681238763, 101, 1.0
24213.674989446947, 35, -1.0
24215.91627985573, 75, 1.0
24218.168146072792, 154, 1.0
24221.610281210993, 152, -1.0
24226.068880931176, 154, 1.0
24232.483975128194, 103, 1.0
24234.926792731465, 75, 1.0
24236.675456591965, 152, -1.0
24241.834317508587, 154, 1.0
24265.850736521024, 152, -1.0
24266.042073054457, 35, -1.0
24268.90403902725, 148, -1.0
24272.205685055214, 152, -1.0
24273.76132945894, 154, 1.0
24274.25715734354, 103, 1.0
24282.448181621898, 154, 1.0
24293.723851113245, 75, -1.0
24294.49187436738, 148, -1.0
24296.715517284254, 103, -1.0
24301.34297142556, 154, 1.0
24304.19125303907, 154, 1.0
24311.548277700032, 75, -1.0
24319.247554534555, 148, -1.0
24320.326918769413, 154, 1.0
24324.754991696893, 101, -1.0
24337.508237973372, 75, -1.0
24337.780785915216, 103, -1.0
24343.047301920287, 154, 1.0
24348.317560358402, 101, 1.0
24351.55239822847, 154, 1.0
24357.227149972718, 75, -1.0
24357.578727188284, 101, -1.0
24360.42361056919, 44, 1.0
24389.52520789442, 75, 1.0
24393.530041775157, 35, 1.0
24396.968551275673, 75, 1.0
24401.571969389966, 101, -1.0
24407.74069146345, 44, -1.0
24411.909808306547, 152, -1.0
24414.46521903302, 103, 1.0
24417.504365539055, 154, 1.0
24418.63718887925, 44, 1.0
24418.804927817375, 148, -1.0
24421.309826396046, 154, -1.0
24429.49843847663, 35, -1.0
24432.053762569958, 154, 1.0
24443.51964579859, 154, 1.0
24445.603654300565, 75, 1.0
24450.507923234854, 35, 1.0
24459.674830915534, 148, -1.0
24466.980940143225, 154, 1.0
24473.053251646386, 75, 1.0
24476.296271271487, 154, 1.0
24479.705864752694, 75, 1.0
24480.38559227493, 75, -1.0
24496.524319176857, 152, -1.0
24498.420961235202, 35, -1.0
24501.124499784244, 154, 1.0
24504.56080603066, 75, -1.0
24507.774665262896, 154, 1.0
24530.69796135616, 154, 1.0
24531.987747683444, 35, 1.0
24535.582353162634, 75, 1.0
24535.678729066698, 103, -1.0
24539.66448859219, 152, -1.0
24539.81344817525, 152, -1.0
24541.05069451972, 103, 1.0
24548.378670033682, 101, -1.0
24552.099219612723, 154, -1.0
24553.81546290782, 35, -1.0
24555.573465681857, 75, -1.0
24559.591294637525, 75, 1.0
24561.039635678426, 75, 1.0
24562.655132350705, 35, 1.0
24593.302549212185, 75, -1.0
24617.75280867901, 154, 1.0
24620.233145310984, 103, 1.0
24629.670546103054, 152, -1.0
24631.1178142578, 103, 1.0
24632.247103343238, 154, 1.0
24641.038983656737, 148, -1.0
24644.10827180498, 75, 1.0
24644.525748825774, 148, -1.0
24645.030285299075, 148, -1.0
24657.773860523597, 154, 1.0
24658.715015828937, 75, -1.0
24658.73950771349, 152, -1.0
24659.752033449142, 154, 1.0
24673.366561756535, 154, -1.0
24680.230842323042, 35, -1.0
24681.747478285706, 154, 1.0
24684.855614938988, 101, -1.0
24686.090371522572, 75, 1.0
24687.43082038666, 154, 1.0
24690.073658460533, 152, 1.0
24691.500212088755, 103, 1.0
24693.884738437853, 154, 1.0
24694.524250365077, 154, 1.0
24696.153605654028, 75, 1.0
24696.8958249622, 103, 1.0
24700.735877492112, 44, 1.0
24702.665037500774, 35, 1.0
24704.34006920609, 103, -1.0
24708.965037165894, 154, 1.0
24719.15214189315, 152, 1.0
24721.483904825964, 154, 1.0
24738.67716989571, 148, -1.0
24741.8888740042, 154, 1.0
24750.19319791356, 75, 1.0
24757.213833467224, 101, -1.0
24758.741159426158, 75, 1.0
24763.296888498906, 103, 1.0
24764.17600210142, 148, -1.0
24769.140196856435, 154, 1.0
24771.040265586613, 35, -1.0
24778.12939069761, 154, 1.0
24800.597271269973, 103, -1.0
24818.355771124432, 44, -1.0
24818.970461708006, 75, 1.0
24821.60737062455, 148, -1.0
24823.7779992346, 154, -1.0
24824.73137255416, 35, -1.0
24839.5020856552, 103, 1.0
24839.715784731943, 35, -1.0
24841.14810760332, 148, -1.0
24846.40210874521, 154, 1.0
24847.882033273487, 154, 1.0
24851.857025866557, 35, -1.0
24853.159300440973, 154, 1.0
24856.251076983088, 35, -1.0
24859.09142080794, 75, -1.0
24868.598612004203, 35, 1.0
24877.824242756997, 101, -1.0
24877.95220780414, 75, -1.0
24881.718912075947, 101, -1.0
24883.098388931816, 75, 1.0
24884.62411238608, 75, 1.0
24884.805454568785, 154, 1.0
24888.88721905549, 101, -1.0
24889.489389414717, 103, 1.0
24896.617734875814, 101, 1.0
24899.805071207884, 101, -1.0
24900.488686258574, 154, -1.0
24903.68640242285, 35, -1.0
24906.14025027785, 75, 1.0
24908.879352493543, 101, 1.0
24938.726778095293, 35, -1.0
24942.42788615925, 35, -1.0
24945.57865470598, 148, -1.0
24949.97795799605, 101, -1.0
24959.534170564228, 148, -1.0
24959.77959811804, 148, -1.0
24968.81643616219, 75, -1.0
24970.938901661924, 148, -1.0
24984.743593458643, 35, 1.0
24986.123643344617, 35, -1.0
24986.740496218452, 101, 1.0
24989.61290686261, 154, 1.0
24992.610189933763, 154, 1.0
25002.514152823795, 152, -1.0
25016.099114581575, 154, 1.0
25019.25212785401, 35, 1.0
25022.0081160636, 35, 1.0
25024.792385360393, 154, 1.0
25027.020529072524, 101, 1.0
25027.33474530278, 103, 1.0
25028.99793500011, 148, -1.0
25029.946088566758, 35, 1.0
25030.269335101955, 154, 1.0
25036.695476037166, 35, -1.0
25037.72680373225, 101, -1.0
25041.366898574295, 75, 1.0
25042.1911431167, 35, -1.0
25049.696153016124, 154, 1.0
25051.01085113957, 75, -1.0
25053.43801792248, 75, 1.0
25058.429166988146, 154, 1.0
25062.132854054304, 35, 1.0
25065.635435412212, 75, 1.0
25069.05873901604, 35, 1.0
25092.0392047255, 101, 1.0
25092.691055736435, 154, 1.0
25095.9061899124, 154, -1.0
25095.946200876828, 154, 1.0
25096.774578815643, 148, -1.0
25098.910702545156, 75, -1.0
25100.81959433821, 154, -1.0
25105.116994227763, 75, 1.0
25115.382324146343, 35, 1.0
25126.584335521977, 103, 1.0
25130.885754871262, 154, 1.0
25137.572715469312, 101, -1.0
25143.08076556524, 103, 1.0
25157.293148312365, 148, -1.0
25160.99367191527, 101, 1.0
25163.82570866106, 103, 1.0
25164.40553670625, 101, -1.0
25165.714812317732, 152, -1.0
25168.588110893066, 154, 1.0
25170.025177087507, 154, 1.0
25170.88646691177, 152, 1.0
25173.093554893167, 35, 1.0
25175.031221314766, 35, -1.0
25175.775347454623, 101, -1.0
25180.28147582334, 148, -1.0
25184.858210870065, 154, 1.0
25185.25249598641, 35, -1.0
25193.140039059264, 148, -1.0
25193.611379514117, 101, 1.0
25199.74756672866, 101, -1.0
25208.38320090304, 35, -1.0
25216.16466948491, 103, 1.0
25216.65674421357, 103, -1.0
25217.122859441803, 75, -1.0
25221.450494028595, 44, -1.0
25221.5748601372, 75, -1.0
25223.277090321706, 148, -1.0
25225.054009938794, 35, -1.0
25236.970183250967, 101, -1.0
25239.743270193827, 103, 1.0
25240.423354661983, 152, -1.0
25240.435012370584, 75, -1.0
25243.21428004369, 103, 1.0
25253.380534324624, 152, 1.0
25255.209849360122, 152, -1.0
25256.907782835482, 154, -1.0
25262.288369539547, 154, -1.0
25263.42068765702, 75, 1.0
25271.757490732358, 152, -1.0
25272.64656574712, 152, -1.0
25272.672272268108, 35, 1.0
25284.042723275197, 35, -1.0
25284.396477441995, 152, -1.0
25288.633775449955, 148, -1.0
25294.356427101302, 75, -1.0
25302.151811433687, 101, 1.0
25323.90230131324, 103, 1.0
25324.358177818467, 101, 1.0
25326.254164645983, 75, 1.0
25328.251772817322, 35, -1.0
25337.383290698348, 154, 1.0
25340.587168349073, 148, -1.0
25345.86099970002, 75, 1.0
25351.31676664262, 35, -1.0
25351.320792481754, 101, -1.0
25356.887137166657, 152, -1.0
25360.65010137397, 35, -1.0
25368.82497068846, 101, -1.0
25369.317876721365, 152, 1.0
25373.560356910064, 75, -1.0
25375.16469759703, 154, -1.0
25376.312756714135, 35, -1.0
25383.53768528462, 75, 1.0
25389.731794036154, 152, 1.0
25394.019581458255, 103, -1.0
25407.310704546282, 101, 1.0
25408.057536316548, 35, -1.0
25418.832683083234, 44, -1.0
25422.874509277393, 75, -1.0
25437.82966875239, 75, 1.0
25437.84837994356, 148, -1.0
25449.217612427623, 75, 1.0
25449.557452212342, 148, -1.0
25461.576659670554, 35, -1.0
25461.713342708146, 154, -1.0
25461.942011867206, 103, 1.0
25466.99819362189, 75, 1.0
25469.165658093105, 35, -1.0
25469.7565991362, 75, 1.0
25473.684830737708, 44, -1.0
25476.6901631709, 35, -1.0
25481.62970773838, 44, -1.0
25494.647152511498, 154, 1.0
25499.28115791802, 154, 1.0
25506.26498691573, 152, 1.0
25518.349590028978, 152, -1.0
25520.23445395946, 152, -1.0
25525.224422833384, 75, -1.0
25533.93101894605, 35, -1.0
25537.338652357284, 75, -1.0
25543.222574022613, 101, 1.0
25544.95184477554, 154, 1.0
25544.975951263103, 148, -1.0
25552.359591645352, 75, 1.0
25554.911173203556, 103, -1.0
25559.090995450762, 44, -1.0
25568.208816342565, 101, 1.0
25570.784900555085, 154, 1.0
25577.48976401183, 148, -1.0
25583.333189580793, 101, -1.0
25585.14594898524, 101, 1.0
25585.248402052744, 152, 1.0
25590.10348221981, 35, -1.0
25595.73461818554, 44, -1.0
25609.939133460593, 152, -1.0
25610.259745415846, 154, -1.0
25612.8851501687, 103, 1.0
25615.0021613261, 103, -1.0
25623.22382747598, 44, -1.0
25624.489968744096, 103, 1.0
25633.343850294357, 101, 1.0
25636.302440164887, 35, -1.0
25639.88472130951, 154, 1.0
25642.780473852443, 152, 1.0
25644.501376609463, 75, 1.0
25645.712971257566, 44, 1.0
25648.549534229143, 75, -1.0
25657.855937090513, 101, 1.0
25660.225148824233, 75, 1.0
25661.94666855525, 75, -1.0
25671.73538890398, 101, -1.0
25672.053957190747, 103, 1.0
25673.71959050516, 152, -1.0
25680.52114569691, 35, 1.0
25680.861931244337, 101, 1.0
25681.686263697815, 154, 1.0
25682.93513035925, 103, 1.0
25686.556669294434, 152, 1.0
25691.223477157902, 35, -1.0
25692.877308287567, 152, 1.0
25696.741111545638, 148, -1.0
25698.10488842732, 35, 1.0
25706.382671060976, 148, -1.0
25707.90028014125, 35, -1.0
25714.118530428877, 148, -1.0
25725.260746055912, 101, 1.0
25725.817797409512, 35, -1.0
25732.449547598193, 148, -1.0
25744.637633440703, 35, -1.0
25753.87145693836, 148, -1.0
25758.315802726218, 75, 1.0
25760.62271947404, 101, 1.0
25763.50197197757, 101, 1.0
25780.509114347315, 152, -1.0
25792.100351004752, 103, 1.0
25792.81418882733, 152, 1.0
25797.460681481993, 101, 1.0
25805.337782662045, 103, 1.0
25808.247919734767, 35, -1.0
25816.173574120032, 101, -1.0
25830.734211761628, 101, 1.0
25833.12822809257, 35, -1.0
25839.192321927057, 152, -1.0
25841.413888728333, 152, 1.0
25845.14977049323, 35, -1.0
25845.64092716073, 35, -1.0
25852.28298635029, 152, 1.0
25854.582053333503, 35, -1.0
25859.047881046103, 44, -1.0
25860.39652042758, 35, -1.0
25866.036246434785, 101, 1.0
25869.515965610226, 44, 1.0
25875.075753024077, 101, -1.0
25875.753556165226, 103, -1.0
25878.171475579056, 148, -1.0
25887.623970595032, 75, 1.0
25887.709593292228, 44, -1.0
25889.269176099508, 75, -1.0
25891.701239441758, 35, -1.0
25893.303859255324, 152, -1.0
25897.82428241599, 152, 1.0
25909.41065325628, 44, -1.0
25912.21723410361, 101, 1.0
25912.603209004803, 35, -1.0
25918.625096857395, 103, 1.0
25926.157677115123, 101, 1.0
25926.299340061225, 101, -1.0
25929.725285740366, 152, -1.0
25941.142971575588, 75, -1.0
25948.463123151407, 152, -1.0
25951.89226401907, 148, -1.0
25963.070248375214, 75, 1.0
25968.314852827458, 35, -1.0
25975.22435841134, 35, -1.0
25975.94716901767, 154, 1.0
25977.379548751705, 35, -1.0
25982.035340108134, 103, -1.0
25983.502149036445, 103, 1.0
25987.03823064052, 148, -1.0
25989.027222015437, 35, -1.0
25991.351593984098, 44, -1.0
25995.06598273751, 154, 1.0
25997.736008661752, 152, -1.0
25999.45956554628, 152, -1.0
25999.760385748843, 103, 1.0
26002.12890845257, 152, -1.0
26005.28610816155, 148, -1.0
26007.557501136052, 75, 1.0
26009.795264742235, 152, -1.0
26010.681683269817, 154, 1.0
26011.76054500986, 75, 1.0
26015.653657666782, 75, 1.0
26017.604833703324, 35, -1.0
26022.128462829944, 103, 1.0
26025.078723758055, 154, 1.0
26027.61213318942, 148, -1.0
26034.67995524567, 154, -1.0
26044.34790962647, 152, -1.0
26044.42007382028, 35, -1.0
26045.39735874388, 35, -1.0
26049.75113729276, 152, -1.0
26057.208076773986, 101, -1.0
26059.008549023903, 35, -1.0
26059.877766821373, 75, 1.0
26064.25560421047, 103, -1.0
26064.656250934633, 152, 1.0
26066.217340888317, 103, -1.0
26071.5732381629, 44, -1.0
26074.751812207436, 35, -1.0
26076.97577200093, 152, -1.0
26081.135467369317, 75, 1.0
26081.406039636437, 148, -1.0
26082.945148737766, 148, -1.0
26086.9965744799, 101, 1.0
26087.920056083443, 35, -1.0
26087.924070145622, 154, 1.0
26090.171950128257, 75, 1.0
26090.625224106137, 101, 1.0
26093.537903316814, 75, -1.0
26094.46338229774, 35, -1.0
26107.037988314605, 103, 1.0
26108.61363478251, 103, 1.0
26109.447406882067, 103, 1.0
26120.805052730917, 103, 1.0
26121.06191701269, 35, -1.0
26125.294075652833, 75, -1.0
26133.412007994968, 75, 1.0
26134.44166705555, 103, 1.0
26136.608819655645, 35, -1.0
26140.52611492018, 103, 1.0
26144.6992757023, 101, 1.0
26145.57995954461, 148, -1.0
26145.658973417176, 75, 1.0
26149.37811709789, 152, -1.0
26157.585054303643, 103, 1.0
26158.495836868366, 35, 1.0
26167.033208434477, 75, 1.0
26174.733154444373, 154, -1.0
26175.191750630976, 35, -1.0
26177.503745639668, 101, -1.0
26179.31679158272, 35, 1.0
26182.541932121698, 75, -1.0
26185.873527211483, 154, -1.0
26186.635664954767, 103, 1.0
26193.720346748218, 101, -1.0
26194.648620008444, 152, -1.0
26204.483629676073, 152, 1.0
26218.779476858213, 35, -1.0
26222.853055516985, 75, 1.0
26225.429308821567, 101, -1.0
26230.35713368422, 103, -1.0
26237.002107374996, 75, 1.0
26240.948295335238, 35, 1.0
26241.07190078148, 44, -1.0
26241.67977163094, 35, 1.0
26242.974205555933, 75, -1.0
26248.6177101291, 35, -1.0
26263.346303863298, 103, 1.0
26267.350158393885, 101, 1.0
26269.357345552617, 152, 1.0
26270.9098153547, 101, -1.0
26272.222274908538, 75, -1.0
26277.781869630526, 75, 1.0
26283.947162691016, 101, 1.0
26288.17390131423, 35, -1.0
26288.19602958682, 75, 1.0
26288.77331698292, 35, 1.0
26294.403114729437, 35, -1.0
26300.882141092774, 35, -1.0
26308.54400750719, 75, 1.0
26313.800973102527, 101, -1.0
26319.857287541534, 103, -1.0
26327.264599074297, 75, -1.0
26335.118592587278, 152, -1.0
26342.860057986625, 75, -1.0
26346.552846809987, 103, 1.0
26347.622003110475, 103, 1.0
26359.575735279235, 154, -1.0
26374.61313976429, 35, 1.0
26379.02384480441, 154, 1.0
26385.076606875864, 35, 1.0
26390.11643082738, 101, 1.0
26391.72046607142, 44, -1.0
26400.256512131313, 35, -1.0
26400.430911579493, 148, -1.0
26401.453564229516, 35, 1.0
26403.066215676794, 35, -1.0
26405.119582918258, 152, 1.0
26415.605583524422, 152, -1.0
26416.06417041643, 103, 1.0
26416.50569035613, 35, 1.0
26420.335549262265, 35, -1.0
26423.99017671413, 101, -1.0
26429.81159731723, 35, -1.0
26431.390911756935, 35, -1.0
26432.09482695879, 103, -1.0
26432.475676769314, 75, 1.0
26434.0266789535, 148, -1.0
26437.524485073216, 152, 1.0
26438.43188856829, 103, 1.0
26442.63603559921, 154, 1.0
26443.61942814982, 35, 1.0
26446.228834608286, 152, 1.0
26448.198702967013, 103, 1.0
26453.598397189773, 35, 1.0
26457.19102689989, 75, 1.0
26464.944018742444, 75, -1.0
26465.10226680407, 103, 1.0
26473.610824993968, 148, -1.0
26475.90781175465, 103, -1.0
26476.172960440665, 152, -1.0
26479.29274582052, 44, -1.0
26482.899724776395, 35, -1.0
26491.612642619057, 101, -1.0
26493.193650232344, 152, -1.0
26494.93971917627, 154, 1.0
26503.85457038315, 35, -1.0
26516.31503307844, 103, -1.0
26516.352930922516, 75, -1.0
26529.072190505765, 154, 1.0
26533.832578386075, 44, -1.0
26549.96349083578, 35, 1.0
26552.873271712884, 103, 1.0
26566.721545032622, 75, 1.0
26570.342638596314, 75, 1.0
26578.99913316946, 35, -1.0
26579.059098596998, 75, 1.0
26579.611974604097, 103, 1.0
26580.135220378623, 103, 1.0
26583.159522759503, 103, 1.0
26586.604080606307, 148, -1.0
26592.58729112448, 152, -1.0
26595.71940745441, 35, -1.0
26604.789882545567, 154, -1.0
26614.47241141631, 103, 1.0
26618.106889939234, 75, 1.0
26620.107301664648, 75, 1.0
26627.87359137649, 35, 1.0
26628.16136283824, 44, -1.0
26637.45948296483, 101, -1.0
26642.649300891055, 154, 1.0
26652.080203611007, 44, 1.0
26656.586121354583, 148, -1.0
26657.65887850104, 103, 1.0
26663.97465878884, 103, 1.0
26668.645092303348, 35, -1.0
26671.442103731348, 44, -1.0
26671.702028571606, 75, 1.0
26674.612788382427, 101, -1.0
26675.301824001883, 148, -1.0
26682.332664280555, 75, -1.0
26684.409217340857, 75, -1.0
26690.719135126106, 103, 1.0
26696.735295505314, 148, -1.0
26699.79702421052, 148, -1.0
26701.869342923674, 75, 1.0
26704.754481970755, 44, -1.0
26705.10542043316, 103, 1.0
26710.41154098917, 75, -1.0
26711.549127725848, 44, -1.0
26711.866991532897, 101, 1.0
26712.232481863713, 154, 1.0
26713.257444912244, 101, 1.0
26724.03926805737, 148, -1.0
26724.393800176906, 101, 1.0
26727.909261318255, 101, -1.0
26728.932523280524, 44, -1.0
26730.180661013823, 103, 1.0
26732.74719607098, 35, -1.0
26734.394388466557, 154, 1.0
26735.28992891951, 103, 1.0
26736.429370549442, 148, -1.0
26739.13561122971, 75, 1.0
26741.692113394463, 101, 1.0
26745.22276619554, 75, 1.0
26745.705520415304, 148, -1.0
26746.818996474507, 101, 1.0
26762.653962776083, 148, -1.0
26764.155361020108, 101, -1.0
26770.0123118182, 101, -1.0
26777.152933951835, 152, -1.0
26781.019937041452, 101, -1.0
26783.075948061804, 152, 1.0
26796.69904999803, 103, 1.0
26798.008128250454, 148, -1.0
26801.36844921306, 75, -1.0
26801.910539067758, 75, 1.0
26805.289645474582, 101, 1.0
26806.27849734265, 35, -1.0
26811.97272226261, 154, 1.0
26815.633987801142, 35, 1.0
26816.236171942084, 148, -1.0
26822.02899272648, 152, -1.0
26823.029629598655, 148, -1.0
26835.36509816642, 75, 1.0
26839.137150281964, 148, -1.0
26840.228923025446, 35, -1.0
26840.34649102341, 148, -1.0
26843.1476292033, 101, 1.0
26845.060486852242, 103, 1.0
26849.33125124639, 103, 1.0
26853.207395818605, 154, 1.0
26859.62683675993, 148, -1.0
26862.141270599976, 101, -1.0
26883.851426127545, 154, -1.0
26892.55373233993, 154, -1.0
26905.29790591307, 101, 1.0
26905.306802878305, 35, -1.0
26913.22626666828, 35, -1.0
26913.870310634935, 75, -1.0
26916.639266723294, 154, -1.0
26917.280335869036, 103, 1.0
26922.419359611282, 35, -1.0
26922.88779214776, 75, 1.0
26925.096863390478, 152, 1.0
26932.505843734285, 35, 1.0
26935.27724589899, 148, -1.0
26935.53191167831, 152, -1.0
26937.13608480156, 44, -1.0
26939.9253333209, 35, -1.0
26942.90012882461, 103, -1.0
26944.302636185334, 75, 1.0
26944.721129166617, 35, -1.0
26945.256487406623, 75, -1.0
26953.68706082991, 152, -1.0
26962.163276647367, 75, 1.0
26971.6281018697, 152, 1.0
26976.114707576464, 44, -1.0
26983.51094992584, 103, 1.0
26983.94221622495, 35, 1.0
26985.77452112915, 75, -1.0
26991.490958563892, 101, 1.0
27002.35059386115, 103, 1.0
27002.539663657237, 101, 1.0
27002.670930246277, 103, 1.0
27003.5440993698, 35, -1.0
27019.751256036347, 103, 1.0
27028.340219343285, 148, -1.0
27028.942178560563, 103, 1.0
27031.10798338406, 75, 1.0
27031.525722964147, 101, -1.0
27035.613532733536, 152, 1.0
27039.875776259094, 35, -1.0
27054.538332676566, 101, 1.0
27065.40776714804, 101, -1.0
27067.04727222653, 148, -1.0
27070.58592943561, 44, -1.0
27074.30579896114, 101, 1.0
27089.748906055273, 154, 1.0
27094.003757739854, 152, 1.0
27098.755706291267, 101, 1.0
27099.7693736893, 75, -1.0
27103.69678609182, 101, 1.0
27112.526962636904, 103, 1.0
27115.205660845506, 35, -1.0
27121.382763444373, 35, -1.0
27124.42513308319, 154, 1.0
27124.560964366996, 35, -1.0
27135.85762369071, 103, 1.0
27136.70637889227, 35, -1.0
27155.418084918765, 35, -1.0
27156.282793041595, 35, -1.0
27161.428479844926, 103, 1.0
27174.789078658323, 103, 1.0
27184.471343478064, 103, 1.0
27193.187960175048, 152, -1.0
27195.406449606675, 103, 1.0
27204.00814514729, 152, -1.0
27205.27361501213, 75, -1.0
27206.872563061857, 35, -1.0
27210.267231748407, 152, -1.0
27211.034185359193, 75, -1.0
27212.044209339623, 148, -1.0
27216.856984505957, 103, 1.0
27223.54626559113, 152, 1.0
27225.278219192405, 148, -1.0
27226.48447175624, 103, -1.0
27235.122502638922, 44, 1.0
27236.860838556073, 101, -1.0
27238.50326172586, 35, 1.0
27242.123921667397, 35, -1.0
27246.20868372554, 35, -1.0
27258.5760714789, 75, 1.0
27260.9774750794, 101, -1.0
27268.32125147498, 35, -1.0
27270.001705359355, 35, -1.0
27280.523495940695, 101, -1.0
27284.234088874564, 35, -1.0
27285.122094635026, 75, 1.0
27288.747508292126, 44, -1.0
27290.932178735464, 148, -1.0
27295.630933791268, 152, -1.0
27296.446413420108, 152, -1.0
27297.94701318498, 152, -1.0
27303.566761143444, 152, 1.0
27303.979645440235, 44, -1.0
27311.098856028046, 75, 1.0
27316.93786662603, 154, -1.0
27320.094395625354, 35, -1.0
27320.145300536908, 103, 1.0
27320.71480149228, 101, -1.0
27325.616433121504, 35, -1.0
27326.425797057895, 35, -1.0
27331.137269580446, 148, -1.0
27333.411045503057, 75, 1.0
27333.693604151587, 154, 1.0
27335.043756522908, 152, 1.0
27335.950937724705, 75, -1.0
27337.404601071106, 152, -1.0
27337.698934097825, 44, -1.0
27356.613210069467, 154, 1.0
27363.654251952295, 148, -1.0
27365.06377854289, 35, -1.0
27365.61812708454, 75, 1.0
27380.54211619034, 148, -1.0
27382.28760491854, 35, -1.0
27382.623334084823, 35, -1.0
27389.36581216922, 75, -1.0
27391.208495187515, 152, -1.0
27394.055317399507, 148, -1.0
27395.901534417124, 35, 1.0
27398.899030097706, 44, -1.0
27406.959265190268, 148, -1.0
27413.638135800516, 35, 1.0
27416.21358295425, 35, -1.0
27429.6860339582, 35, -1.0
27430.06758027815, 152, 1.0
27430.6716975233, 103, -1.0
27437.284665701947, 35, -1.0
27441.41707657311, 101, 1.0
27444.855026239024, 103, -1.0
27447.15165067809, 75, -1.0
27452.751789909893, 44, -1.0
27453.88867580258, 101, -1.0
27459.86154366464, 35, -1.0
27460.310277555764, 154, -1.0
27460.849629742155, 35, -1.0
27463.551923011928, 103, 1.0
27465.540527746776, 35, -1.0
27468.22113648803, 75, -1.0
27473.98004018239, 103, 1.0
27479.129088648056, 75, -1.0
27494.782362642458, 148, -1.0
27497.332071221572, 75, 1.0
27499.46415634697, 148, -1.0
27505.430911725183, 148, -1.0
27505.899244469194, 154, 1.0
27507.58396236677, 35, -1.0
27510.258248763726, 101, -1.0
27514.013540389176, 154, 1.0
27514.702704630035, 152, -1.0
27517.7453914505, 103, 1.0
27523.278523738074, 152, 1.0
27523.322364864696, 152, -1.0
27528.727769446392, 44, -1.0
27535.512875616398, 152, -1.0
27536.810558375786, 75, 1.0
27539.898077028174, 154, -1.0
27542.06920955598, 152, 1.0
27542.198205883655, 103, 1.0
27546.021664404823, 75, 1.0
27547.680227799094, 154, 1.0
27548.487316896513, 101, -1.0
27559.41182142662, 154, 1.0
27561.901133607567, 154, 1.0
27574.23999923507, 152, -1.0
27582.379007855783, 35, -1.0
27586.136987495353, 35, -1.0
27587.798846412366, 103, 1.0
27590.078468924323, 103, 1.0
27590.31782457235, 35, 1.0
27594.133440986727, 101, -1.0
27595.833320137208, 103, 1.0
27596.616250246032, 75, 1.0
27603.30259575115, 152, -1.0
27605.627065203626, 44, -1.0
27616.266136357965, 35, -1.0
27617.784361241083, 101, -1.0
27619.178761221767, 154, -1.0
27620.78056815371, 148, -1.0
27625.67528718773, 75, -1.0
27626.35130646737, 103, -1.0
27629.309981275423, 152, 1.0
27631.63315263108, 35, -1.0
27648.963241224934, 152, -1.0
27654.236686416494, 35, -1.0
27658.37746022715, 152, 1.0
27672.393834922903, 35, -1.0
27673.391370256584, 101, 1.0
27677.417694190204, 148, -1.0
27677.679670059348, 75, -1.0
27678.025445286847, 154, 1.0
27680.53527745344, 148, -1.0
27681.98855438064, 152, -1.0
27688.395811460592, 152, 1.0
27689.265198069323, 35, -1.0
27691.658264256996, 152, -1.0
27692.95817962439, 103, 1.0
27695.21084718885, 35, 1.0
27696.955689274186, 75, -1.0
27698.578433833132, 152, -1.0
27702.842569376964, 152, -1.0
27703.759058246982, 103, 1.0
27707.650182382527, 44, -1.0
27714.400168114305, 101, 1.0
27715.876551227953, 148, -1.0
27717.418687362195, 152, 1.0
27720.432036795955, 35, -1.0
27729.452608517306, 35, -1.0
27731.12668399492, 101, 1.0
27741.36617251564, 35, 1.0
27742.46298642143, 44, -1.0
27749.294801071075, 148, -1.0
27752.49194888741, 103, 1.0
27755.195506008513, 44, -1.0
27763.91246670272, 35, -1.0
27773.662640785988, 35, -1.0
27776.623994578797, 101, -1.0
27779.507449604604, 44, -1.0
27780.01973467834, 75, 1.0
27789.704648093582, 101, 1.0
27791.264290504023, 75, 1.0
27801.475624805425, 103, -1.0
27805.030282187916, 148, -1.0
27812.770893649355, 154, 1.0
27827.72965857964, 35, -1.0
27829.952789187548, 148, -1.0
27835.178089421588, 103, 1.0
27838.676728026046, 75, 1.0
27838.85191844915, 154, -1.0
27846.904333995615, 44, -1.0
27847.81465038099, 101, -1.0
27854.824866785602, 103, 1.0
27856.564963674784, 75, 1.0
27862.23567264538, 103, 1.0
27871.09652173592, 44, -1.0
27877.734451489494, 154, -1.0
27883.809648956645, 148, -1.0
27888.313133313146, 101, -1.0
27893.752367307414, 152, -1.0
27894.961928049554, 152, -1.0
27895.54841218215, 35, 1.0
27896.88835773727, 103, 1.0
27899.728352760823, 75, -1.0
27900.340023990015, 152, 1.0
27905.796855629334, 154, 1.0
27907.366044893202, 152, -1.0
27908.915814194806, 148, -1.0
27910.701452793557, 35, -1.0
27915.315223977537, 101, -1.0
27919.957775273364, 103, -1.0
27922.560666145568, 75, 1.0
27922.65350231867, 101, 1.0
27926.8757335412, 103, 1.0
27944.444140321044, 154, 1.0
27948.83325279444, 35, 1.0
27949.75641296902, 101, 1.0
27952.165743897156, 101, -1.0
27959.640562199325, 44, -1.0
27967.625230789596, 101, -1.0
27976.974386088586, 152, -1.0
27977.417185215043, 44, 1.0
27980.44946643937, 35, -1.0
28005.57869880592, 148, -1.0
28006.758059730808, 101, -1.0
28007.387843826058, 103, 1.0
28008.052141608277, 35, -1.0
28008.11739096744, 148, -1.0
28021.07887668865, 101, 1.0
28024.25097743126, 103, -1.0
28024.784551201807, 44, -1.0
28027.809906735743, 148, -1.0
28027.952612049965, 152, -1.0
28029.08620150901, 35, -1.0
28029.69778387726, 75, 1.0
28030.095858774355, 148, -1.0
28030.3760031541, 154, 1.0
28036.753408433808, 152, -1.0
28048.482603018296, 75, -1.0
28052.080431991413, 44, -1.0
28055.52146454823, 103, 1.0
28056.179981645295, 103, 1.0
28056.269882093216, 103, 1.0
28058.590757601956, 101, 1.0
28067.515046565215, 101, 1.0
28072.69994337158, 44, -1.0
28081.30075453342, 101, 1.0
28081.90841332962, 75, 1.0
28083.668880133104, 152, 1.0
28089.81084864591, 103, 1.0
28092.216268512908, 35, -1.0
28098.617656278646, 35, -1.0
28112.153493387086, 35, -1.0
28114.197225890275, 75, -1.0
28119.179210193986, 152, -1.0
28120.193943081933, 44, 1.0
28122.377623325654, 35, -1.0
28125.591981996517, 35, -1.0
28126.304248208464, 148, -1.0
28130.054278068335, 103, 1.0
28136.31006025417, 75, -1.0
28137.686760989392, 152, -1.0
28140.2013815098, 35, -1.0
28141.161304497662, 103, 1.0
28149.34907922324, 148, -1.0
28149.43834062851, 101, -1.0
28149.82058872742, 75, -1.0
28160.835131177657, 101, -1.0
28164.95001104258, 75, -1.0
28166.37245780424, 75, 1.0
28174.21951036788, 154, -1.0
28175.770155367347, 152, -1.0
28175.989581352238, 35, -1.0
28176.67413788124, 75, -1.0
28177.44178439703, 103, 1.0
28182.237224011795, 148, -1.0
28185.33084440254, 35, -1.0
28189.53639287786, 75, 1.0
28190.292903105936, 103, 1.0
28193.10640830695, 103, 1.0
28195.9783988371, 103, 1.0
28199.732421194178, 35, 1.0
28199.87357398446, 148, -1.0
28201.57819274598, 154, 1.0
28201.92900010529, 101, -1.0
28202.301896606834, 35, -1.0
28202.486112646122, 103, 1.0
28205.952330825156, 103, 1.0
28210.45652988933, 152, -1.0
28212.888035398373, 101, 1.0
28218.475820748507, 152, 1.0
28223.206068024618, 75, 1.0
28225.915223525975, 152, -1.0
28227.459284671393, 35, -1.0
28233.235016785606, 152, 1.0
28233.539441055476, 103, -1.0
28240.252205808276, 75, 1.0
28248.720208711922, 101, 1.0
28261.400008767152, 148, -1.0
28270.128927261165, 35, -1.0
28270.882976673434, 148, -1.0
28271.64388097525, 103, 1.0
28271.928210767375, 154, 1.0
28272.47141251508, 103, 1.0
28276.975886129854, 44, -1.0
28285.46553004257, 75, 1.0
28285.48492332383, 154, 1.0
28287.535671817546, 35, -1.0
28299.22960381188, 101, 1.0
28304.338255081428, 148, -1.0
28306.94045486723, 35, 1.0
28309.25848360364, 35, -1.0
28321.578778676565, 154, 1.0
28323.84737922896, 75, -1.0
28329.08114659915, 152, -1.0
28333.94766845008, 75, -1.0
28334.597166586955, 75, 1.0
28337.535529561468, 75, 1.0
28346.15441326169, 44, -1.0
28348.24082371477, 101, -1.0
28348.404498337888, 44, -1.0
28348.622671161098, 44, -1.0
28357.97963484374, 148, -1.0
28359.27366973677, 148, -1.0
28359.90824207459, 154, 1.0
28360.41372234436, 154, 1.0
28378.362456935538, 35, -1.0
28380.01887498039, 75, 1.0
28380.460493573282, 103, 1.0
28381.903546800986, 152, -1.0
28384.820848042586, 152, -1.0
28385.926092393518, 101, -1.0
28390.10046925259, 103, 1.0
28390.32180172029, 152, -1.0
28413.36526292669, 152, -1.0
28419.495983015404, 101, 1.0
28423.09086261511, 148, -1.0
28424.111084732278, 101, 1.0
28426.63406888187, 75, -1.0
28428.801243213748, 152, -1.0
28430.440970317737, 152, -1.0
28433.122306705736, 154, -1.0
28433.741719179692, 154, -1.0
28437.693261062006, 152, -1.0
28453.59648182941, 75, -1.0
28455.64951494085, 44, -1.0
28455.705095397858, 101, -1.0
28458.204128979385, 44, -1.0
28462.868849707243, 35, -1.0
28466.130052234577, 152, -1.0
28471.993023276595, 103, 1.0
28475.23683410821, 154, 1.0
28476.56260560165, 101, -1.0
28479.163361645675, 35, -1.0
28482.27146224254, 101, 1.0
28483.997705261816, 148, -1.0
28487.14680009106, 103, 1.0
28487.416448537977, 75, -1.0
28491.768766270616, 101, 1.0
28497.768892441127, 103, 1.0
28507.250801599803, 154, -1.0
28508.510062283516, 103, 1.0
28509.95285435472, 154, -1.0
28526.499700378045, 101, -1.0
28531.004988142562, 103, -1.0
28540.180602805744, 152, -1.0
28546.11878337233, 35, -1.0
28548.13676042061, 35, -1.0
28548.363932960616, 152, -1.0
28549.319109933305, 101, -1.0
28550.668321125977, 35, -1.0
28551.23605272218, 101, -1.0
28551.398156710406, 35, -1.0
28553.41124430814, 35, -1.0
28558.22774904909, 35, -1.0
28562.830618583474, 154, 1.0
28564.471097184043, 154, 1.0
28573.897305139275, 35, -1.0
28575.31832211113, 35, -1.0
28592.488463559806, 148, -1.0
28594.920197292184, 101, 1.0
28595.48953986457, 103, 1.0
28598.642078761593, 35, -1.0
28599.89751797802, 148, -1.0
28601.4764248886, 103, 1.0
28607.558161872163, 35, -1.0
28609.017643598665, 103, -1.0
28610.587139934676, 103, 1.0
28625.138320046517, 35, -1.0
28625.605395926606, 154, -1.0
28626.717932269312, 101, 1.0
28629.845548908466, 35, -1.0
28633.270348852184, 103, -1.0
28635.7911288541, 148, -1.0
28645.43479538531, 44, 1.0
28645.730083090173, 101, 1.0
28648.05454916962, 154, 1.0
28650.586404619044, 35, -1.0
28655.57002084318, 35, -1.0
28656.501305028083, 154, 1.0
28661.31629538368, 44, -1.0
28665.946145083668, 103, 1.0
28667.201479455005, 103, 1.0
28668.62231776774, 103, 1.0
28670.781255830785, 154, 1.0
28670.861734875274, 148, -1.0
28671.04288410033, 154, 1.0
28674.335488252367, 103, 1.0
28680.058774089845, 75, 1.0
28683.21201182118, 44, -1.0
28685.563438057052, 44, -1.0
28686.05976421498, 152, -1.0
28692.711624356933, 35, -1.0
28692.943740409, 148, -1.0
28697.67704621001, 148, -1.0
28709.144480614985, 75, 1.0
28709.71151640744, 154, -1.0
28717.89359422698, 148, -1.0
28721.750965110048, 152, 1.0
28726.11568493443, 75, 1.0
28730.298603303414, 148, -1.0
28732.601452670282, 152, -1.0
28743.70870183825, 44, -1.0
28744.262720291325, 75, -1.0
28747.32247404945, 148, -1.0
28759.370596880686, 35, -1.0
28759.410055548462, 35, -1.0
28768.325952067855, 35, -1.0
28777.466112832528, 75, 1.0
28782.489440422385, 154, 1.0
28784.69426481927, 103, 1.0
28788.215710956665, 44, -1.0
28788.934817539237, 152, -1.0
28789.515347208264, 75, 1.0
28792.493016449054, 154, 1.0
28795.354540431872, 35, -1.0
28795.694378963788, 101, -1.0
28799.60536364129, 35, -1.0
28809.887812523048, 101, -1.0
28811.101422933167, 148, 1.0
28816.622080014018, 101, 1.0
28818.602000374685, 148, -1.0
28825.574039760817, 75, 1.0
28831.940999938564, 75, 1.0
28843.38138733962, 101, 1.0
28844.2476499645, 75, -1.0
28854.123794911968, 75, 1.0
28861.956957538456, 154, -1.0
28868.546268050566, 44, -1.0
28880.023003154933, 101, 1.0
28883.00792315537, 152, -1.0
28891.17762001972, 44, -1.0
28893.449599531912, 75, 1.0
28894.377668814956, 152, 1.0
28897.82420630333, 103, 1.0
28901.643013045235, 75, -1.0
28916.118252757115, 35, -1.0
28919.822554268314, 101, 1.0
28920.760862370254, 75, -1.0
28922.199863467664, 103, 1.0
28927.703526225054, 101, 1.0
28931.328518667287, 101, 1.0
28937.612934888486, 154, -1.0
28939.270975442087, 35, -1.0
28939.457710156767, 152, -1.0
28940.205186245672, 152, 1.0
28947.76302221951, 103, 1.0
28952.585056970267, 75, 1.0
28957.342237882498, 103, 1.0
28965.968064111206, 75, 1.0
28968.79034197399, 101, 1.0
28972.882905431827, 101, 1.0
28973.927824954215, 35, 1.0
28974.58655454898, 35, -1.0
28978.05281832328, 101, -1.0
28982.753295356084, 103, 1.0
28982.803955316755, 35, -1.0
28985.936458208835, 148, -1.0
28986.28517401778, 152, -1.0
28987.37491017768, 101, -1.0
29003.218437635613, 152, 1.0
29009.480096008243, 35, -1.0
29030.811197238058, 44, 1.0
29031.252155818485, 152, -1.0
29034.48797110417, 152, -1.0
29036.044129394897, 103, 1.0
29048.86555973251, 101, -1.0
29052.01539906707, 35, -1.0
29060.323429961536, 103, -1.0
29064.725654425245, 103, 1.0
29076.54359303836, 148, 1.0
29078.41222888187, 75, 1.0
29080.122845457725, 44, -1.0
29086.986361227348, 103, 1.0
29087.554740384116, 103, 1.0
29093.149901813737, 75, -1.0
29094.768506121007, 103, 1.0
29096.025141406128, 75, -1.0
29097.39911407848, 103, 1.0
29103.620133069264, 44, -1.0
29105.425699152314, 35, -1.0
29110.616094810288, 154, -1.0
29113.08931813639, 35, -1.0
29115.846447950702, 101, 1.0
29125.648954021013, 44, -1.0
29132.386534258, 101, -1.0
29133.35614642211, 103, 1.0
29152.6678640548, 152, 1.0
29155.613989789497, 101, -1.0
29155.83968320167, 152, -1.0
29162.471772663954, 75, 1.0
29163.40333018385, 103, 1.0
29165.433921642103, 152, -1.0
29168.31276908698, 103, 1.0
29171.13243704, 103, 1.0
29171.442142275628, 148, -1.0
29171.73418618375, 148, -1.0
29172.748448131235, 103, 1.0
29174.46927689024, 44, -1.0
29187.276573846353, 103, 1.0
29191.55824410146, 101, 1.0
29208.189218993168, 101, -1.0
29209.519276768315, 35, 1.0
29220.58472477816, 35, -1.0
29221.1998197211, 152, -1.0
29223.793755888328, 152, -1.0
29232.79202829324, 44, -1.0
29239.468106736742, 154, -1.0
29256.75329007445, 103, 1.0
29260.509695674322, 103, 1.0
29274.884745168667, 101, 1.0
29276.6816909402, 103, 1.0
29289.689020761485, 75, 1.0
29297.283891519837, 103, 1.0
29301.168932715413, 101, -1.0
29302.139574565463, 44, -1.0
29307.93353185156, 75, -1.0
29308.166464802714, 101, 1.0
29309.085039979225, 148, -1.0
29318.772602834724, 44, -1.0
29320.992635487553, 152, -1.0
29345.286343000313, 152, 1.0
29358.22774564031, 35, -1.0
29358.986471851913, 35, -1.0
29367.30036878682, 75, 1.0
29369.567726159145, 44, 1.0
29378.591930236274, 152, -1.0
29382.955292855146, 152, 1.0
29386.131019322478, 35, -1.0
29387.53133102723, 44, -1.0
29399.749368239518, 103, 1.0
29411.426561315162, 101, 1.0
29413.588712549397, 75, 1.0
29436.670678663075, 75, 1.0
29441.123280314674, 148, 1.0
29448.149506298934, 152, -1.0
29449.39212162719, 103, 1.0
29453.697904277335, 152, -1.0
29453.84589792064, 101, 1.0
29457.95112957511, 101, 1.0
29460.9434358268, 75, -1.0
29461.137872505482, 101, 1.0
29471.979211711972, 44, -1.0
29472.095457138174, 35, 1.0
29474.377052697495, 101, -1.0
29488.08236101689, 101, -1.0
29491.871940452453, 103, 1.0
29502.762260786094, 44, -1.0
29504.98277124152, 103, 1.0
29516.163099060053, 103, 1.0
29520.48537252588, 103, 1.0
29525.392639724996, 148, -1.0
29528.74676449008, 148, -1.0
29528.82860426141, 75, -1.0
29529.736051728465, 148, -1.0
29532.27443061743, 154, -1.0
29533.014379412805, 75, -1.0
29534.5640234644, 101, -1.0
29536.451194934052, 35, -1.0
29538.69918301078, 75, -1.0
29545.034926160057, 101, 1.0
29547.647327260664, 75, -1.0
29553.901989354476, 75, 1.0
29555.92929324972, 101, 1.0
29556.727423544282, 148, -1.0
29558.554928385027, 103, 1.0
29561.38808998036, 75, 1.0
29562.86531175236, 152, -1.0
29567.546553749704, 75, 1.0
29573.022285287185, 103, 1.0
29577.025603623122, 44, -1.0
29582.347579455636, 101, -1.0
29587.832494108672, 35, -1.0
29588.800362193193, 101, 1.0
29589.141193432537, 44, -1.0
29593.079726058128, 148, -1.0
29595.485912046242, 75, 1.0
29596.76043851079, 101, -1.0
29598.101715237528, 148, -1.0
29604.599158498397, 75, 1.0
29611.940760362733, 101, -1.0
29612.601218095155, 148, -1.0
29612.696008051447, 44, -1.0
29615.975127003792, 154, -1.0
29621.254276017946, 44, -1.0
29638.842019733063, 75, 1.0
29645.216650310198, 154, -1.0
29651.372282132925, 101, -1.0
29661.39096762632, 103, 1.0
29668.969306568946, 44, -1.0
29672.00214996264, 101, -1.0
29679.382447140808, 148, -1.0
29681.307857687865, 154, -1.0
29687.47282145177, 152, -1.0
29688.17929716096, 75, 1.0
29695.054432750287, 152, -1.0
29697.312180962756, 154, -1.0
29699.51071382487, 148, 1.0
29703.748782088038, 148, -1.0
29705.611380346083, 152, -1.0
29716.34068267995, 103, -1.0
29716.724151868104, 103, 1.0
29720.810969419646, 44, -1.0
29720.936749307937, 152, -1.0
29721.062762153862, 154, -1.0
29721.15457548103, 103, 1.0
29727.64502737122, 35, -1.0
29730.801160320032, 75, -1.0
29737.32640137039, 44, -1.0
29744.402658196974, 103, 1.0
29744.895579889144, 35, -1.0
29752.677900824398, 101, -1.0
29753.128419039407, 103, 1.0
29754.462781230435, 152, -1.0
29757.488466532854, 44, -1.0
29758.312688785627, 103, -1.0
29765.292780415057, 101, 1.0
29765.61940256751, 103, 1.0
29770.3781850604, 101, 1.0
29778.15724633457, 75, -1.0
29782.312869267767, 35, -1.0
29818.943706558817, 75, 1.0
29819.645129210887, 103, 1.0
29835.36443968872, 44, -1.0
29835.528126466437, 152, -1.0
29838.394253349412, 75, -1.0
29838.877874238242, 101, 1.0
29841.347043089463, 103, 1.0
29842.27383419447, 44, -1.0
29843.58926273673, 75, 1.0
29845.10567268933, 152, 1.0
29850.58398810518, 148, -1.0
29853.03342373473, 101, 1.0
29858.243607769404, 152, -1.0
29869.665866079733, 44, -1.0
29871.62668881707, 44, -1.0
29873.034029131453, 103, 1.0
29877.19275764766, 101, -1.0
29883.338021057687, 101, -1.0
29884.08325304558, 35, -1.0
29884.364458436055, 148, -1.0
29884.41352364633, 154, -1.0
29887.742118113347, 101, 1.0
29890.171048171804, 101, -1.0
29893.186587920987, 152, -1.0
29901.431610349133, 101, 1.0
29912.499026552807, 103, 1.0
29914.238705402622, 44, -1.0
29914.63527264963, 101, 1.0
29922.466983307862, 152, 1.0
29923.345282437083, 103, 1.0
29931.737360137195, 101, -1.0
29937.12099894708, 35, -1.0
29938.590183264976, 101, 1.0
29945.673283680382, 154, -1.0
29949.038913726257, 101, 1.0
29951.002644950502, 148, -1.0
29953.384846184093, 103, 1.0
29953.75400426236, 101, -1.0
29955.22278264034, 35, -1.0
29959.021875840677, 152, 1.0
29960.253907576367, 75, -1.0
29967.96991378876, 101, -1.0
29984.51580068252, 101, -1.0
29987.65184354431, 101, 1.0
29994.987331833145, 152, -1.0
29999.80914216024, 101, -1.0
30000.152422431765, 75, -1.0
30002.22668509869, 154, -1.0
30003.875708284846, 101, -1.0
30007.837336305103, 75, 1.0
30010.779337947206, 103, 1.0
30011.370489385616, 103, 1.0
30013.12207846817, 101, 1.0
30014.054618133356, 103, 1.0
30015.81214948596, 148, -1.0
30021.253872406516, 152, 1.0
30027.23033083595, 101, -1.0
30031.109915816734, 101, 1.0
30038.802196762, 103, 1.0
30041.359025220034, 148, -1.0
30050.380717077358, 101, 1.0
30054.22688219237, 101, -1.0
30062.5986270502, 75, 1.0
30077.137176983062, 44, 1.0
30082.506674111668, 44, 1.0
30084.85544645362, 75, 1.0
30089.92794446453, 75, 1.0
30094.71665079057, 101, 1.0
30100.037534719573, 152, -1.0
30103.50635168894, 152, -1.0
30103.722776313727, 75, 1.0
30109.162040280826, 103, 1.0
30121.463215930456, 148, -1.0
30131.70848166875, 44, -1.0
30153.830557041143, 152, 1.0
30157.323829973182, 148, -1.0
30165.586327751083, 103, 1.0
30176.071646471526, 101, 1.0
30178.083024666263, 152, -1.0
30184.679857770592, 75, 1.0
30188.278609060748, 154, -1.0
30190.091100031947, 148, -1.0
30190.411240736837, 44, -1.0
30200.80428203816, 152, 1.0
30202.156337604305, 101, 1.0
30208.43199309321, 75, 1.0
30212.906163697324, 44, -1.0
30213.46197097697, 103, 1.0
30217.94318128424, 44, -1.0
30218.790790799114, 152, -1.0
30220.43926279218, 44, -1.0
30224.236973686868, 35, -1.0
30225.841500337905, 44, 1.0
30230.524190475036, 103, 1.0
30238.297447359862, 154, -1.0
30238.997436742604, 152, -1.0
30253.538900739586, 103, 1.0
30256.605052192466, 75, 1.0
30257.019880728552, 101, 1.0
30267.60861528765, 101, -1.0
30272.186130966762, 44, -1.0
30272.787763432225, 101, -1.0
30276.413648238395, 152, -1.0
30276.856664595576, 148, 1.0
30282.9765042401, 101, -1.0
30283.111934384295, 35, -1.0
30287.235909832172, 152, -1.0
30302.631326023296, 75, -1.0
30308.922969758925, 148, -1.0
30309.991265151017, 44, 1.0
30320.519291302688, 103, 1.0
30325.01967944717, 101, 1.0
30329.414332737615, 101, 1.0
30336.83892606416, 101, -1.0
30338.58695905137, 101, 1.0
30340.592450045566, 75, -1.0
30342.055643511354, 103, 1.0
30344.476072549005, 101, 1.0
30349.675777433873, 154, -1.0
30361.052325552693, 152, -1.0
30368.18081575728, 101, -1.0
30369.790018079388, 44, -1.0
30378.508089178278, 148, -1.0
30382.03742879565, 152, -1.0
30403.166865641117, 75, -1.0
30403.868023260013, 103, 1.0
30404.99223596045, 103, 1.0
30406.225791444213, 103, 1.0
30411.576342233522, 103, 1.0
30411.856909209368, 101, 1.0
30420.32437890292, 148, -1.0
30431.228013967753, 152, -1.0
30431.93323557993, 101, 1.0
30443.148377995934, 148, -1.0
30453.52078175034, 101, -1.0
30458.03091684484, 75, -1.0
30459.790394349835, 101, 1.0
30464.42622676678, 101, -1.0
30466.869320838934, 101, 1.0
30470.16077024309, 101, 1.0
30480.32765063364, 75, 1.0
30487.206777511827, 44, 1.0
30487.54373049581, 101, 1.0
30494.501056666188, 101, 1.0
30495.31839316251, 101, 1.0
30497.53203436199, 75, 1.0
30499.31353425313, 35, -1.0
30499.75386245339, 75, 1.0
30499.904924635815, 75, 1.0
30500.483225642747, 44, 1.0
30501.26590821118, 101, -1.0
30503.506788839168, 75, 1.0
30509.19610426882, 101, 1.0
30513.394475776935, 148, -1.0
30522.24136215611, 75, 1.0
30527.72795234211, 101, 1.0
30533.179118042604, 103, 1.0
30534.498385319705, 154, -1.0
30539.64758448757, 154, -1.0
30544.83846613156, 103, -1.0
30562.896154069316, 154, -1.0
30564.24557144757, 103, 1.0
30585.20211812959, 103, 1.0
30600.251141850735, 101, -1.0
30603.165594852442, 44, -1.0
30604.681849971606, 44, -1.0
30605.28616847295, 35, 1.0
30608.724165528343, 103, 1.0
30615.83932170417, 75, -1.0
30619.613253102714, 101, 1.0
30621.455774274473, 103, 1.0
30623.647073124946, 44, -1.0
30635.349618539844, 75, 1.0
30638.990749314587, 148, -1.0
30651.58420948093, 152, -1.0
30651.639040401762, 103, 1.0
30652.266663727714, 101, 1.0
30656.243307248053, 75, -1.0
30656.3806052122, 75, 1.0
30664.51247574508, 75, 1.0
30664.849424966364, 75, -1.0
30668.19011729309, 101, 1.0
30691.131778280687, 148, -1.0
30694.458784160546, 101, -1.0
30701.624662768805, 154, -1.0
30710.185855547603, 101, 1.0
30711.26443015006, 152, -1.0
30712.91279028048, 101, -1.0
30714.72017601746, 103, -1.0
30722.286484548928, 101, 1.0
30722.987004581224, 103, 1.0
30728.829854124837, 103, 1.0
30732.137540291, 75, 1.0
30733.09483933076, 152, -1.0
30733.20902423091, 148, -1.0
30733.95438807514, 101, 1.0
30735.42682623674, 75, 1.0
30736.936934789723, 44, -1.0
30738.993027910496, 44, -1.0
30742.391769504895, 101, -1.0
30747.00135168471, 44, -1.0
30756.57658740975, 101, 1.0
30764.533737522772, 101, 1.0
30765.747027787376, 44, -1.0
30779.614382369768, 103, -1.0
30779.94696735427, 101, -1.0
30781.796193094837, 152, -1.0
30787.28423128467, 103, 1.0
30787.707212637684, 75, -1.0
30794.24470257746, 75, 1.0
30798.166836959655, 103, 1.0
30799.126274461443, 148, -1.0
30802.183881950095, 101, 1.0
30809.17016400951, 35, -1.0
30815.126274121678, 44, -1.0
30816.01774883442, 35, -1.0
30824.642115408777, 154, -1.0
30827.129401667138, 75, -1.0
30828.820638395493, 101, 1.0
30831.39303605049, 152, -1.0
30837.32964504399, 154, -1.0
30841.429625116158, 148, -1.0
30858.32890091338, 148, -1.0
30871.078086423342, 44, 1.0
30872.93853182599, 103, 1.0
30874.11036262032, 35, -1.0
30879.106995438426, 44, -1.0
30881.36793542115, 44, -1.0
30889.13309494745, 101, 1.0
30893.746746437166, 148, -1.0
30900.448898937022, 152, 1.0
30902.842302817917, 152, -1.0
30902.999860701893, 35, -1.0
30903.16100889037, 101, 1.0
30909.695875571255, 101, 1.0
30910.1324143929, 152, -1.0
30932.494789671407, 103, 1.0
30933.773297604523, 148, -1.0
30936.709530245276, 154, -1.0
30939.011368372725, 35, -1.0
30941.90757601395, 103, 1.0
30949.618938771393, 75, 1.0
30950.57046212339, 101, -1.0
30959.153815288864, 148, -1.0
30964.635413490363, 101, 1.0
30970.415844286017, 148, 1.0
30974.5664126232, 75, -1.0
30976.094525778484, 101, -1.0
30978.460533229936, 103, 1.0
30986.26961944647, 101, -1.0
30988.081617935248, 35, 1.0
31008.235426681877, 35, -1.0
31013.3948869762, 75, 1.0
31020.18519551143, 101, -1.0
31022.01386862431, 148, -1.0
31024.983586266117, 152, -1.0
31030.224871768216, 103, 1.0
31037.282736158515, 103, 1.0
31040.625062001003, 152, -1.0
31049.717375214885, 75, 1.0
31051.031655280633, 101, 1.0
31056.211811015135, 103, 1.0
31067.83852120054, 101, 1.0
31078.649655736812, 103, 1.0
31082.570751349653, 152, -1.0
31086.359181646123, 75, 1.0
31087.09428904232, 103, 1.0
31105.371203045393, 103, 1.0
31115.32209154648, 35, -1.0
31116.831691207783, 101, 1.0
31125.167114605993, 35, -1.0
31131.539496622885, 35, 1.0
31132.96325819052, 152, -1.0
31138.616106180107, 44, -1.0
31146.167477305753, 148, 1.0
31147.391051250033, 101, 1.0
31155.866547619422, 101, 1.0
31158.37602254924, 152, -1.0
31158.519133921494, 44, -1.0
31159.876041426938, 75, 1.0
31161.67890355497, 101, -1.0
31174.36253714199, 103, -1.0
31182.769341672625, 148, -1.0
31186.322238775025, 148, -1.0
31187.563869895966, 101, 1.0
31190.253514666874, 103, 1.0
31198.97559257635, 35, -1.0
31205.91225330567, 75, 1.0
31207.209221042755, 35, -1.0
31211.88853565183, 101, 1.0
31216.276588541972, 44, -1.0
31218.720286240787, 154, -1.0
31221.79327349863, 154, -1.0
31227.031337367556, 44, -1.0
31232.529079767683, 101, -1.0
31239.947422096848, 44, -1.0
31241.923512140682, 75, -1.0
31245.820317232196, 148, -1.0
31262.57086600232, 152, -1.0
31264.72316700906, 103, 1.0
31265.502743343, 44, -1.0
31270.87840573489, 75, 1.0
31281.11716931568, 101, 1.0
31285.94107236032, 75, -1.0
31288.088078131943, 75, 1.0
31288.746958940843, 103, 1.0
31289.920465272233, 75, 1.0
31294.310414332096, 35, -1.0
31319.9304293729, 75, -1.0
31319.940333458453, 44, -1.0
31320.80701640963, 152, -1.0
31322.73946000088, 103, 1.0
31329.599338364846, 103, 1.0
31338.741021620244, 101, -1.0
31342.04506171021, 75, 1.0
31345.419361851847, 148, -1.0
31347.636887520217, 35, -1.0
31349.842733108606, 75, 1.0
31354.837903271837, 75, -1.0
31361.28798867026, 148, -1.0
31371.620109264226, 75, 1.0
31373.290221451047, 75, -1.0
31376.36771453287, 101, 1.0
31381.48821364093, 152, -1.0
31399.087910343704, 101, 1.0
31411.760781487974, 101, -1.0
31412.995729191178, 152, -1.0
31425.25631077902, 103, 1.0
31428.632254037373, 152, 1.0
31429.23446978321, 101, -1.0
31431.910505104395, 103, 1.0
31433.17964360843, 103, 1.0
31438.87472283264, 152, -1.0
31441.834118369923, 101, 1.0
31447.54946297633, 101, 1.0
31449.65937540724, 101, 1.0
31455.257918526895, 103, 1.0
31456.562331591376, 148, -1.0
31458.103268572497, 35, 1.0
31459.26714673313, 44, 1.0
31462.763747593468, 75, 1.0
31469.204239226194, 75, 1.0
31474.793127792665, 103, 1.0
31476.12482678059, 103, 1.0
31476.165227257912, 75, 1.0
31488.125674802224, 101, -1.0
31491.488412693947, 44, -1.0
31492.827772628556, 44, 1.0
31506.07091416382, 101, 1.0
31510.96845588964, 101, 1.0
31511.029541634107, 35, 1.0
31516.692525867555, 152, -1.0
31524.00957102453, 148, -1.0
31526.688988187896, 103, -1.0
31527.12311122292, 152, -1.0
31528.59549559405, 103, 1.0
31530.390261991102, 103, 1.0
31533.361227102087, 103, 1.0
31538.312958573453, 101, -1.0
31544.587166938712, 35, -1.0
31552.21214642531, 75, 1.0
31557.920649110543, 148, -1.0
31558.411592729135, 154, -1.0
31561.01840124903, 44, -1.0
31562.49985734622, 101, -1.0
31571.069986858533, 103, 1.0
31586.124771472972, 35, -1.0
31591.207520973836, 101, -1.0
31597.42516265031, 75, -1.0
31605.541358439317, 103, 1.0
31608.758700377988, 44, -1.0
31623.74146966073, 35, -1.0
31627.18871779092, 152, 1.0
31630.577507578357, 103, 1.0
31634.48315613113, 152, -1.0
31639.140973978196, 152, -1.0
31642.535416348463, 35, -1.0
31648.69617471966, 101, -1.0
31648.70146512802, 101, 1.0
31648.911885944777, 148, 1.0
31652.592656354616, 148, -1.0
31665.903664630794, 44, -1.0
31675.7503527325, 103, 1.0
31680.74043371982, 35, 1.0
31691.607443958157, 152, 1.0
31692.58369161834, 152, -1.0
31709.58577855958, 75, 1.0
31710.052736119404, 75, 1.0
31712.06383296284, 75, 1.0
31712.16482382209, 152, 1.0
31720.502050336567, 148, 1.0
31727.45936781676, 75, 1.0
31730.36220998592, 152, 1.0
31737.25056175942, 154, -1.0
31739.004348031107, 103, 1.0
31744.46928320132, 148, -1.0
31751.022148171047, 101, -1.0
31756.31405879099, 44, -1.0
31786.48018644612, 148, -1.0
31796.21107785388, 75, 1.0
31802.590695719085, 103, 1.0
31803.48562232725, 101, -1.0
31807.716592536373, 103, 1.0
31807.967706781114, 44, -1.0
31808.392848395644, 152, -1.0
31830.59870206172, 101, 1.0
31834.768946878317, 75, 1.0
31835.957771949517, 75, 1.0
31840.793130356986, 148, 1.0
31845.725093540634, 35, -1.0
31858.254295803163, 44, -1.0
31861.33883458069, 101, 1.0
31870.80147700737, 35, -1.0
31873.708013760584, 101, -1.0
31874.75935646791, 44, -1.0
31878.80138489905, 103, 1.0
31882.2448842886, 148, -1.0
31895.000923260857, 75, 1.0
31898.596399828966, 103, 1.0
31912.77263778107, 101, 1.0
31924.94795283563, 152, -1.0
31926.21811819739, 44, -1.0
31928.191034160096, 103, 1.0
31930.007655786307, 101, 1.0
31930.063507012397, 44, 1.0
31951.816018932055, 148, -1.0
31952.21189902643, 101, 1.0
31973.74081195975, 75, -1.0
31978.337268062576, 44, -1.0
31981.33286289996, 44, -1.0
31990.20176242552, 101, -1.0
31995.825515014505, 103, 1.0
32000.84348962807, 154, -1.0
32003.070088666704, 103, 1.0
32003.7820113112, 75, 1.0
32005.957044943458, 152, 1.0
32007.774982786756, 101, 1.0
32008.834213892973, 44, -1.0
32011.71737177915, 101, -1.0
32043.783463146123, 101, -1.0
32052.348595447595, 152, 1.0
32053.375347256904, 103, 1.0
32053.60048194853, 101, 1.0
32055.600459010733, 101, 1.0
32060.353894563123, 101, 1.0
32061.521675982465, 154, -1.0
32064.487660127994, 152, -1.0
32066.60606150601, 75, -1.0
32075.887166641718, 101, 1.0
32080.321779581674, 101, 1.0
32081.8801120903, 75, -1.0
32088.490611138663, 103, 1.0
32103.674643955484, 44, -1.0
32111.022282070757, 35, -1.0
32117.937931774668, 44, -1.0
32122.726767934662, 103, 1.0
32129.981345484306, 152, 1.0
32133.455538655988, 103, 1.0
32147.22268199858, 44, -1.0
32158.152406866946, 75, 1.0
32164.049289270293, 148, 1.0
32167.687807231872, 101, -1.0
32171.284668288023, 103, 1.0
32172.428869160944, 75, 1.0
32179.18813949744, 103, 1.0
32186.596706232245, 103, 1.0
32200.27234203302, 35, -1.0
32219.14450479277, 101, -1.0
32220.065858172315, 101, 1.0
32220.426939319845, 103, 1.0
32223.89840392832, 154, -1.0
32226.040548464585, 44, -1.0
32230.295954235124, 44, 1.0
32233.40252572113, 75, 1.0
32239.749172397576, 101, -1.0
32241.812338802985, 103, 1.0
32244.691748375757, 75, 1.0
32249.435004998537, 101, 1.0
32267.474713848962, 75, 1.0
32272.265946324595, 101, 1.0
32273.195610898598, 75, -1.0
32274.681987998003, 103, 1.0
32274.936924375485, 152, -1.0
32280.773327114206, 152, -1.0
32283.267248493306, 152, -1.0
32289.65767790764, 75, 1.0
32294.179883681547, 101, 1.0
32297.19347584241, 101, -1.0
32298.528768975655, 75, -1.0
32298.84601916225, 35, -1.0
32299.15152769181, 101, -1.0
32300.261370927576, 154, -1.0
32300.471970153354, 75, -1.0
32302.392327180434, 148, -1.0
32304.792142171886, 148, -1.0
32306.034775612774, 103, 1.0
32318.3044866044, 152, -1.0
32327.970117088036, 101, 1.0
32329.94040841857, 101, 1.0
32330.862210682186, 101, 1.0
32331.298610817517, 75, 1.0
32334.626941252565, 44, -1.0
32337.006240453695, 101, 1.0
32339.98978146254, 44, -1.0
32346.50593226506, 101, 1.0
32356.063006545508, 148, -1.0
32358.80325462936, 101, 1.0
32365.038034041943, 152, -1.0
32371.35433771777, 35, -1.0
32371.813655870348, 101, -1.0
32373.90256616084, 75, 1.0
32383.74471125287, 44, -1.0
32388.53099523272, 101, -1.0
32390.581393278313, 103, 1.0
32391.298258137, 101, -1.0
32392.846095607016, 101, -1.0
32394.22205450786, 75, 1.0
32397.005322176214, 44, -1.0
32403.785324534896, 44, -1.0
32409.582700566054, 103, 1.0
32412.209177544813, 101, 1.0
32418.014579489092, 35, -1.0
32420.827912243036, 35, -1.0
32430.806064877594, 101, 1.0
32432.903964067562, 35, 1.0
32436.09391698541, 75, 1.0
32441.230394318445, 35, 1.0
32442.986793985117, 75, 1.0
32448.146575198538, 152, -1.0
32450.797998834398, 75, 1.0
32451.926729428007, 101, -1.0
32454.027796784445, 75, 1.0
32457.938652956807, 75, 1.0
32458.63013195014, 35, 1.0
32460.11576355574, 75, 1.0
32471.315814276662, 152, -1.0
32471.689591017675, 103, -1.0
32476.843170944827, 101, 1.0
32478.607438847823, 148, 1.0
32492.773551060513, 152, -1.0
32494.451566434225, 35, 1.0
32504.932135670777, 101, -1.0
32511.59869305083, 101, 1.0
32529.61709788638, 154, -1.0
32536.10083645438, 35, -1.0
32540.39043766083, 75, 1.0
32552.956606369058, 148, -1.0
32559.560991155005, 148, -1.0
32564.936291680868, 152, 1.0
32572.868380185944, 35, -1.0
32575.711922070164, 75, -1.0
32581.814297800014, 101, 1.0
32583.51912565652, 35, 1.0
32586.147460318287, 154, 1.0
32591.033200852515, 75, 1.0
32593.01670096391, 35, -1.0
32606.345418200024, 75, 1.0
32608.252726702874, 101, 1.0
32610.83435282445, 35, -1.0
32611.66636386181, 35, -1.0
32614.596703145708, 101, 1.0
32618.201148006432, 35, -1.0
32624.78847373796, 148, -1.0
32629.45597675336, 154, 1.0
32631.200080895203, 103, 1.0
32633.190375133487, 152, -1.0
32647.94824144999, 148, -1.0
32652.464165276633, 154, 1.0
32680.282134306664, 44, -1.0
32681.30613071556, 101, 1.0
32682.648188270632, 101, -1.0
32686.447427651496, 75, 1.0
32686.576091449835, 35, 1.0
32687.19911430387, 152, 1.0
32699.8573149943, 101, 1.0
32703.001498127225, 35, 1.0
32709.26359579373, 101, 1.0
32711.8447022449, 154, -1.0
32717.22134163142, 44, 1.0
32728.83550837139, 152, -1.0
32734.734834270683, 101, -1.0
32736.582272383304, 75, 1.0
32741.152281009792, 103, 1.0
32752.52553005718, 75, 1.0
32760.066704579873, 148, -1.0
32760.42005052507, 35, -1.0
32761.680830288282, 75, -1.0
32762.653385486436, 75, 1.0
32771.59757212165, 152, -1.0
32774.645037485025, 152, -1.0
32775.175358557695, 35, -1.0
32777.39085941717, 75, 1.0
32794.17313923515, 101, -1.0
32794.90193490734, 35, -1.0
32796.533304415374, 154, 1.0
32799.59867983039, 35, -1.0
32801.362441376994, 152, -1.0
32804.35235562308, 75, 1.0
32805.90192084194, 148, -1.0
32814.89721271764, 44, -1.0
32816.913477815106, 152, 1.0
32827.2484008489, 101, 1.0
32828.80706493894, 152, 1.0
32829.97373075968, 101, -1.0
32839.67506330203, 154, 1.0
32853.175166574605, 35, -1.0
32854.911836811414, 75, 1.0
32859.06835948959, 154, 1.0
32861.6042512526, 101, 1.0
32863.69380067435, 101, 1.0
32870.580569635764, 75, 1.0
32875.154926306466, 75, 1.0
32876.256702786304, 75, 1.0
32877.13847651776, 103, -1.0
32878.566008638845, 103, -1.0
32882.10001874951, 101, 1.0
32886.51896977516, 75, 1.0
32893.06733140372, 148, -1.0
32899.73909057073, 103, 1.0
32908.7934912478, 152, -1.0
32911.783670505545, 75, 1.0
32925.37438161166, 35, -1.0
32928.69789831188, 103, 1.0
32929.67209050187, 152, -1.0
32931.926516777276, 75, 1.0
32938.71561474115, 152, 1.0
32939.94262554043, 148, -1.0
32945.222020457666, 101, -1.0
32948.33588353866, 35, -1.0
32960.53824137859, 148, -1.0
32971.280821075095, 75, 1.0
32971.30446018833, 152, -1.0
32984.61194514003, 75, 1.0
32994.44101408777, 75, 1.0
32995.385176896874, 103, 1.0
33001.17553858064, 148, -1.0
33013.0072667501, 101, 1.0
33017.85038856606, 35, -1.0
33020.775657578655, 101, -1.0
33030.68028547142, 148, -1.0
33033.94116105317, 154, -1.0
33042.93228022337, 103, 1.0
33046.78046533954, 35, -1.0
33053.18327397169, 35, -1.0
33053.732247816726, 148, -1.0
33062.05110273137, 35, 1.0
33066.925645572075, 103, 1.0
33073.23236054618, 154, 1.0
33088.10690689535, 148, 1.0
33093.94413716302, 101, 1.0
33098.126114181854, 101, -1.0
33105.74355380456, 101, 1.0
33107.668671606276, 35, -1.0
33111.75068052503, 101, 1.0
33115.46043258057, 148, -1.0
33128.40663615567, 103, -1.0
33130.22279680421, 103, 1.0
33141.27307280537, 154, 1.0
33154.078714871925, 75, 1.0
33156.03916276729, 154, 1.0
33157.92734132681, 35, -1.0
33162.99063843428, 35, 1.0
33168.153549061055, 152, 1.0
33168.33516886514, 75, 1.0
33175.51311613884, 75, 1.0
33176.30659058443, 75, 1.0
33178.5151256639, 154, 1.0
33179.146258946676, 101, 1.0
33186.353452117066, 35, -1.0
33186.92496767521, 35, -1.0
33192.104239657594, 75, 1.0
33197.43207444618, 35, -1.0
33201.74643357971, 75, 1.0
33202.70856874038, 35, -1.0
33206.78133457874, 103, -1.0
33206.95131256117, 75, 1.0
33208.08049202661, 148, -1.0
33208.86272393643, 148, -1.0
33212.88145673708, 44, -1.0
33216.94738842613, 35, -1.0
33217.435652643726, 44, -1.0
33218.655012146555, 101, -1.0
33219.7284706652, 152, -1.0
33220.055471147796, 103, 1.0
33220.73144555561, 152, -1.0
33221.34800085521, 152, 1.0
33222.81820353492, 75, -1.0
33223.288053755154, 148, 1.0
33235.98258808936, 101, -1.0
33241.970726172, 75, -1.0
33246.621288156224, 103, 1.0
33249.12723648836, 101, -1.0
33257.8210972005, 75, 1.0
33258.408120422544, 101, 1.0
33261.36152504607, 75, -1.0
33269.74775471124, 148, -1.0
33271.21826297395, 148, -1.0
33274.92909031627, 152, 1.0
33275.08498639426, 75, 1.0
33277.7952804175, 101, 1.0
33291.789826348635, 152, -1.0
33292.298710274816, 103, -1.0
33292.82755538922, 148, -1.0
33298.02249285445, 152, 1.0
33315.416121742055, 103, 1.0
33316.37194550552, 75, 1.0
33329.073410140256, 75, -1.0
33331.0253731286, 154, 1.0
33336.5667767536, 152, 1.0
33350.499591084226, 75, 1.0
33355.60740144773, 35, 1.0
33356.2090142569, 148, -1.0
33356.91188829236, 103, -1.0
33357.01262956057, 75, 1.0
33359.13042518375, 148, -1.0
33360.49023580777, 101, 1.0
33362.643024452336, 75, -1.0
33362.744632739545, 152, -1.0
33371.37580960324, 152, -1.0
33375.49446946244, 103, 1.0
33376.64825712668, 154, 1.0
33381.099530365376, 101, 1.0
33384.516193117845, 152, -1.0
33388.78968477151, 35, 1.0
33392.243915308776, 75, -1.0
33396.373859675376, 152, 1.0
33398.62959849654, 75, 1.0
33401.393631362575, 35, -1.0
33403.62068153189, 148, -1.0
33414.903616641124, 75, 1.0
33423.212407546634, 148, -1.0
33433.98778564941, 101, 1.0
33434.11454684832, 101, -1.0
33442.650713129675, 75, 1.0
33455.20005577592, 101, 1.0
33456.72342816299, 35, 1.0
33476.62127431082, 35, 1.0
33489.30719215235, 75, 1.0
33498.49897266574, 154, 1.0
33501.93540475885, 154, 1.0
33506.120594900516, 35, -1.0
33515.971809067225, 101, 1.0
33518.51574901592, 101, 1.0
33520.80814407181, 75, 1.0
33520.9833401334, 35, 1.0
33527.6252386597, 35, -1.0
33530.15191261759, 75, 1.0
33538.12936207351, 75, -1.0
33538.821761119936, 148, -1.0
33541.24078071126, 101, 1.0
33559.48871041958, 103, 1.0
33570.07833839763, 101, -1.0
33572.66412980103, 75, 1.0
33578.34623932283, 103, 1.0
33584.730388970784, 75, -1.0
33595.36766295444, 101, -1.0
33596.180438889394, 75, 1.0
33596.2921978282, 75, 1.0
33596.596926236365, 35, -1.0
33596.715198596896, 75, 1.0
33598.077195547296, 101, 1.0
33604.55500053564, 148, -1.0
33606.730647663324, 44, 1.0
33638.30922085376, 103, 1.0
33639.970821519295, 44, 1.0
33645.24443787733, 75, 1.0
33656.91287589671, 152, -1.0
33669.97503229896, 75, 1.0
33672.740049584136, 103, 1.0
33686.63885496412, 75, 1.0
33689.86587709899, 101, 1.0
33692.83857077125, 44, -1.0
33695.794432899704, 44, 1.0
33697.03828952703, 35, -1.0
33698.10046686732, 75, 1.0
33700.16227123693, 75, 1.0
33705.00978358949, 75, 1.0
33710.321042104864, 75, 1.0
33715.28274959513, 35, 1.0
33715.938395716985, 103, 1.0
33741.467493550575, 154, -1.0
33742.23134298502, 101, -1.0
33743.6082645094, 103, 1.0
33750.54004677128, 44, -1.0
33755.179643796946, 103, -1.0
33762.42389763577, 103, 1.0
33762.78287492709, 44, -1.0
33762.96437973448, 75, 1.0
33766.70794625009, 35, -1.0
33767.32951701061, 101, 1.0
33769.828050616015, 35, 1.0
33786.13540043758, 75, 1.0
33795.35917879127, 35, -1.0
33800.10140201631, 154, 1.0
33802.40252191771, 103, -1.0
33806.53793608313, 44, -1.0
33809.498241389454, 75, 1.0
33809.836608491525, 35, -1.0
33816.55439645491, 35, -1.0
33824.09407327165, 154, 1.0
33826.99307622244, 35, -1.0
33827.57988281299, 152, -1.0
33835.34724298867, 75, 1.0
33839.332689470335, 148, -1.0
33847.98596371031, 35, -1.0
33850.76247639109, 35, -1.0
33853.460838619154, 44, 1.0
33853.88005004677, 101, 1.0
33854.79417277493, 154, 1.0
33860.20001050116, 152, -1.0
33868.62585565209, 35, 1.0
33868.933116874156, 148, -1.0
33875.22841176765, 101, -1.0
33875.337732538246, 154, -1.0
33879.58915017515, 75, 1.0
33885.65316166, 75, -1.0
33887.95464072637, 152, 1.0
33892.9638876411, 35, -1.0
33900.196418817846, 103, -1.0
33901.916108688274, 75, 1.0
33908.81796893814, 75, 1.0
33911.36312239558, 75, 1.0
33920.80516638526, 101, -1.0
33932.58842180282, 75, 1.0
33936.17223549382, 103, 1.0
33943.42573221482, 152, -1.0
33944.86336062642, 101, 1.0
33946.27673943632, 35, -1.0
33947.55637296771, 75, 1.0
33952.88243978379, 103, 1.0
33960.12454684763, 75, 1.0
33961.17175543077, 35, -1.0
33964.96004352896, 75, 1.0
33980.805798108224, 35, 1.0
33985.50510129326, 152, -1.0
33997.90227470545, 148, -1.0
34002.7788946013, 35, -1.0
34010.359695284926, 152, -1.0
34022.67045530468, 75, 1.0
34024.69258835362, 152, -1.0
34025.68744457083, 101, -1.0
34026.94487873599, 75, 1.0
34040.621445029166, 35, 1.0
34048.165585810566, 35, -1.0
34050.96726161749, 44, 1.0
34051.88965791411, 101, 1.0
34082.411449841595, 75, 1.0
34086.67126416666, 75, -1.0
34088.48575207003, 75, 1.0
34090.44147223036, 35, 1.0
34100.07506683354, 35, -1.0
34106.16834808921, 35, -1.0
34110.65377408082, 154, 1.0
34116.39723194846, 152, -1.0
34116.872223716644, 148, -1.0
34118.31806796902, 101, 1.0
34131.29290750948, 35, -1.0
34134.479248688105, 103, -1.0
34135.853635800755, 148, -1.0
34136.25178234019, 152, -1.0
34142.26975125561, 148, -1.0
34144.51183230859, 75, -1.0
34145.264823439094, 35, -1.0
34155.691316214354, 44, 1.0
34162.58847530054, 35, -1.0
34164.327200076295, 103, 1.0
34165.3109058617, 152, -1.0
34171.295806297094, 103, 1.0
34171.68745784451, 101, -1.0
34172.073889567095, 44, -1.0
34176.579662097654, 75, -1.0
34176.8039419308, 148, -1.0
34178.077798807055, 103, -1.0
34190.41044909775, 75, 1.0
34193.970711043694, 75, 1.0
34194.88284237414, 101, 1.0
34204.03457763555, 35, -1.0
34204.259860056925, 75, 1.0
34211.587407829305, 35, -1.0
34216.08092664608, 103, 1.0
34222.40201302733, 35, -1.0
34222.74539328837, 154, -1.0
34225.818218285094, 75, 1.0
34227.54838633456, 154, 1.0
34231.650401744126, 35, 1.0
34236.41530430194, 103, 1.0
34237.766577756825, 101, -1.0
34247.22824913136, 35, -1.0
34254.58826638555, 75, 1.0
34266.31986711199, 103, -1.0
34274.0939828246, 101, -1.0
34278.84063035773, 103, -1.0
34279.067401859735, 75, 1.0
34281.489859829984, 103, 1.0
34282.60519125633, 103, -1.0
34293.98806469002, 103, -1.0
34295.88622920177, 75, -1.0
34307.279153977506, 35, -1.0
34307.46647881887, 75, -1.0
34312.26688236965, 103, -1.0
34315.04612730596, 148, -1.0
34333.96319518082, 148, -1.0
34338.30854874335, 75, 1.0
34340.08810868234, 154, 1.0
34351.282376054194, 75, 1.0
34351.33820094659, 75, 1.0
34351.340602124525, 44, 1.0
34360.975040722784, 148, -1.0
34365.72257968671, 101, 1.0
34367.979865628644, 44, -1.0
34379.586741655665, 35, -1.0
34387.82489888424, 75, 1.0
34394.039785199064, 152, 1.0
34405.316731713625, 35, -1.0
34409.4172917828, 35, 1.0
34415.07158240077, 75, 1.0
34419.40130888586, 35, 1.0
34423.6017949625, 103, -1.0
34424.98095255282, 101, 1.0
34428.255093316504, 101, -1.0
34435.862012729885, 148, 1.0
34436.79003744376, 75, 1.0
34448.77618449531, 152, -1.0
34459.06071021615, 152, 1.0
34462.13506352397, 101, -1.0
34463.27151073785, 152, -1.0
34468.08064799066, 35, -1.0
34473.83236105905, 103, 1.0
34474.24972766861, 152, -1.0
34476.63468585023, 103, -1.0
34480.022649740924, 44, -1.0
34490.935009018576, 148, -1.0
34505.70681341846, 152, -1.0
34513.49481731784, 75, -1.0
34521.565513917245, 75, -1.0
34526.563093812074, 152, -1.0
34530.031418676896, 152, 1.0
34530.13016434159, 152, -1.0
34534.334771526366, 152, -1.0
34536.74531053451, 154, 1.0
34538.29144703926, 101, 1.0
34540.67418530826, 152, 1.0
34541.69601352271, 101, -1.0
34553.15888744236, 103, 1.0
34561.16609539175, 103, -1.0
34571.60323328379, 35, -1.0
34574.52831907311, 75, 1.0
34579.66924083208, 103, 1.0
34588.49752274981, 101, 1.0
34594.59981372357, 152, -1.0
34595.509881443504, 101, 1.0
34605.15623143416, 148, -1.0
34607.58649403584, 103, -1.0
34610.70387872977, 101, 1.0
34625.86889087005, 101, 1.0
34626.13620537708, 35, 1.0
34629.43738525671, 35, -1.0
34629.82337946273, 152, -1.0
34638.996320778264, 35, -1.0
34646.16494177972, 75, 1.0
34648.348463039394, 75, 1.0
34657.47516753465, 75, 1.0
34659.807364129694, 103, 1.0
34665.45409456039, 101, -1.0
34666.78586770003, 44, 1.0
34668.764526077175, 101, 1.0
34671.657688537394, 154, -1.0
34675.960619553574, 35, -1.0
34683.09436669207, 75, 1.0
34698.43587082729, 101, -1.0
34709.09881105354, 75, 1.0
34709.572446611186, 35, -1.0
34720.192091083496, 148, -1.0
34723.76923616708, 101, 1.0
34741.33802729933, 44, 1.0
34741.454309581575, 154, 1.0
34742.097920670196, 152, -1.0
34753.671282438445, 75, 1.0
34754.402375382444, 148, 1.0
34756.517488717094, 75, 1.0
34761.276000359576, 75, 1.0
34771.29402076107, 75, 1.0
34773.51097185453, 148, -1.0
34776.12498203138, 44, -1.0
34779.04818693588, 75, 1.0
34779.79901822075, 101, -1.0
34782.595412945644, 148, -1.0
34783.547103805686, 152, -1.0
34784.54712960108, 101, 1.0
34784.63646643645, 152, -1.0
34784.84701969626, 75, -1.0
34785.19651946615, 35, -1.0
34786.40959573773, 44, -1.0
34788.2142411118, 35, 1.0
34802.038071265044, 101, 1.0
34805.464489329825, 154, 1.0
34811.154980266496, 152, -1.0
34853.48347675871, 152, -1.0
34858.16650364279, 103, -1.0
34860.50624549913, 35, -1.0
34862.295251772855, 75, 1.0
34864.49602485554, 103, -1.0
34876.969706607735, 75, 1.0
34882.15375527622, 75, -1.0
34884.57867170077, 148, -1.0
34884.585561306034, 103, 1.0
34893.528087013445, 35, -1.0
34898.252991288435, 75, 1.0
34899.38412914365, 35, -1.0
34915.7736900097, 152, -1.0
34920.46189210739, 101, 1.0
34925.23169106088, 103, 1.0
34927.44590886394, 75, -1.0
34928.11127786661, 44, 1.0
34961.62119709325, 103, 1.0
34963.50749621165, 35, -1.0
34971.15240123459, 75, 1.0
34979.690170479735, 152, -1.0
34981.13243818034, 154, 1.0
34986.876393137565, 75, 1.0
34989.55238886525, 148, -1.0
34991.44987590281, 154, 1.0
34997.03035768431, 103, 1.0
34999.96310828195, 101, 1.0
35008.49344431197, 35, -1.0
35017.46946281485, 75, 1.0
35020.3234510826, 44, 1.0
35023.22936368467, 154, -1.0
35027.322118750555, 75, 1.0
35034.2202742532, 101, 1.0
35039.00576404505, 35, -1.0
35039.240403907024, 101, 1.0
35042.82129204704, 148, -1.0
35042.91806090885, 44, -1.0
35055.77915615943, 154, -1.0
35062.72130099762, 75, 1.0
35065.68753983146, 75, 1.0
35081.6319156287, 148, 1.0
35081.70433353244, 152, -1.0
35083.20244758091, 35, -1.0
35102.27810806276, 148, -1.0
35109.72062017901, 75, -1.0
35111.673108943294, 103, -1.0
35112.13636037549, 35, -1.0
35125.988238284066, 154, 1.0
35126.05840569483, 101, -1.0
35133.4514015323, 35, -1.0
35137.15767953275, 75, 1.0
35138.03514935085, 44, -1.0
35141.30990648032, 152, 1.0
35145.46745703694, 152, -1.0
35145.877244172996, 35, -1.0
35147.302516217955, 75, 1.0
35148.65610288575, 154, -1.0
35148.76477225528, 103, -1.0
35156.522514847966, 103, 1.0
35165.89791675366, 103, -1.0
35170.087303255095, 44, -1.0
35182.521879216656, 75, 1.0
35188.955851715305, 35, 1.0
35191.80069307252, 103, 1.0
35200.271196619615, 154, -1.0
35202.7865991775, 103, 1.0
35205.985849318604, 103, 1.0
35206.61525472374, 152, -1.0
35206.820327165515, 35, -1.0
35226.09485171905, 148, -1.0
35227.608956840464, 75, 1.0
35230.65149358771, 152, 1.0
35232.18355802155, 75, -1.0
35239.42220470698, 101, -1.0
35241.36189509077, 75, 1.0
35241.68495848031, 154, 1.0
35244.67801643893, 75, 1.0
35246.43182652912, 35, -1.0
35247.546189652945, 35, -1.0
35251.63462955866, 75, 1.0
35255.2188449133, 154, -1.0
35257.08367521892, 148, -1.0
35260.65951566985, 75, 1.0
35262.62801648965, 103, -1.0
35262.81751647423, 35, -1.0
35263.34388769374, 148, -1.0
35263.93303319574, 75, 1.0
35264.56525340264, 101, 1.0
35275.36963569006, 101, 1.0
35299.66509075976, 35, -1.0
35307.66770306897, 101, 1.0
35317.69070627676, 35, -1.0
35323.63209200318, 154, -1.0
35327.651192652935, 101, 1.0
35331.903927776264, 35, 1.0
35344.186567610006, 75, 1.0
35347.864502059456, 75, 1.0
35348.82901631281, 75, 1.0
35350.52862686009, 148, -1.0
35352.41688195566, 154, 1.0
35362.11041529338, 75, 1.0
35364.52144344064, 75, -1.0
35366.99580938843, 101, -1.0
35368.42177778468, 152, -1.0
35371.32407023972, 152, -1.0
35371.82738461828, 35, -1.0
35372.64579088187, 75, 1.0
35373.40945156475, 35, 1.0
35379.11372142297, 35, 1.0
35382.31756091457, 75, -1.0
35383.68875269641, 101, 1.0
35384.68903500396, 75, 1.0
35385.82566545036, 103, -1.0
35387.49942338173, 103, 1.0
35388.27793775234, 35, -1.0
35389.2999587711, 101, 1.0
35393.81807130086, 152, 1.0
35399.218706429216, 35, -1.0
35402.69687475023, 75, -1.0
35406.94937297048, 75, 1.0
35411.97318350685, 101, 1.0
35412.9698870836, 75, 1.0
35420.627268141536, 44, -1.0
35422.4769953394, 35, 1.0
35423.596578363344, 75, 1.0
35424.11625920584, 75, 1.0
35434.89903845226, 101, 1.0
35436.690152699804, 44, -1.0
35438.04855990516, 101, -1.0
35439.11783240933, 75, 1.0
35439.96762883285, 35, -1.0
35445.44372443904, 101, -1.0
35445.470560785245, 44, -1.0
35445.9315791975, 101, 1.0
35447.09704511116, 103, -1.0
35447.24473215759, 35, -1.0
35453.305740904325, 152, -1.0
35454.3404180472, 148, 1.0
35454.705746412284, 35, 1.0
35463.11775625787, 75, 1.0
35468.31908584135, 35, 1.0
35469.5803235771, 103, 1.0
35473.175683770925, 103, 1.0
35478.58522238905, 101, 1.0
35478.77954065985, 101, -1.0
35481.38422996865, 101, -1.0
35486.01819529205, 148, -1.0
35487.61994596976, 35, 1.0
35488.663961851154, 152, -1.0
35491.87401285985, 148, -1.0
35492.402624195725, 103, 1.0
35497.39008567628, 152, -1.0
35498.00571575774, 35, 1.0
35499.35398913176, 101, 1.0
35507.39714301493, 35, -1.0
35513.85704975705, 35, 1.0
35514.056012832574, 35, -1.0
35525.58355041389, 152, -1.0
35533.37977631902, 44, -1.0
35533.78204995948, 101, 1.0
35537.23669338879, 75, 1.0
35544.098012757124, 148, -1.0
35548.35745408712, 152, -1.0
35550.54906979771, 101, 1.0
35553.01684644692, 75, -1.0
35555.07652864789, 103, 1.0
35556.097223527344, 75, 1.0
35557.32721814457, 75, -1.0
35562.86990514971, 101, -1.0
35563.75655190874, 101, -1.0
35575.76712887449, 75, 1.0
35580.57751565444, 44, -1.0
35589.57262132926, 154, -1.0
35610.449426133135, 148, -1.0
35626.77665844477, 101, -1.0
35631.68188631362, 103, 1.0
35644.75035903167, 152, -1.0
35647.70016559161, 35, -1.0
35661.419012053586, 103, 1.0
35664.21593425481, 44, 1.0
35668.65756474901, 75, -1.0
35671.564261880485, 103, 1.0
35680.030371215464, 103, 1.0
35680.16850576193, 101, 1.0
35681.9318778864, 75, 1.0
35687.012657126594, 101, -1.0
35688.563931918, 148, -1.0
35696.11196445506, 148, -1.0
35701.501657034714, 35, -1.0
35708.57993039485, 103, -1.0
35710.041417644716, 152, -1.0
35712.187808499526, 35, 1.0
35712.73156030974, 75, 1.0
35726.412365360935, 35, 1.0
35727.909750615625, 103, 1.0
35728.03632151716, 101, 1.0
35730.56626967942, 103, -1.0
35732.24656657297, 35, -1.0
35733.15703676906, 101, 1.0
35735.02268520765, 35, -1.0
35737.00727116643, 35, -1.0
35739.6523865665, 154, 1.0
35744.85998651829, 75, 1.0
35746.66070638326, 103, 1.0
35753.94714553394, 35, -1.0
35755.23408721643, 75, 1.0
35759.88658618461, 35, -1.0
35770.119492464335, 103, 1.0
35777.64924857249, 75, 1.0
35797.060122674055, 75, 1.0
35802.22968677865, 154, 1.0
35808.749581537726, 35, -1.0
35810.31006455819, 75, 1.0
35811.968211119245, 35, -1.0
35813.63704682019, 154, 1.0
35814.18236704187, 152, -1.0
35816.20587405769, 75, 1.0
35825.214083108745, 103, -1.0
35845.376659403286, 75, 1.0
35850.240984371, 101, 1.0
35856.267987086736, 103, 1.0
35857.313372452656, 75, 1.0
35858.42720929196, 154, 1.0
35860.825531027425, 154, 1.0
35864.73185993006, 154, -1.0
35873.35979906721, 35, 1.0
35875.58785830934, 152, 1.0
35880.46121203891, 148, -1.0
35905.70994628571, 75, 1.0
35908.46309565316, 103, -1.0
35920.821673818224, 75, 1.0
35929.33043051213, 154, 1.0
35931.20788212365, 103, 1.0
35932.83185234245, 103, 1.0
35949.09731873802, 103, -1.0
35950.23907563352, 101, 1.0
35951.82146277016, 101, 1.0
35952.70064472603, 103, -1.0
35956.10618707428, 101, 1.0
35957.39964518646, 101, -1.0
35961.78247555197, 75, 1.0
35973.998553241174, 35, -1.0
35976.9079690964, 148, -1.0
35984.13802147029, 101, -1.0
35990.25314369091, 35, -1.0
35992.669736412405, 152, -1.0
35999.14873956693, 103, -1.0
