21602.715449111703, 103, 1.0
21603.53043405453, 35, -1.0
21604.899887807336, 44, -1.0
21608.143419187414, 103, 1.0
21609.87840778001, 148, -1.0
21612.888620711223, 35, -1.0
21614.191910535206, 152, -1.0
21617.90467617299, 103, 1.0
21623.625440166925, 35, -1.0
21630.756616567563, 75, -1.0
21633.320874080673, 101, 1.0
21633.5202046704, 35, -1.0
21639.30081294843, 35, -1.0
21646.89516475888, 154, 1.0
21656.486489464893, 154, 1.0
21661.67756969209, 101, 1.0
21662.657554356603, 44, -1.0
21663.4869120317, 148, -1.0
21663.86790481203, 101, 1.0
21666.48821199019, 75, -1.0
21668.364390840343, 75, 1.0
21668.636189106805, 35, -1.0
21671.7800475157, 101, 1.0
21673.432086636796, 148, -1.0
21674.047515459257, 148, -1.0
21684.703771143915, 75, 1.0
21688.00968380007, 35, -1.0
21689.549837191014, 101, 1.0
21695.351407484406, 101, 1.0
21696.831869975114, 35, -1.0
21701.655635165505, 101, 1.0
21701.829567020483, 101, 1.0
21706.35435968304, 75, 1.0
21710.74259397795, 44, -1.0
21719.100903084687, 44, -1.0
21721.170071402852, 148, -1.0
21728.48221835871, 75, 1.0
21728.88955362802, 101, 1.0
21728.920607554042, 101, 1.0
21730.936024065486, 44, -1.0
21733.171669747167, 44, -1.0
21734.342274901614, 101, 1.0
21735.338461828676, 75, 1.0
21754.722814934725, 101, 1.0
21755.82621914875, 75, 1.0
21764.125647150908, 75, 1.0
21766.396476181515, 101, -1.0
21776.281992461027, 152, -1.0
21784.04005212212, 101, 1.0
21792.725537473118, 44, -1.0
21793.544915483682, 75, -1.0
21797.208662948622, 75, 1.0
21810.32513998001, 35, -1.0
21810.713986817726, 148, -1.0
21811.355390355253, 101, -1.0
21816.61431100727, 101, 1.0
21820.86229520552, 101, 1.0
21824.777612823247, 35, -1.0
21825.362473719666, 101, 1.0
21827.024281354385, 101, 1.0
21832.45509454464, 44, -1.0
21840.97478970652, 154, 1.0
21844.408363413346, 75, 1.0
21846.080454680105, 35, -1.0
21851.05289832537, 75, 1.0
21851.22624767572, 101, 1.0
21852.465996512758, 101, 1.0
21864.401264208787, 44, -1.0
21872.88876994965, 44, -1.0
21875.31601130419, 35, 1.0
21888.647108213958, 101, -1.0
21897.15375548147, 101, -1.0
21900.962959183333, 154, 1.0
21901.598107745416, 101, 1.0
21909.229562367178, 152, -1.0
21910.09121749544, 103, 1.0
21911.55693811804, 75, 1.0
21928.97100901739, 44, 1.0
21930.807569396693, 35, 1.0
21931.59568130766, 148, -1.0
21933.79564057327, 75, 1.0
21934.636328740686, 75, 1.0
21946.266232856186, 75, -1.0
21958.671392773205, 75, -1.0
21962.33481487915, 101, 1.0
21966.774595995288, 75, 1.0
21969.153941525576, 35, -1.0
21976.935263037576, 44, -1.0
21978.247367993165, 44, -1.0
21978.409124624843, 103, 1.0
21985.74956099449, 75, 1.0
21986.0078123285, 101, 1.0
21988.47880144733, 148, -1.0
21993.331083915513, 148, -1.0
21996.077722276157, 44, -1.0
21996.45714991705, 75, 1.0
21999.89893963717, 44, -1.0
22003.542266715922, 154, 1.0
22006.602305895736, 101, 1.0
22006.985363392065, 154, 1.0
22007.81655664233, 154, 1.0
22008.813338220094, 154, -1.0
22020.546111838798, 101, -1.0
22020.658944820138, 101, 1.0
22031.995767586573, 75, 1.0
22037.32719721323, 101, 1.0
22038.9052903369, 44, -1.0
22041.342989268847, 152, 1.0
22053.879666253928, 103, 1.0
22059.172286180125, 154, 1.0
22068.301290426807, 101, -1.0
22073.502723610633, 35, -1.0
22080.028624009385, 101, 1.0
22081.00293953289, 75, -1.0
22088.56390006141, 75, 1.0
22094.97410608054, 75, 1.0
22099.780286204, 154, 1.0
22109.639499049856, 44, -1.0
22115.83586362452, 152, -1.0
22120.184335790476, 35, -1.0
22124.813574363503, 152, 1.0
22126.408109597356, 44, -1.0
22130.714790828617, 75, -1.0
22132.408995313363, 101, 1.0
22133.04722963445, 75, 1.0
22145.470759949378, 44, 1.0
22145.886448448546, 35, -1.0
22147.546731816466, 148, -1.0
22149.182813081985, 148, -1.0
22164.70261153753, 44, -1.0
22165.319348800662, 75, 1.0
22166.508104762255, 35, -1.0
22166.54187058091, 75, 1.0
22167.410457876722, 154, -1.0
22180.41052015009, 35, -1.0
22186.773213985485, 101, 1.0
22190.506490450753, 35, -1.0
22198.894007793122, 44, -1.0
22198.98217830046, 35, -1.0
22201.60174975297, 148, -1.0
22201.761667806808, 154, 1.0
22212.292146947955, 35, -1.0
22215.472658702784, 148, -1.0
22218.415139331388, 101, 1.0
22223.252738428357, 101, 1.0
22237.244333317198, 101, -1.0
22240.495061029415, 75, 1.0
22240.95579948283, 75, -1.0
22251.193791254223, 154, 1.0
22253.351786011997, 44, 1.0
22256.74052992577, 35, -1.0
22263.388386386712, 35, -1.0
22279.51451906162, 101, -1.0
22281.071135299208, 75, -1.0
22282.959486666445, 75, 1.0
22291.12692830495, 101, 1.0
22292.7816842146, 101, 1.0
22294.156461997325, 154, 1.0
22294.809001071015, 101, 1.0
22295.447601897635, 101, 1.0
22297.03262802122, 75, -1.0
22302.84803233658, 101, 1.0
22307.75173087136, 35, -1.0
22310.744706575446, 44, -1.0
22312.61651491965, 35, -1.0
22314.38543120407, 101, 1.0
22329.777276586778, 101, 1.0
22331.192997052352, 75, -1.0
22337.250153309633, 35, -1.0
22337.345235660043, 35, 1.0
22340.640871167965, 44, -1.0
22345.646442050635, 75, -1.0
22350.573444190595, 148, -1.0
22353.642967705717, 75, 1.0
22356.29026815791, 101, -1.0
22357.16446597488, 75, -1.0
22361.53960096763, 148, -1.0
22363.192882602496, 101, 1.0
22363.93122268595, 103, 1.0
22364.45342426553, 103, 1.0
22364.904859834784, 44, -1.0
22369.2870141101, 103, 1.0
22371.382675252782, 44, -1.0
22381.36772210912, 101, 1.0
22388.119227965675, 101, 1.0
22392.120278103615, 75, 1.0
22392.98458717152, 35, 1.0
22395.350310535625, 44, -1.0
22405.580135317632, 101, -1.0
22412.183860281537, 148, -1.0
22417.59653434169, 101, 1.0
22419.189063174046, 103, 1.0
22422.937008400902, 152, -1.0
22437.483835509534, 75, 1.0
22439.32158935338, 154, 1.0
22445.760104725472, 154, 1.0
22449.435228753857, 148, -1.0
22449.96024476031, 75, -1.0
22461.3661409952, 44, -1.0
22464.899534856675, 154, 1.0
22465.25792258844, 152, -1.0
22466.831810756124, 152, -1.0
22468.59666401594, 154, 1.0
22473.39471849303, 75, 1.0
22474.239147702512, 35, -1.0
22475.60082351983, 35, -1.0
22479.65530979198, 101, 1.0
22486.939571248833, 154, 1.0
22487.65455220836, 35, -1.0
22489.958571239153, 75, -1.0
22491.19739198521, 101, 1.0
22492.306982530703, 148, -1.0
22497.60967505415, 148, -1.0
22499.08475752002, 75, 1.0
22505.792602749818, 75, 1.0
22506.700600007218, 101, 1.0
22515.23550780343, 101, -1.0
22520.02919990532, 75, -1.0
22527.305114019277, 101, 1.0
22530.18972330405, 75, 1.0
22532.079139962072, 75, -1.0
22538.27869484025, 44, -1.0
22540.320993789086, 75, 1.0
22540.78077692245, 35, -1.0
22548.32741170802, 154, -1.0
22549.100504888946, 152, -1.0
22551.18278838849, 152, -1.0
22555.95957909681, 44, -1.0
22569.95756025651, 152, -1.0
22585.35041135471, 75, -1.0
22586.819327667556, 148, -1.0
22605.1753030217, 154, 1.0
22609.53957414712, 75, 1.0
22609.934131925922, 148, -1.0
22616.56995783217, 101, 1.0
22618.990664394718, 44, -1.0
22620.919247863294, 152, 1.0
22625.587743814496, 152, -1.0
22628.110208644728, 101, 1.0
22631.61904646062, 44, -1.0
22641.05135908076, 75, -1.0
22643.73864248723, 75, 1.0
22648.042735137962, 154, 1.0
22653.307837717977, 75, 1.0
22655.213390757617, 75, 1.0
22662.88132351402, 154, 1.0
22664.926163460008, 148, -1.0
22668.123704102432, 101, 1.0
22672.069871984113, 148, -1.0
22676.41664407195, 44, -1.0
22677.965805479125, 35, 1.0
22681.22162397733, 103, 1.0
22681.659925355147, 44, -1.0
22687.969316582003, 75, 1.0
22690.5513365701, 35, -1.0
22691.220594037517, 75, -1.0
22701.322951570462, 35, -1.0
22702.564616505475, 101, 1.0
22709.030982476106, 75, -1.0
22710.46933661229, 75, 1.0
22712.122327497516, 35, -1.0
22730.34980184894, 44, 1.0
22735.18101335488, 148, -1.0
22741.280968591487, 75, 1.0
22747.529439722668, 35, -1.0
22755.656644958042, 103, 1.0
22759.395064867073, 44, -1.0
22765.8993775616, 75, 1.0
22769.0200481272, 148, -1.0
22771.15414295561, 154, 1.0
22777.19784747155, 103, 1.0
22778.882400541315, 44, -1.0
22784.001906063808, 101, 1.0
22784.86799312887, 101, 1.0
22796.727807385632, 154, -1.0
22800.286256091633, 44, -1.0
22812.148554599262, 35, 1.0
22813.2629276289, 152, -1.0
22815.20490952435, 154, 1.0
22822.66067488364, 75, 1.0
22823.800877633475, 154, 1.0
22825.650552709114, 152, -1.0
22827.146655656903, 44, -1.0
22831.663746872942, 44, -1.0
22835.442078895852, 103, 1.0
22838.115593577244, 154, 1.0
22844.95147533496, 101, 1.0
22847.472998141206, 101, -1.0
22852.74770815457, 75, 1.0
22862.052416729617, 148, -1.0
22865.804847034757, 148, -1.0
22866.19218509992, 152, 1.0
22874.11465524709, 44, -1.0
22880.295906371037, 44, -1.0
22892.404583623567, 35, -1.0
22894.704541106563, 101, -1.0
22895.295794411857, 35, -1.0
22895.82571446805, 148, -1.0
22898.90218884471, 35, -1.0
22908.31742532146, 148, -1.0
22908.867592117214, 35, -1.0
22910.07073828028, 154, 1.0
22917.682974960437, 148, -1.0
22921.59588068812, 75, 1.0
22923.019935917597, 75, 1.0
22929.326066700134, 75, -1.0
22934.41499755793, 75, -1.0
22937.2880890817, 148, -1.0
22952.25128204232, 44, -1.0
22959.041491576496, 75, -1.0
22981.02110900423, 35, 1.0
22982.38366250812, 152, -1.0
22986.358917286736, 101, 1.0
22987.07187474337, 75, -1.0
22987.940983743458, 35, -1.0
22989.47289246038, 35, -1.0
22991.436362167256, 101, 1.0
22993.80465036591, 35, -1.0
22994.695290848544, 75, 1.0
22995.11596516922, 44, 1.0
22995.45010603893, 35, 1.0
22996.00544768332, 103, 1.0
22996.059123399857, 35, -1.0
22998.188024146657, 44, -1.0
23000.259169137094, 101, 1.0
23009.74449710293, 44, -1.0
23019.47046813906, 152, -1.0
23019.894856307925, 101, 1.0
23020.73865537155, 75, -1.0
23022.424984451533, 35, 1.0
23022.838151356278, 75, 1.0
23030.449634816225, 35, -1.0
23033.09158668361, 101, -1.0
23046.380737257976, 154, 1.0
23047.414872174373, 154, 1.0
23048.29964075778, 35, -1.0
23048.41677710846, 35, 1.0
23058.136387844937, 75, 1.0
23064.535952610306, 75, 1.0
23075.38568968346, 103, 1.0
23076.099561108058, 103, 1.0
23081.718201664855, 44, -1.0
23083.748783757594, 101, 1.0
23084.322515899257, 75, -1.0
23085.110082633128, 152, -1.0
23087.12081078377, 35, -1.0
23089.289191295517, 35, -1.0
23089.750912936765, 103, 1.0
23092.856359622743, 75, 1.0
23107.309606587278, 154, -1.0
23113.34989740998, 75, -1.0
23114.692040148602, 101, 1.0
23116.08098862272, 44, -1.0
23116.28660219306, 75, -1.0
23116.336513026145, 101, -1.0
23119.42028835753, 35, -1.0
23125.05018176353, 152, -1.0
23126.04432722364, 148, -1.0
23127.09307220175, 44, -1.0
23134.36172087319, 103, 1.0
23134.447675457657, 75, 1.0
23146.198547755273, 35, -1.0
23148.21723292664, 101, 1.0
23148.23243630773, 101, 1.0
23148.470338087787, 35, -1.0
23160.151319345183, 75, 1.0
23161.35223694139, 152, 1.0
23162.30639451506, 101, 1.0
23167.846753845322, 103, 1.0
23168.718850936293, 101, -1.0
23172.82578694137, 35, 1.0
23178.35153850306, 152, -1.0
23200.823189907816, 103, 1.0
23204.81182261671, 154, 1.0
23206.207854071356, 101, -1.0
23211.36708982222, 44, -1.0
23215.909643180647, 148, -1.0
23220.125585402213, 35, -1.0
23221.65759830633, 35, -1.0
23225.132626169478, 152, -1.0
23226.000546374027, 154, -1.0
23231.434693108193, 148, -1.0
23241.843072532556, 101, 1.0
23242.248668733213, 152, -1.0
23242.35596729499, 75, -1.0
23248.340442260636, 103, 1.0
23252.249782425235, 44, -1.0
23256.12198824718, 75, 1.0
23257.48852301873, 44, -1.0
23261.3564568536, 44, -1.0
23263.88942019209, 103, 1.0
23270.01630912247, 35, -1.0
23271.818636534037, 103, 1.0
23275.911847204774, 44, -1.0
23278.169890155084, 35, -1.0
23280.31746701535, 152, -1.0
23286.987886558127, 154, 1.0
23290.727171240287, 101, 1.0
23292.633169854933, 35, 1.0
23314.972764873415, 154, 1.0
23316.07128233317, 35, -1.0
23321.256606312174, 44, -1.0
23322.510777257285, 75, -1.0
23324.950600986445, 44, -1.0
23331.36680274795, 44, -1.0
23336.697771227817, 75, 1.0
23337.367616383683, 154, -1.0
23339.727746421653, 154, 1.0
23340.020883924288, 103, -1.0
23341.427703675134, 35, -1.0
23344.21293760829, 101, 1.0
23349.91271354053, 154, 1.0
23350.688073939855, 101, 1.0
23351.537077659843, 101, 1.0
23355.52669341817, 101, 1.0
23367.463685208128, 154, 1.0
23367.674616293218, 44, -1.0
23369.520415773175, 44, -1.0
23369.941121318552, 103, 1.0
23370.328469989276, 75, 1.0
23375.744749089587, 101, 1.0
23380.359555880234, 44, 1.0
23384.025609031713, 154, 1.0
23390.424010342766, 148, -1.0
23395.485366085475, 152, -1.0
23395.695987406914, 75, 1.0
23396.992374614783, 75, 1.0
23398.33813093099, 148, -1.0
23398.54169548202, 152, -1.0
23412.50223865469, 75, -1.0
23413.336490940117, 148, -1.0
23415.603291063537, 101, 1.0
23432.19583831435, 103, 1.0
23436.93662595537, 35, 1.0
23438.15643681851, 103, 1.0
23438.23052414296, 75, -1.0
23440.513829846597, 75, -1.0
23441.83394526365, 75, 1.0
23442.918338643398, 152, -1.0
23447.364569350226, 75, -1.0
23450.038635509052, 75, -1.0
23455.40984314637, 101, 1.0
23469.642737756556, 44, -1.0
23474.142691492118, 154, 1.0
23475.264433553188, 101, 1.0
23480.730460484967, 101, 1.0
23481.379844187693, 148, -1.0
23481.55302301617, 75, 1.0
23481.62908663787, 152, -1.0
23482.046697576036, 75, 1.0
23487.017122798203, 154, 1.0
23488.66507713243, 152, -1.0
23509.076317348197, 152, 1.0
23511.93506698536, 152, -1.0
23518.862580279085, 154, -1.0
23524.429370563877, 35, -1.0
23534.832509371226, 103, 1.0
23537.031968695, 154, 1.0
23545.35455566568, 75, 1.0
23552.3386772196, 103, 1.0
23553.49102013088, 35, -1.0
23558.9987738771, 35, -1.0
23563.06567434371, 154, 1.0
23564.148947130994, 75, -1.0
23567.134004717624, 75, 1.0
23567.840605469482, 35, -1.0
23569.142093330458, 75, -1.0
23569.517615527773, 101, -1.0
23572.21863216226, 103, 1.0
23578.27566628436, 75, 1.0
23580.102881455485, 35, -1.0
23583.934542799103, 75, 1.0
23586.24330798415, 101, -1.0
23587.80456197047, 101, -1.0
23590.637954268237, 148, -1.0
23590.886108381037, 154, 1.0
23593.283041487637, 35, -1.0
23593.576526853347, 154, 1.0
23596.352245950937, 75, -1.0
23597.964287121664, 101, 1.0
23603.70406801153, 101, 1.0
23615.069861436248, 152, 1.0
23616.918826002777, 44, -1.0
23630.395632526746, 44, -1.0
23634.633336233972, 148, -1.0
23641.399815940462, 35, -1.0
23649.561504503352, 101, -1.0
23652.78444901881, 44, -1.0
23653.438755072835, 152, -1.0
23654.55812249355, 35, -1.0
23664.30207999571, 44, -1.0
23665.358927890902, 148, -1.0
23665.634033386727, 101, -1.0
23669.419840968705, 154, 1.0
23671.218486547412, 35, -1.0
23681.265370580182, 101, 1.0
23684.99207930329, 44, 1.0
23685.95379150455, 44, -1.0
23686.376293974023, 148, -1.0
23690.568463737854, 152, 1.0
23691.47640414241, 44, -1.0
23692.99027128732, 101, 1.0
23694.627828855748, 148, -1.0
23708.30750880823, 154, 1.0
23725.31520347732, 101, 1.0
23726.836871846153, 154, 1.0
23731.89028133887, 75, 1.0
23738.7966675127, 101, 1.0
23738.98917374224, 75, -1.0
23740.27251456103, 101, 1.0
23746.337281383214, 35, -1.0
23754.209903117055, 75, 1.0
23759.212992912027, 75, -1.0
23774.78762980236, 44, -1.0
23775.274028337008, 154, 1.0
23779.272733397065, 75, 1.0
23782.95706355933, 75, 1.0
23786.75835908482, 75, -1.0
23788.788069810726, 44, -1.0
23788.96282733595, 154, -1.0
23793.648414081697, 154, 1.0
23795.610876625513, 154, 1.0
23795.61521480081, 148, -1.0
23796.58605338871, 75, -1.0
23799.60418432364, 101, 1.0
23801.425476977263, 35, -1.0
23803.667652281612, 75, 1.0
23810.41579291352, 101, 1.0
23817.50274913957, 101, 1.0
23832.99852046231, 103, 1.0
23847.15046840082, 101, 1.0
23853.141535360734, 103, 1.0
23863.991030086814, 154, 1.0
23869.484040653766, 148, -1.0
23871.135902859318, 154, 1.0
23872.012305704324, 44, -1.0
23872.682528233378, 35, -1.0
23875.150403835138, 35, -1.0
23876.279845704248, 148, -1.0
23878.133198624928, 152, -1.0
23880.07035189516, 35, -1.0
23880.360919562936, 44, -1.0
23884.745503095666, 148, -1.0
23887.537359971968, 101, 1.0
23891.377552708724, 44, -1.0
23897.50606503257, 152, 1.0
23901.33756665853, 35, -1.0
23912.779948322397, 148, -1.0
23913.889888086185, 148, -1.0
23915.665681050305, 148, -1.0
23915.76192701992, 75, 1.0
23916.583908939523, 75, 1.0
23920.025001817066, 103, 1.0
23922.866829945488, 103, -1.0
23926.2775900253, 154, 1.0
23930.88940595331, 148, -1.0
23937.255720673595, 35, -1.0
23939.178009728428, 148, -1.0
23947.87428846963, 101, -1.0
23948.883988605165, 101, 1.0
23954.35020166025, 101, 1.0
23962.919251800802, 152, 1.0
23963.26159061847, 75, -1.0
23971.763514285252, 35, -1.0
23971.94217141326, 35, -1.0
23975.079532598716, 75, -1.0
23979.365156154836, 75, 1.0
23981.385062240875, 75, 1.0
23982.321383669994, 35, -1.0
23986.87061120287, 35, -1.0
23993.91477424866, 152, -1.0
23996.251934815093, 152, -1.0
23998.893416203595, 154, 1.0
24002.09184419112, 154, 1.0
24002.45390078539, 148, -1.0
24008.33517689786, 44, -1.0
24011.868955368256, 75, 1.0
24013.13117631974, 101, 1.0
24014.742340607667, 35, -1.0
24017.76463887471, 35, -1.0
24020.448169735097, 44, -1.0
24021.828332674704, 75, 1.0
24036.849466231375, 35, 1.0
24037.75636284564, 35, -1.0
24037.93067469814, 44, -1.0
24038.88011674782, 35, 1.0
24041.626961188445, 101, 1.0
24055.791593007427, 154, 1.0
24061.699289426426, 103, 1.0
24064.252377216435, 44, -1.0
24065.35648110616, 101, 1.0
24071.2103738743, 35, 1.0
24077.251748513387, 101, 1.0
24084.788407193693, 44, -1.0
24092.85234565895, 152, 1.0
24099.894707050815, 75, -1.0
24100.07384802834, 75, 1.0
24108.83682475671, 75, -1.0
24112.45025623083, 35, -1.0
24117.596706350563, 152, -1.0
24127.63603086989, 154, 1.0
24129.969880028042, 35, -1.0
24139.3248940497, 101, -1.0
24140.407131921824, 101, 1.0
24142.683127802404, 75, 1.0
24143.602122834924, 75, 1.0
24144.506957694663, 35, -1.0
24152.80105764824, 101, 1.0
24156.80090045952, 154, 1.0
24162.332354545113, 75, 1.0
24170.032576820315, 75, 1.0
24170.86116795998, 75, 1.0
24176.97156661168, 75, 1.0
24178.96318616133, 35, -1.0
24180.1272987042, 35, -1.0
24183.012097614384, 152, -1.0
24183.146154653645, 154, 1.0
24185.36068465872, 154, -1.0
24194.085859296778, 101, -1.0
24196.963470881947, 35, -1.0
24204.801557207735, 35, -1.0
24206.490065519763, 152, -1.0
24214.167181241053, 35, -1.0
24214.356658261575, 75, -1.0
24219.45554050041, 44, -1.0
24219.670234736986, 101, 1.0
24222.004442809648, 101, -1.0
24223.03051604859, 154, 1.0
24226.802674695948, 35, -1.0
24230.883456836462, 75, 1.0
24230.95466460508, 75, 1.0
24235.102514970375, 148, -1.0
24239.39619439795, 148, -1.0
24242.174312101553, 44, -1.0
24244.010008980284, 152, 1.0
24249.83751622087, 35, -1.0
24252.18085522415, 103, 1.0
24256.179990483644, 44, -1.0
24261.728307389407, 148, 1.0
24269.418006751148, 35, -1.0
24281.120973588342, 44, -1.0
24283.014283868655, 101, 1.0
24288.175520482364, 75, -1.0
24288.235623183387, 152, -1.0
24294.363602852893, 44, 1.0
24295.076798291568, 44, -1.0
24297.580106560097, 101, 1.0
24305.39537413393, 35, -1.0
24309.51782036969, 35, -1.0
24311.694474132528, 75, -1.0
24316.76668288419, 101, 1.0
24322.271230873983, 44, -1.0
24330.912331356387, 101, 1.0
24331.899071190357, 148, -1.0
24334.688512513363, 148, -1.0
24335.338836844447, 44, -1.0
24336.82889694034, 101, -1.0
24338.48763079406, 44, -1.0
24338.876761188832, 103, 1.0
24341.996691666813, 75, 1.0
24346.127199051873, 35, -1.0
24352.01343490533, 154, 1.0
24355.827240753562, 35, -1.0
24363.6097825759, 44, 1.0
24368.31628627722, 152, -1.0
24369.62799379179, 44, -1.0
24374.86060337846, 75, 1.0
24375.461196768705, 148, -1.0
24376.820965074436, 103, 1.0
24384.140105231825, 35, -1.0
24386.090174561643, 101, -1.0
24387.177593504846, 103, 1.0
24396.57870022939, 101, 1.0
24402.769397376753, 154, 1.0
24404.766578663613, 152, -1.0
24413.81642837403, 44, -1.0
24416.539401693357, 75, 1.0
24423.137126229154, 75, 1.0
24436.545191173653, 101, 1.0
24436.670552293584, 75, 1.0
24455.975115449473, 75, -1.0
24466.518694136637, 35, 1.0
24468.126418573258, 103, 1.0
24469.644104761384, 75, 1.0
24473.561348048494, 35, -1.0
24474.851842440225, 75, -1.0
24480.244137714162, 35, -1.0
24480.87629186654, 101, -1.0
24484.33110927436, 154, 1.0
24487.65264690105, 35, -1.0
24488.81988005108, 35, -1.0
24490.916303521615, 44, -1.0
24494.27172989345, 44, -1.0
24495.22001727316, 75, -1.0
24495.92050743645, 101, 1.0
24498.10085445571, 154, 1.0
24509.761120654315, 35, 1.0
24511.599365336966, 101, 1.0
24516.28439259334, 75, -1.0
24516.339976029987, 101, 1.0
24522.184716086897, 35, -1.0
24523.884212100253, 101, -1.0
24524.333040692254, 101, -1.0
24526.18657086153, 101, 1.0
24530.501584468686, 101, -1.0
24530.52968046573, 101, -1.0
24533.007328490068, 75, 1.0
24547.2733257951, 103, 1.0
24549.534802521033, 35, -1.0
24556.75938193785, 103, 1.0
24557.89542170848, 152, -1.0
24560.203610144985, 154, 1.0
24562.251461297, 35, 1.0
24568.120782856124, 35, -1.0
24570.188160371436, 148, -1.0
24584.89490841745, 101, 1.0
24588.948820554757, 103, 1.0
24590.159904243614, 152, -1.0
24595.46812951119, 35, 1.0
24597.4997764864, 35, -1.0
24597.56892057946, 44, -1.0
24598.999545391256, 152, -1.0
24599.603467475707, 75, 1.0
24601.236466424205, 101, 1.0
24604.46339508399, 35, 1.0
24611.541410056587, 148, -1.0
24612.244230773413, 44, -1.0
24613.94007961543, 101, 1.0
24621.283779015776, 152, 1.0
24624.689116961978, 35, -1.0
24624.731903440414, 35, 1.0
24628.913903654182, 101, 1.0
24634.208648681706, 75, 1.0
24641.07012628337, 101, 1.0
24643.23168547871, 35, -1.0
24643.97799959641, 152, -1.0
24647.148690841, 101, 1.0
24647.91191872222, 101, -1.0
24653.37977693136, 75, -1.0
24658.8632675569, 152, -1.0
24661.48344503121, 101, 1.0
24672.685881202025, 101, 1.0
24673.452029117725, 154, 1.0
24676.752451920747, 35, 1.0
24679.104212166247, 101, 1.0
24679.541981150884, 75, 1.0
24686.786090678077, 103, 1.0
24687.93857856351, 44, -1.0
24697.352607993533, 35, -1.0
24697.507100401242, 44, -1.0
24707.363775024685, 75, 1.0
24707.58062335398, 75, 1.0
24730.77057539359, 75, -1.0
24731.429178561342, 75, -1.0
24742.356536235424, 75, -1.0
24746.47815814021, 148, -1.0
24747.382481125376, 103, 1.0
24748.63879080214, 103, 1.0
24748.80910094199, 44, -1.0
24752.84487175176, 152, -1.0
24756.118879797083, 35, -1.0
24765.273613216938, 152, -1.0
24765.528225582377, 103, 1.0
24767.229804340113, 75, -1.0
24769.428015035523, 152, 1.0
24772.706685652778, 75, -1.0
24777.27440568096, 44, -1.0
24777.63873305241, 44, -1.0
24779.63644420845, 35, -1.0
24780.290824907137, 75, 1.0
24799.67050494293, 35, -1.0
24807.288537515873, 35, -1.0
24808.17534574734, 101, -1.0
24809.665684041192, 75, 1.0
24821.318224127936, 35, -1.0
24825.828889101544, 101, 1.0
24833.470814179353, 75, 1.0
24838.735992101967, 154, 1.0
24838.861905909474, 101, -1.0
24841.173863217708, 154, 1.0
24847.545197226027, 44, -1.0
24847.786418288964, 101, 1.0
24850.097518669354, 101, 1.0
24852.323074559376, 75, 1.0
24869.831219068696, 35, -1.0
24872.016224026975, 101, 1.0
24880.684041337387, 44, -1.0
24882.240616968425, 75, -1.0
24884.95532782355, 35, -1.0
24885.15628279461, 101, 1.0
24888.57035543906, 101, 1.0
24889.351106423735, 154, 1.0
24894.381526958554, 101, 1.0
24894.4787565067, 75, 1.0
24902.19058055241, 75, -1.0
24907.291356149097, 35, -1.0
24914.21456229465, 103, 1.0
24923.276248442977, 148, 1.0
24936.309828129655, 35, -1.0
24947.907495439977, 35, -1.0
24958.40073186887, 148, -1.0
24967.083645710893, 75, -1.0
24971.30486041822, 154, 1.0
24982.749625574954, 103, 1.0
24987.701598168012, 103, -1.0
24987.888131696596, 103, 1.0
24994.26467820286, 154, 1.0
24995.228985112888, 154, 1.0
24997.054041247633, 101, 1.0
25004.053526027812, 75, 1.0
25011.571899367875, 101, 1.0
25018.219036419036, 152, 1.0
25019.80921007603, 35, -1.0
25021.576984863426, 154, 1.0
25039.90698337863, 44, -1.0
25044.20583934947, 148, -1.0
25045.43395532311, 152, 1.0
25049.230347932018, 154, 1.0
25052.89215211274, 148, -1.0
25053.35213948788, 101, 1.0
25053.547506931238, 75, 1.0
25056.918008536915, 44, -1.0
25070.120807235373, 154, 1.0
25072.547227055493, 148, -1.0
25075.15201765538, 75, 1.0
25077.70842244312, 44, -1.0
25078.01600128902, 152, -1.0
25082.33754645373, 148, -1.0
25086.297872914613, 152, 1.0
25100.804195122964, 154, 1.0
25104.116357455307, 101, 1.0
25115.3161352559, 44, 1.0
25116.18984050653, 148, -1.0
25118.923800466684, 101, -1.0
25121.53855580503, 101, 1.0
25122.771018095118, 154, -1.0
25124.804851878016, 75, 1.0
25125.074598492876, 154, 1.0
25125.679726111834, 154, 1.0
25135.117790685697, 148, -1.0
25138.090133958805, 35, -1.0
25139.404634479426, 152, 1.0
25143.070700776138, 152, -1.0
25151.265134560155, 101, 1.0
25154.408002412663, 35, -1.0
25159.17695854923, 75, 1.0
25162.00336211006, 35, -1.0
25163.151227928705, 75, 1.0
25165.871489696252, 154, 1.0
25166.2387852989, 75, 1.0
25169.38385507404, 35, -1.0
25174.109452503115, 75, 1.0
25176.09398570704, 75, -1.0
25178.796495704257, 75, -1.0
25181.467638213413, 101, 1.0
25190.07400118265, 152, 1.0
25192.66858548979, 101, -1.0
25201.917898189164, 35, -1.0
25208.69183822869, 152, -1.0
25213.603399319076, 101, -1.0
25214.353646655843, 103, 1.0
25216.692965700935, 154, 1.0
25216.98337419803, 75, -1.0
25217.265554885784, 44, -1.0
25219.952374241904, 152, 1.0
25231.263089822693, 75, 1.0
25231.796706012443, 154, 1.0
25231.941214189737, 101, -1.0
25245.086921460294, 101, 1.0
25254.116218265342, 154, -1.0
25262.42725579276, 154, 1.0
25265.332371306115, 154, -1.0
25265.33240516686, 75, 1.0
25270.788523946663, 75, -1.0
25275.369459870068, 44, -1.0
25278.8108569301, 35, -1.0
25283.5911782115, 75, -1.0
25288.173753236188, 101, 1.0
25288.507567949462, 75, -1.0
25290.220362061984, 35, -1.0
25300.713393567086, 154, 1.0
25308.212901711435, 101, 1.0
25316.00014844178, 103, -1.0
25328.547789182747, 103, 1.0
25332.365283204403, 75, 1.0
25336.078160169865, 75, -1.0
25341.013650421126, 75, 1.0
25341.294295642652, 148, -1.0
25348.293860561855, 154, 1.0
25350.350760136447, 101, 1.0
25351.820013577348, 103, -1.0
25359.36271504423, 75, -1.0
25360.364758272048, 152, -1.0
25361.708977052615, 44, -1.0
25363.20532784382, 101, 1.0
25364.968131576527, 35, -1.0
25373.996381055837, 103, -1.0
25392.00920934788, 75, -1.0
25392.618696184178, 75, 1.0
25411.606023030774, 101, -1.0
25436.07419795348, 44, -1.0
25436.23197130537, 152, -1.0
25455.459635454634, 101, 1.0
25460.046499139815, 101, 1.0
25461.57368082571, 148, -1.0
25464.044377343074, 154, 1.0
25468.02974630336, 154, 1.0
25470.05254054505, 103, 1.0
25475.711295228088, 152, 1.0
25484.91618447006, 152, -1.0
25488.235659508104, 101, -1.0
25491.987767624843, 148, -1.0
25497.625370794605, 44, 1.0
25500.160607272333, 101, 1.0
25517.759721184997, 35, 1.0
25532.61753982051, 44, -1.0
25532.901239228468, 35, -1.0
25533.039640617237, 101, 1.0
25535.4300657334, 103, 1.0
25540.113429626937, 101, -1.0
25544.078781186534, 35, -1.0
25557.197728534222, 35, -1.0
25560.383118311416, 101, 1.0
25568.665074921857, 35, 1.0
25568.671141308023, 35, 1.0
25570.355754435837, 103, -1.0
25576.494892963667, 101, 1.0
25580.830226502967, 152, 1.0
25581.884593835806, 103, 1.0
25584.389209399793, 148, -1.0
25600.791298339755, 35, -1.0
25604.143068433725, 75, 1.0
25606.349918454267, 154, -1.0
25613.374422923138, 101, 1.0
25617.02580654572, 101, 1.0
25617.416003854196, 103, -1.0
25626.214060760267, 101, 1.0
25630.82631360088, 44, -1.0
25632.25574724876, 75, 1.0
25639.546250842763, 152, -1.0
25645.333861948347, 35, 1.0
25654.70335970951, 101, -1.0
25661.861207386784, 101, 1.0
25662.293480788365, 148, -1.0
25669.96837055455, 75, 1.0
25680.29195703347, 103, 1.0
25684.050659069875, 35, -1.0
25687.112560543068, 152, -1.0
25690.404612689912, 101, 1.0
25693.875964168026, 152, -1.0
25697.939380091684, 75, -1.0
25698.175879035633, 101, 1.0
25702.1032766199, 152, -1.0
25702.86295169171, 152, 1.0
25722.1595722766, 152, -1.0
25728.865682395026, 152, 1.0
25744.549111957178, 148, -1.0
25753.86075472193, 75, 1.0
25754.730716706796, 103, 1.0
25757.495926262898, 44, -1.0
25768.721830264556, 152, 1.0
25774.373503333663, 44, -1.0
25780.32667614171, 101, -1.0
25783.36957412421, 152, -1.0
25785.40518547073, 75, -1.0
25789.418437795677, 75, 1.0
25793.739607832304, 154, -1.0
25803.92666567661, 75, 1.0
25826.03746152921, 103, -1.0
25838.468206549947, 101, -1.0
25841.57313941906, 154, 1.0
25845.94145030582, 103, 1.0
25847.889891387746, 152, -1.0
25850.653334149214, 152, -1.0
25855.285185556913, 101, 1.0
25861.65377750062, 103, -1.0
25868.446701105215, 44, -1.0
25876.25520223689, 44, -1.0
25880.130322871108, 148, -1.0
25886.675799423654, 101, 1.0
25888.125014845602, 75, 1.0
25890.971377688686, 101, 1.0
25903.635753043844, 103, 1.0
25905.21285123205, 103, -1.0
25917.944035857327, 103, 1.0
25918.56480125011, 148, -1.0
25918.60006468167, 75, -1.0
25927.141428537983, 44, -1.0
25933.732745640336, 154, -1.0
25934.573024491354, 101, 1.0
25934.677527862437, 35, -1.0
25941.71893637111, 101, -1.0
25941.987985667336, 148, -1.0
25944.90708126229, 44, -1.0
25945.778138948768, 75, 1.0
25966.90626940557, 44, -1.0
25968.151405661676, 152, 1.0
25971.5261181282, 101, -1.0
25981.642628457477, 44, 1.0
25988.25726305568, 75, -1.0
25991.482991793848, 103, 1.0
25997.326252629056, 103, 1.0
25999.13187005056, 103, 1.0
26000.27227604963, 103, -1.0
26003.30900946152, 152, 1.0
26009.373761539777, 103, 1.0
26017.318133989113, 103, 1.0
26017.636489240605, 154, -1.0
26020.811769841446, 75, 1.0
26030.579130527876, 35, -1.0
26040.16156584156, 148, -1.0
26041.206727847166, 75, -1.0
26050.009680013787, 101, 1.0
26069.37479962101, 75, -1.0
26070.794947277245, 35, -1.0
26084.807815075088, 75, -1.0
26092.836382491412, 101, 1.0
26096.355264410384, 35, -1.0
26104.174550578704, 44, 1.0
26118.15636113373, 103, 1.0
26120.17702454125, 75, 1.0
26121.28623575327, 101, 1.0
26126.72262872866, 101, -1.0
26132.699182359247, 35, -1.0
26135.339228151057, 101, 1.0
26153.68587443404, 35, 1.0
26153.93083049448, 101, -1.0
26157.326823318483, 152, 1.0
26157.90160269319, 103, 1.0
26160.878130058787, 75, 1.0
26164.274154092967, 103, 1.0
26170.426298887593, 44, 1.0
26172.281997598373, 148, -1.0
26173.57687146084, 35, 1.0
26174.757550621493, 152, -1.0
26175.128235537504, 103, 1.0
26177.56062476025, 103, 1.0
26180.79410247053, 148, -1.0
26183.292110360406, 101, 1.0
26204.13952001815, 35, -1.0
26211.459787338485, 103, 1.0
26212.523475818587, 152, 1.0
26227.9185972483, 35, 1.0
26228.451842606715, 75, -1.0
26230.78763854314, 101, 1.0
26231.441352730537, 103, 1.0
26240.575942834836, 152, -1.0
26244.49839873699, 103, 1.0
26255.88416779402, 101, 1.0
26256.016300424806, 35, 1.0
26257.66203355534, 103, 1.0
26257.812586411837, 75, -1.0
26260.692225888964, 75, 1.0
26264.61308790827, 152, -1.0
26265.200359525716, 44, -1.0
26265.966569855467, 35, -1.0
26271.05932200355, 101, 1.0
26272.34066957556, 75, 1.0
26275.344268876564, 154, 1.0
26278.21528928561, 35, -1.0
26283.666531873903, 44, -1.0
26284.845967232533, 75, -1.0
26286.18454772124, 35, 1.0
26288.594242233015, 103, -1.0
26294.48129340237, 148, -1.0
26297.643535672047, 101, -1.0
26304.751011708642, 101, 1.0
26312.427348214413, 101, 1.0
26317.65789620868, 152, -1.0
26319.20510612623, 35, -1.0
26329.294699928218, 75, 1.0
26330.733019716543, 154, 1.0
26337.413678494766, 101, 1.0
26348.90887486707, 101, 1.0
26364.766486038327, 101, 1.0
26368.79617097343, 103, -1.0
26377.87205372932, 154, -1.0
26378.504228250444, 148, -1.0
26381.779052525268, 101, 1.0
26384.88962762816, 103, 1.0
26400.79450719356, 148, -1.0
26402.965735674778, 101, 1.0
26406.428226265445, 101, 1.0
26409.32587070816, 154, 1.0
26418.648170284316, 75, 1.0
26420.006960964212, 154, -1.0
26421.382607489548, 101, 1.0
26426.664797254365, 101, -1.0
26429.855617400473, 152, 1.0
26430.24263455833, 152, -1.0
26432.67188028623, 154, 1.0
26433.080747905424, 148, -1.0
26441.183290358753, 101, 1.0
26441.453410111608, 35, -1.0
26444.548830900138, 103, -1.0
26444.607799136025, 103, -1.0
26451.74608838086, 75, -1.0
26463.87386323505, 101, 1.0
26471.131563700936, 75, -1.0
26471.40077292125, 148, -1.0
26475.139357078166, 35, -1.0
26475.711986099825, 101, 1.0
26482.55320605659, 75, 1.0
26491.35351201789, 101, 1.0
26492.288942113988, 75, 1.0
26499.68537863645, 75, 1.0
26500.893346717305, 44, 1.0
26504.855975074675, 101, -1.0
26505.277780575485, 152, -1.0
26514.846146223856, 152, -1.0
26515.472540924064, 101, 1.0
26522.900413047577, 101, 1.0
26524.362317990526, 101, 1.0
26529.052475664004, 101, 1.0
26529.95928576358, 103, 1.0
26535.056116349468, 75, -1.0
26536.231225205778, 148, -1.0
26538.71380228996, 75, -1.0
26541.910421910598, 101, 1.0
26543.265093318907, 154, 1.0
26545.287893138244, 154, -1.0
26548.91524349126, 75, 1.0
26583.037925594246, 152, -1.0
26585.51814588459, 75, 1.0
26587.4186370709, 101, -1.0
26589.922736566863, 103, -1.0
26594.37608660939, 75, -1.0
26594.469566002896, 75, -1.0
26598.432486018857, 154, 1.0
26602.186056201164, 101, 1.0
26602.272772427463, 75, -1.0
26605.99342990639, 154, 1.0
26618.012827889925, 35, -1.0
26619.613043055488, 75, -1.0
26646.590382674083, 101, -1.0
26650.515857694365, 103, 1.0
26654.609660346196, 152, -1.0
26665.865835505476, 75, -1.0
26667.511195667543, 103, 1.0
26674.580270362065, 148, -1.0
26699.711686094106, 35, 1.0
26700.418825817196, 35, -1.0
26705.355850216703, 75, -1.0
26706.13098761601, 35, -1.0
26711.107443416873, 101, 1.0
26711.263455530847, 148, -1.0
26716.532426814007, 103, 1.0
26717.715401086927, 103, 1.0
26722.40328008072, 44, -1.0
26739.938001284678, 103, 1.0
26741.812401793104, 103, -1.0
26750.049168455793, 101, 1.0
26754.416858673023, 75, 1.0
26755.913802448165, 154, 1.0
26760.249177562586, 101, -1.0
26765.36600034065, 152, -1.0
26767.586949696462, 148, 1.0
26775.973420313025, 101, 1.0
26776.15728978934, 75, -1.0
26784.430748799394, 101, 1.0
26784.7569912726, 75, -1.0
26797.93356779454, 35, -1.0
26801.403948780506, 75, -1.0
26803.01402337705, 35, -1.0
26805.82078745314, 101, 1.0
26809.38525796156, 35, -1.0
26811.523595298175, 75, 1.0
26819.771430257457, 101, 1.0
26822.39411551725, 101, 1.0
26824.190096883693, 75, -1.0
26834.691559743136, 35, -1.0
26835.610792184478, 101, 1.0
26837.008692635725, 75, -1.0
26838.07265629078, 35, -1.0
26842.39454757346, 152, -1.0
26846.911908741713, 35, 1.0
26849.247400041888, 44, -1.0
26861.833553705717, 75, 1.0
26866.830514125904, 103, 1.0
26868.739690575418, 75, -1.0
26868.789293087815, 103, -1.0
26871.073900204607, 101, 1.0
26875.388331108225, 44, -1.0
26883.364233253942, 75, -1.0
26884.968422224625, 75, -1.0
26888.983167188813, 35, -1.0
26891.02132160511, 75, 1.0
26892.962770277827, 75, 1.0
26894.396601337794, 148, -1.0
26897.89881982936, 152, -1.0
26899.42289666729, 152, 1.0
26905.533561812565, 154, 1.0
26911.050769758796, 44, -1.0
26913.10316322466, 148, -1.0
26918.153210550765, 101, 1.0
26919.627459432217, 35, -1.0
26927.68943708742, 101, -1.0
26929.86817123935, 35, -1.0
26942.65556926692, 35, 1.0
26946.360821848357, 101, 1.0
26955.94019383661, 154, 1.0
26956.39663399692, 103, 1.0
26960.109771843152, 154, 1.0
26961.692284289595, 154, 1.0
26971.589386154057, 101, 1.0
26973.72913649747, 75, 1.0
26986.78014499449, 35, -1.0
26991.394608648498, 101, 1.0
26992.778249210074, 148, -1.0
26994.664478734234, 75, -1.0
27004.60230896164, 75, 1.0
27019.20264142244, 101, 1.0
27023.427508511995, 35, -1.0
27024.586036822595, 152, -1.0
27028.186279361275, 103, 1.0
27030.400577480912, 154, -1.0
27033.741017423985, 101, -1.0
27040.459363702364, 44, 1.0
27045.203928726776, 75, -1.0
27049.92056661287, 154, -1.0
27050.317280661773, 35, -1.0
27056.2810989292, 101, 1.0
27062.9011113925, 103, 1.0
27068.848386535155, 35, -1.0
27069.193233989186, 35, -1.0
27071.95059330175, 148, -1.0
27073.163390681373, 154, -1.0
27073.384251384843, 101, -1.0
27074.40033810963, 101, 1.0
27074.686379863244, 103, 1.0
27088.286805052514, 101, 1.0
27088.539498900576, 101, 1.0
27090.165903825382, 103, 1.0
27096.3624670721, 154, -1.0
27096.77714234691, 101, 1.0
27107.858364364456, 44, -1.0
27116.37402207644, 148, -1.0
27116.62532239056, 44, -1.0
27120.707470066915, 154, 1.0
27123.84932790007, 35, -1.0
27134.87450747437, 75, -1.0
27139.24402561795, 101, 1.0
27155.00723356585, 152, -1.0
27160.503748131716, 103, 1.0
27171.7679466803, 152, 1.0
27175.008520946012, 75, 1.0
27177.88739363933, 75, -1.0
27178.366783938145, 148, -1.0
27191.21708673719, 103, 1.0
27196.411599066738, 44, -1.0
27200.998077312917, 75, -1.0
27201.54187551528, 154, 1.0
27207.417086517788, 152, -1.0
27215.12438132478, 152, -1.0
27215.73307970543, 101, 1.0
27219.52296702196, 101, -1.0
27230.31822614637, 154, 1.0
27238.546110046274, 148, -1.0
27248.903043255537, 35, -1.0
27262.043211563432, 75, 1.0
27263.719660735973, 152, 1.0
27263.823488808583, 44, -1.0
27275.98374269934, 75, 1.0
27280.75397528971, 35, -1.0
27282.01851509039, 101, 1.0
27303.15662105029, 75, -1.0
27309.556909100127, 148, -1.0
27312.054439693922, 75, 1.0
27314.431880370765, 44, -1.0
27315.5329915073, 44, 1.0
27318.947503785173, 148, -1.0
27320.91478708625, 35, 1.0
27321.157947697626, 101, -1.0
27321.1722150857, 35, -1.0
27324.184622301047, 101, -1.0
27342.519507106645, 154, -1.0
27342.938594771713, 44, -1.0
27356.411583683665, 101, 1.0
27356.923259857525, 44, -1.0
27359.738699620757, 148, -1.0
27362.65830689638, 75, 1.0
27372.720010504603, 101, 1.0
27372.9195878684, 75, -1.0
27375.76656713714, 101, 1.0
27380.59844650683, 101, 1.0
27390.504553059935, 103, 1.0
27400.416285086143, 154, -1.0
27405.90510550065, 152, -1.0
27406.395018028048, 101, 1.0
27407.397980294332, 103, 1.0
27408.21391610288, 154, 1.0
27416.187164476065, 103, 1.0
27422.892023416127, 44, -1.0
27423.22980200856, 103, 1.0
27430.59304337061, 103, 1.0
27432.31471645301, 148, -1.0
27432.562838323734, 101, 1.0
27433.258061507146, 152, -1.0
27444.94949432098, 152, -1.0
27450.125948731515, 154, -1.0
27454.556020730914, 101, 1.0
27462.958918386128, 152, -1.0
27464.091104698124, 101, 1.0
27473.749434213478, 75, 1.0
27478.491930180495, 154, 1.0
27481.978476181106, 75, 1.0
27485.371534787493, 35, -1.0
27487.008091771742, 103, 1.0
27489.140131946617, 75, -1.0
27496.244220114175, 103, 1.0
27504.866627744057, 101, 1.0
27509.046316774136, 101, -1.0
27521.981248827204, 148, -1.0
27531.67478509159, 101, 1.0
27541.495164699238, 101, 1.0
27553.967704710176, 75, -1.0
27556.89191611459, 101, -1.0
27562.340897916594, 35, -1.0
27564.256019547684, 148, -1.0
27565.05853575453, 44, -1.0
27567.290787280326, 154, -1.0
27568.359624905803, 154, -1.0
27570.20726102962, 152, 1.0
27579.021391367016, 152, 1.0
27601.21168731599, 101, 1.0
27627.369290574836, 101, 1.0
27631.941327854514, 152, -1.0
27632.486300808232, 35, 1.0
27633.555051882326, 35, -1.0
27635.38610272447, 148, -1.0
27635.49096979984, 103, 1.0
27636.881494136855, 75, -1.0
27637.83293374033, 103, 1.0
27640.081355946862, 44, -1.0
27649.491787282703, 101, 1.0
27659.838716856375, 101, 1.0
27687.31971969871, 75, 1.0
27694.065155640135, 35, -1.0
27697.57470079721, 103, 1.0
27705.401686756213, 75, 1.0
27710.10762107765, 44, 1.0
27713.782736944486, 75, -1.0
27714.4355467982, 154, -1.0
27715.944504593746, 75, -1.0
27723.44813800751, 103, -1.0
27724.27303415304, 101, -1.0
27728.731895920024, 152, -1.0
27729.923542669014, 35, -1.0
27740.41923040327, 154, 1.0
27740.906619576555, 152, -1.0
27743.33710931572, 101, 1.0
27757.133753583756, 75, -1.0
27769.63123730444, 154, -1.0
27772.134459417204, 101, 1.0
27772.17901256065, 148, -1.0
27776.464125546954, 103, -1.0
27776.684762232657, 75, 1.0
27777.497990063617, 152, -1.0
27778.77106925429, 101, 1.0
27779.83610384171, 35, -1.0
27786.6773498741, 75, -1.0
27789.25522697655, 35, -1.0
27798.685106411656, 101, 1.0
27799.03830880561, 154, 1.0
27804.90624358407, 152, 1.0
27805.44086689763, 44, -1.0
27808.99868385722, 101, 1.0
27815.029149335012, 152, 1.0
27819.024182729612, 101, 1.0
27819.963440559226, 103, -1.0
27821.236445948518, 103, 1.0
27828.034212290648, 75, 1.0
27833.57155830716, 35, -1.0
27835.169612451755, 75, -1.0
27837.525339788106, 35, 1.0
27840.352686020313, 148, -1.0
27849.132930065345, 44, -1.0
27853.195619124115, 148, -1.0
27858.99854960948, 101, -1.0
27859.672565264176, 101, 1.0
27865.344551669565, 75, -1.0
27897.69700210871, 154, 1.0
27898.839737943774, 152, -1.0
27911.548507052998, 154, -1.0
27915.013701235028, 75, 1.0
27921.92315170386, 101, 1.0
27928.847947162027, 44, -1.0
27929.47489549614, 152, -1.0
27942.10206582493, 103, -1.0
27943.022534230666, 148, -1.0
27947.736758860738, 101, 1.0
27962.36840511509, 152, -1.0
27963.489094542903, 154, 1.0
27969.780600170707, 35, 1.0
27974.510000166036, 148, -1.0
27977.00049870082, 75, -1.0
27981.613797534686, 101, 1.0
27984.144597235892, 152, -1.0
27991.09584210465, 103, 1.0
27991.53447506436, 103, -1.0
27993.757178330052, 35, -1.0
28001.519211553412, 101, -1.0
28013.332120620384, 101, -1.0
28017.74903226016, 103, 1.0
28028.643796608234, 75, 1.0
28032.16960769484, 101, 1.0
28040.824610864558, 75, -1.0
28042.946158109557, 35, -1.0
28045.013459246693, 103, 1.0
28052.502577452236, 35, -1.0
28058.747736189915, 101, -1.0
28060.903253213004, 101, 1.0
28067.86999059164, 35, -1.0
28084.492044102473, 35, -1.0
28087.769011780823, 35, -1.0
28091.731661099795, 35, -1.0
28095.315289084458, 152, 1.0
28096.958177699355, 101, -1.0
28121.01881406883, 75, -1.0
28128.21847887449, 75, -1.0
28132.25012093321, 35, -1.0
28145.31904211318, 152, -1.0
28151.637648851738, 152, -1.0
28154.719258902274, 44, -1.0
28159.928139239317, 35, -1.0
28162.04492095848, 75, 1.0
28163.745645818213, 101, -1.0
28167.208788273485, 103, 1.0
28175.990555550616, 154, 1.0
28186.692278502225, 154, -1.0
28195.05400244286, 35, -1.0
28206.40481398328, 103, 1.0
28207.478627519202, 154, 1.0
28209.13876972019, 75, 1.0
28210.493568458776, 75, -1.0
28219.713682998765, 75, -1.0
28228.641413074194, 101, 1.0
28230.668393645876, 101, 1.0
28232.19948238961, 75, 1.0
28235.49281543628, 152, 1.0
28236.304901545318, 75, -1.0
28238.77814819585, 101, 1.0
28239.152882753995, 103, 1.0
28239.747589874103, 101, -1.0
28242.422839861632, 103, 1.0
28249.578664410365, 103, -1.0
28273.50050255698, 44, -1.0
28277.010941159744, 154, 1.0
28278.103747306646, 152, 1.0
28279.288490497078, 75, 1.0
28281.59815697984, 152, -1.0
28282.141345829255, 154, -1.0
28285.127474491575, 154, 1.0
28289.815261430627, 44, -1.0
28299.660015682723, 101, 1.0
28302.889281890708, 75, 1.0
28309.73643531836, 154, -1.0
28312.43738442059, 101, 1.0
28314.593069853625, 35, -1.0
28316.600338570963, 101, 1.0
28335.002955559175, 103, 1.0
28339.596682195424, 75, 1.0
28340.80384155403, 103, 1.0
28346.115283784173, 35, -1.0
28357.675657819807, 35, -1.0
28359.592192231135, 154, -1.0
28361.18123878399, 148, -1.0
28365.26473796168, 101, 1.0
28368.732433644127, 75, -1.0
28369.886318491135, 75, 1.0
28374.78704887684, 35, 1.0
28379.61613584715, 154, -1.0
28383.768920988907, 35, 1.0
28385.220173979276, 152, 1.0
28385.490571064478, 152, -1.0
28391.503821988634, 75, 1.0
28391.72641730704, 101, 1.0
28398.174949307813, 101, 1.0
28400.550830546872, 103, -1.0
28406.90405969398, 154, 1.0
28409.417011637375, 75, -1.0
28418.17849705632, 75, -1.0
28420.55612721656, 101, 1.0
28443.417859789133, 101, 1.0
28446.541334204805, 75, -1.0
28455.144130976543, 75, -1.0
28466.457019098492, 75, 1.0
28471.566922551025, 152, -1.0
28497.133942747794, 154, 1.0
28519.964157759077, 101, -1.0
28525.575696868138, 101, 1.0
28526.90616107129, 101, -1.0
28533.826736527113, 75, -1.0
28538.19748699813, 103, 1.0
28558.132698109715, 101, 1.0
28562.33795045252, 101, -1.0
28567.169306435248, 35, -1.0
28582.310224915887, 75, -1.0
28590.48893941072, 154, -1.0
28606.98931856815, 103, 1.0
28619.093355925543, 75, -1.0
28623.27319639409, 101, 1.0
28631.79980523553, 154, -1.0
28640.679689734952, 75, -1.0
28640.73449787374, 154, 1.0
28640.959907317178, 75, -1.0
28645.185345836475, 35, -1.0
28658.366307205466, 148, -1.0
28662.025476931103, 75, -1.0
28668.608401750287, 35, -1.0
28670.430381073576, 35, -1.0
28671.25813663554, 44, -1.0
28677.503216085242, 101, 1.0
28680.653267687005, 101, 1.0
28682.1873976015, 44, -1.0
28685.74290203947, 103, 1.0
28687.08362368674, 101, 1.0
28692.65930755026, 35, -1.0
28693.217336800662, 101, 1.0
28712.276939298285, 101, 1.0
28715.893694055678, 101, -1.0
28719.834492279493, 75, -1.0
28719.967629825103, 103, 1.0
28729.363167889725, 148, -1.0
28729.79561860978, 101, 1.0
28737.82318262991, 103, 1.0
28756.220690155482, 101, -1.0
28762.066554374855, 101, 1.0
28762.929306068367, 75, 1.0
28764.43403400582, 148, -1.0
28766.87974196025, 101, 1.0
28772.985386610406, 103, 1.0
28778.114712073642, 44, -1.0
28783.280445725428, 101, -1.0
28786.383889412726, 148, -1.0
28794.33799379464, 101, -1.0
28794.963842613986, 35, 1.0
28800.005146800107, 152, -1.0
28803.013726207766, 154, 1.0
28816.64385283662, 101, -1.0
28816.823835458938, 152, 1.0
28817.810549385555, 148, -1.0
28820.357865780174, 75, -1.0
28825.336167270245, 75, -1.0
28825.42853001273, 75, -1.0
28825.863054722464, 148, -1.0
28834.41749554146, 152, -1.0
28837.3679539589, 103, 1.0
28839.2184259411, 101, -1.0
28843.84889968163, 152, 1.0
28844.080403274213, 101, -1.0
28852.58209366871, 35, -1.0
28857.62114463009, 148, -1.0
28857.714139289557, 103, 1.0
28864.6206159638, 148, -1.0
28874.12488992791, 152, -1.0
28876.102910006608, 75, -1.0
28876.704687467336, 154, 1.0
28884.040346135902, 101, -1.0
28886.01160039887, 103, 1.0
28896.87514943439, 35, -1.0
28900.80864184569, 44, 1.0
28904.616925877104, 101, 1.0
28908.810789816078, 101, -1.0
28909.51696291917, 75, 1.0
28910.34679422767, 35, -1.0
28917.102274019508, 35, -1.0
28921.176149147206, 152, 1.0
28921.665173075235, 148, -1.0
28928.248140258223, 35, -1.0
28929.7589262639, 75, 1.0
28930.044574895473, 154, -1.0
28934.003313697613, 148, -1.0
28940.887656715273, 44, -1.0
28944.76217231076, 75, 1.0
28947.339068518526, 103, 1.0
28950.638626285287, 75, -1.0
28956.89558195767, 148, -1.0
28957.702708846668, 101, 1.0
28957.76121746963, 101, 1.0
28963.600913489456, 152, 1.0
28966.14852200866, 35, 1.0
28969.701896878472, 101, -1.0
28971.05986288047, 75, -1.0
28971.64833337756, 35, 1.0
28979.03078249903, 148, -1.0
28984.244653650032, 101, -1.0
28990.284314742137, 75, 1.0
28993.472379090545, 44, -1.0
29000.582144771197, 152, 1.0
29000.691769097986, 44, -1.0
29006.3507172818, 152, -1.0
29009.777833281067, 35, 1.0
29015.935020552773, 148, -1.0
29021.88378007598, 101, 1.0
29022.688035528776, 154, -1.0
29026.223479314827, 35, 1.0
29039.293685390658, 75, 1.0
29042.432196699512, 148, -1.0
29043.22275745417, 35, 1.0
29043.249605967558, 152, -1.0
29047.483174812107, 44, -1.0
29053.491694996308, 75, 1.0
29055.37232327892, 75, -1.0
29059.662794135056, 75, -1.0
29062.316289285012, 148, -1.0
29069.96273142321, 75, 1.0
29093.51136460771, 75, -1.0
29104.671114084485, 101, 1.0
29105.38530423539, 75, 1.0
29107.731548322605, 35, 1.0
29108.478803215912, 103, 1.0
29108.511128928654, 75, 1.0
29109.83271942207, 44, -1.0
29111.984926809182, 101, -1.0
29121.061549345086, 152, -1.0
29125.607373843504, 152, -1.0
29126.45943971499, 35, 1.0
29129.855449907118, 101, -1.0
29138.07039098126, 75, -1.0
29141.070985971608, 152, 1.0
29169.23603873594, 103, -1.0
29174.297236288807, 75, 1.0
29174.776235895235, 103, 1.0
29175.40197473928, 154, -1.0
29175.87161342922, 75, -1.0
29177.1871300798, 148, -1.0
29181.670634653263, 101, -1.0
29187.092103581457, 101, -1.0
29187.51506746312, 154, 1.0
29191.369341836682, 154, -1.0
29192.194334701384, 154, -1.0
29196.450476801332, 75, 1.0
29210.136039381076, 148, -1.0
29216.594736140207, 148, -1.0
29218.37749398667, 101, 1.0
29240.125814147406, 35, 1.0
29240.94853633562, 75, 1.0
29251.10810196537, 35, 1.0
29253.631541411396, 101, 1.0
29262.68453069669, 103, -1.0
29275.684230472743, 101, 1.0
29281.19310026146, 75, 1.0
29297.46164222034, 75, 1.0
29310.95744277848, 152, -1.0
29311.404400057516, 101, -1.0
29316.31573236822, 148, -1.0
29322.869709562106, 35, -1.0
29325.05783471093, 35, -1.0
29326.008007528355, 35, 1.0
29327.41710711145, 152, -1.0
29331.545338493564, 75, -1.0
29334.713710855933, 75, -1.0
29337.5162688874, 154, 1.0
29341.749262166453, 35, 1.0
29343.16498329576, 101, 1.0
29349.059477520088, 101, 1.0
29351.91194985114, 148, -1.0
29356.724326824227, 75, 1.0
29360.178030878087, 154, -1.0
29373.609963889026, 148, -1.0
29375.528447429602, 101, -1.0
29378.27475140789, 75, -1.0
29385.373016681184, 154, -1.0
29389.541729960718, 35, -1.0
29392.052939367444, 101, 1.0
29392.256342306493, 103, 1.0
29400.9426874244, 101, 1.0
29401.32853723636, 148, -1.0
29401.399679840248, 103, 1.0
29413.82082877838, 35, -1.0
29414.126554533137, 148, -1.0
29415.440917867516, 75, 1.0
29416.842111256567, 152, -1.0
29417.069259558226, 75, 1.0
29432.339633606607, 103, 1.0
29432.355281436638, 103, 1.0
29434.45147860725, 75, 1.0
29440.092263032424, 75, -1.0
29441.77799768703, 148, -1.0
29441.820476405697, 101, 1.0
29454.0690475605, 103, -1.0
29457.456448115416, 152, -1.0
29457.713432180477, 75, 1.0
29458.316358982855, 148, 1.0
29459.54805403341, 103, -1.0
29461.818684035774, 154, -1.0
29466.95313082409, 44, -1.0
29468.343046723774, 148, -1.0
29472.822659280828, 75, -1.0
29473.558007047686, 152, -1.0
29501.061870267, 35, 1.0
29507.267399989374, 101, -1.0
29514.562591364, 148, -1.0
29515.027067829502, 154, -1.0
29533.02375230608, 148, -1.0
29541.604768816087, 35, 1.0
29554.173886396893, 44, -1.0
29555.987999309917, 35, -1.0
29568.898027953488, 75, -1.0
29570.02517066, 35, 1.0
29573.011207092186, 75, 1.0
29589.27352082911, 152, 1.0
29596.113784392797, 35, -1.0
29597.63875475877, 152, -1.0
29600.98282762122, 75, -1.0
29615.72763419375, 101, 1.0
29627.33086228122, 152, -1.0
29639.160480440576, 148, -1.0
29642.09438442553, 75, -1.0
29642.357621063955, 154, -1.0
29644.596900814813, 148, -1.0
29645.61678473546, 101, 1.0
29653.971320170913, 101, -1.0
29654.221446730622, 75, 1.0
29654.999348850146, 148, -1.0
29657.673392807475, 44, -1.0
29668.007053585512, 103, 1.0
29669.1821127361, 75, 1.0
29670.506848318633, 75, 1.0
29670.73529364296, 148, -1.0
29673.713786675442, 75, 1.0
29675.89217613054, 101, 1.0
29687.280932564463, 75, -1.0
29687.793629942462, 35, 1.0
29712.90955373454, 75, 1.0
29714.46007091916, 103, 1.0
29728.839969817243, 75, 1.0
29729.07492236705, 75, 1.0
29730.244733111296, 35, -1.0
29730.283951330086, 152, -1.0
29732.395733388028, 148, -1.0
29733.593682158007, 101, 1.0
29740.97289776103, 148, -1.0
29742.062917038664, 154, -1.0
29742.631182880363, 75, 1.0
29746.39640471228, 75, 1.0
29751.055856536754, 101, -1.0
29755.046662557048, 101, -1.0
29755.86947200625, 35, -1.0
29760.457097867515, 154, 1.0
29763.797532224442, 101, 1.0
29764.529288584094, 101, -1.0
29767.032490406822, 35, -1.0
29768.867889267567, 101, 1.0
29771.554272272166, 101, 1.0
29792.40924286929, 154, -1.0
29801.398052244163, 35, -1.0
29801.999777424535, 35, -1.0
29802.074018123396, 154, 1.0
29803.133725276362, 75, 1.0
29805.387547794126, 44, -1.0
29805.895797211862, 152, -1.0
29807.10558074427, 75, 1.0
29814.64434943705, 148, -1.0
29817.297051402544, 35, -1.0
29829.548396647355, 75, 1.0
29835.331144649677, 148, -1.0
29845.366326540367, 35, -1.0
29851.732979242897, 154, 1.0
29852.48869169387, 101, 1.0
29854.840145367565, 152, -1.0
29869.915393790485, 152, 1.0
29876.269459452713, 148, -1.0
29879.635063968035, 35, 1.0
29880.20375984238, 75, 1.0
29882.734817515953, 101, 1.0
29891.360905178855, 101, 1.0
29892.02470870178, 35, -1.0
29898.9118649605, 35, -1.0
29906.793488854375, 154, 1.0
29907.811128075846, 44, -1.0
29930.436926647282, 75, 1.0
29930.614390686853, 75, 1.0
29934.094640792457, 35, 1.0
29938.78517081577, 35, 1.0
29944.078693694115, 103, 1.0
29947.985311621276, 103, -1.0
29954.169144712763, 152, 1.0
29957.09236545373, 103, -1.0
29962.795344225306, 154, 1.0
29964.123868688468, 35, 1.0
29964.873571176526, 75, 1.0
29970.96664229089, 101, 1.0
29971.434310457975, 101, 1.0
29972.795013784045, 44, -1.0
29984.20480892314, 101, -1.0
29993.862559775414, 148, -1.0
29997.578032651247, 75, 1.0
29997.75497479628, 75, -1.0
29999.82503381095, 152, 1.0
30000.400338297113, 44, -1.0
30005.8803330391, 103, 1.0
30013.42882546405, 75, -1.0
30017.873063194165, 35, -1.0
30019.57260026859, 75, -1.0
30020.79371601324, 101, -1.0
30024.762084662656, 75, -1.0
30028.944712631324, 152, -1.0
30030.975733197378, 101, -1.0
30038.2128654583, 148, -1.0
30039.99278079333, 148, -1.0
30044.98463947389, 101, 1.0
30056.55134834172, 44, -1.0
30059.488275957614, 148, -1.0
30060.646970043214, 44, -1.0
30060.94291105429, 101, -1.0
30067.956218733987, 44, -1.0
30070.2486009484, 75, 1.0
30076.945538932665, 154, 1.0
30094.538551234305, 35, 1.0
30095.202153315317, 35, 1.0
30105.65700615355, 103, 1.0
30107.28464628997, 103, 1.0
30109.865079118466, 154, -1.0
30110.799299673272, 44, -1.0
30123.69397053644, 154, 1.0
30123.831561034815, 44, 1.0
30126.85011413898, 35, 1.0
30127.457073943093, 101, -1.0
30127.98491694704, 75, -1.0
30138.402689118324, 152, 1.0
30139.926197273464, 44, -1.0
30144.100365669554, 152, -1.0
30151.74414194909, 35, -1.0
30157.293388375394, 35, -1.0
30169.19853752053, 148, -1.0
30173.734133022397, 101, 1.0
30175.877846268573, 152, -1.0
30179.328188013023, 75, -1.0
30183.792731774964, 101, -1.0
30185.807875290622, 101, -1.0
30192.16671989829, 101, 1.0
30197.943355706706, 44, -1.0
30201.18378952294, 35, 1.0
30209.645416840547, 148, -1.0
30216.37073472338, 35, 1.0
30219.73808466723, 75, 1.0
30221.16540771776, 152, 1.0
30237.18457753326, 154, -1.0
30237.65034663277, 35, -1.0
30239.077956512047, 35, -1.0
30250.507350918913, 103, -1.0
30262.51308418368, 154, -1.0
30264.032910511076, 101, -1.0
30268.036829825334, 75, 1.0
30282.695980134253, 75, 1.0
30283.826221448664, 148, -1.0
30285.80873033859, 154, 1.0
30287.493816973212, 75, 1.0
30289.062508952335, 44, -1.0
30291.05073093136, 75, -1.0
30291.925334247222, 101, 1.0
30299.00452696417, 44, -1.0
30305.165437921205, 148, -1.0
30310.252321893004, 148, -1.0
30319.017875925063, 148, -1.0
30332.180357864094, 75, 1.0
30334.43665529162, 35, -1.0
30335.408386324376, 101, -1.0
30337.072363522297, 101, 1.0
30340.182473054636, 75, -1.0
30353.527975358233, 152, -1.0
30365.045032967686, 101, 1.0
30371.78334936697, 75, -1.0
30376.364957749913, 75, -1.0
30379.754669015194, 101, -1.0
30380.061350533888, 35, -1.0
30385.851414421515, 154, -1.0
30392.42034171345, 148, -1.0
30398.94239867183, 75, -1.0
30399.074718678978, 75, -1.0
30406.892189004604, 148, -1.0
30408.82205439023, 103, 1.0
30413.903888375597, 154, -1.0
30417.841587067822, 152, 1.0
30424.12634132943, 35, -1.0
30449.002573504615, 75, 1.0
30455.077919864056, 101, 1.0
30462.160745315112, 75, -1.0
30466.670379833697, 101, 1.0
30471.14040462614, 154, 1.0
30475.229516837124, 75, 1.0
30486.914094569114, 148, -1.0
30491.487773633282, 101, -1.0
30493.903662073797, 152, -1.0
30500.84380533881, 152, -1.0
30502.208683347177, 101, -1.0
30506.327594879964, 152, 1.0
30508.35038864619, 75, 1.0
30509.223503926412, 101, -1.0
30510.36316525844, 75, -1.0
30517.301721190313, 152, -1.0
30519.869925547755, 75, 1.0
30520.955347954154, 101, -1.0
30524.84681979982, 101, -1.0
30525.73706006746, 35, 1.0
30531.29989517969, 101, -1.0
30548.36893525073, 152, -1.0
30552.40412503818, 75, 1.0
30582.65793562586, 75, -1.0
30585.78099581465, 152, -1.0
30588.02848749158, 44, -1.0
30596.0255259696, 35, -1.0
30596.51351504521, 44, -1.0
30598.29410898187, 101, -1.0
30604.80662156808, 35, -1.0
30616.25000376318, 44, -1.0
30622.365342474517, 152, -1.0
30624.625161615557, 154, -1.0
30629.047749007463, 152, -1.0
30632.87944616176, 103, 1.0
30640.237024762595, 152, 1.0
30641.305057163365, 101, -1.0
30643.674681533517, 152, -1.0
30652.611388631303, 154, -1.0
30655.727596163568, 154, -1.0
30661.159228943638, 35, 1.0
30664.802046193, 101, 1.0
30669.203448861306, 35, -1.0
30672.07740182959, 35, 1.0
30672.511393798377, 75, 1.0
30672.712691843775, 101, 1.0
30673.930389695157, 35, -1.0
30674.723220730637, 152, -1.0
30686.00055696323, 148, -1.0
30686.98539773319, 101, -1.0
30710.568604919907, 44, -1.0
30724.77383419032, 101, 1.0
30728.01787998325, 103, 1.0
30728.741932699486, 75, 1.0
30734.270725406135, 75, 1.0
30737.04936112997, 35, -1.0
30741.198574149636, 75, 1.0
30746.114040237197, 101, 1.0
30747.48841014442, 103, 1.0
30749.091720749428, 75, 1.0
30764.39473299029, 35, -1.0
30764.470955642555, 101, -1.0
30769.584711783376, 152, -1.0
30770.279240874963, 101, 1.0
30772.709536093447, 75, 1.0
30778.835456465535, 75, -1.0
30779.03363809186, 35, 1.0
30791.85336494253, 101, 1.0
30806.16574416465, 35, -1.0
30806.192318881065, 148, -1.0
30809.86097480793, 75, 1.0
30814.444441099626, 75, -1.0
30816.90823454027, 35, -1.0
30820.41533554769, 75, 1.0
30824.85484761062, 35, -1.0
30832.26416984952, 35, 1.0
30836.820401751433, 75, 1.0
30837.701099312195, 101, 1.0
30849.279406886417, 75, 1.0
30849.665351604028, 35, 1.0
30860.70429959884, 75, -1.0
30871.81891711606, 103, -1.0
30874.88669905916, 103, -1.0
30878.850973054316, 103, -1.0
30878.919848339166, 152, 1.0
30879.421360012562, 44, -1.0
30884.04137736055, 152, -1.0
30884.197194885244, 75, -1.0
30885.477156204128, 103, -1.0
30889.7029497639, 103, 1.0
30898.559240634408, 75, -1.0
30902.330215583945, 35, -1.0
30902.48861936747, 152, -1.0
30908.978672052202, 75, 1.0
30910.14492279402, 35, -1.0
30910.149816662917, 101, -1.0
30912.900814359833, 75, -1.0
30923.550167636564, 148, -1.0
30925.209299331946, 152, -1.0
30925.32473419793, 75, 1.0
30937.202825913162, 75, 1.0
30938.47718631411, 101, -1.0
30954.782559689214, 35, 1.0
30958.14759557737, 35, 1.0
30971.040719113145, 152, -1.0
30975.136894887444, 148, -1.0
30985.213838343254, 44, -1.0
30990.413178330968, 154, -1.0
31011.714516714044, 148, -1.0
31012.530851555926, 75, 1.0
31021.341981828195, 44, -1.0
31026.486275510037, 44, -1.0
31027.59339102006, 101, -1.0
31037.628679240555, 148, -1.0
31038.925504832376, 75, 1.0
31044.823409228396, 154, 1.0
31044.91318830925, 75, 1.0
31046.02159141693, 103, 1.0
31051.369309277085, 44, -1.0
31053.06070076616, 35, -1.0
31066.00871782131, 101, 1.0
31072.234039638348, 148, -1.0
31073.189967820213, 75, 1.0
31081.882938463525, 152, -1.0
31087.196496973425, 35, -1.0
31090.285329171118, 75, -1.0
31093.25710250863, 148, -1.0
31099.366047661468, 35, -1.0
31104.044707104946, 152, -1.0
31112.909533049147, 152, -1.0
31121.182463890054, 75, 1.0
31132.527696246758, 75, -1.0
31137.246128848543, 35, -1.0
31137.828197642513, 148, -1.0
31140.54159249623, 154, -1.0
31142.943865047935, 101, 1.0
31146.559771948545, 75, 1.0
31150.916326834857, 75, 1.0
31157.327955278135, 103, -1.0
31158.01359062747, 75, 1.0
31158.836668467284, 152, -1.0
31161.279085832408, 103, 1.0
31161.980544272632, 152, -1.0
31167.459990478226, 152, 1.0
31168.266104563067, 101, 1.0
31175.777940740303, 103, 1.0
31177.40254229872, 44, -1.0
31179.446519193258, 101, -1.0
31183.872394653925, 101, 1.0
31188.037941415234, 75, 1.0
31192.170252695025, 35, -1.0
31200.417413944793, 35, 1.0
31203.976060915455, 101, -1.0
31204.261955050744, 75, -1.0
31207.186342531255, 35, -1.0
31218.04644139874, 101, 1.0
31220.452952809275, 35, 1.0
31224.174009721108, 75, 1.0
31238.7652624673, 35, 1.0
31259.226498554977, 75, 1.0
31261.833956199414, 152, 1.0
31264.16457187408, 101, 1.0
31265.047141480132, 154, -1.0
31273.690889183577, 154, 1.0
31274.76718659822, 75, 1.0
31284.232194107284, 152, 1.0
31285.65509290803, 101, -1.0
31286.70630216817, 75, 1.0
31291.20311688287, 154, -1.0
31295.495668271134, 75, 1.0
31298.78214745939, 152, -1.0
31300.21960181263, 152, -1.0
31303.20631341556, 35, -1.0
31305.785774230655, 101, -1.0
31318.47460441912, 101, 1.0
31318.503320828033, 103, 1.0
31329.27030082009, 101, -1.0
31339.934778509338, 152, -1.0
31340.650748537922, 152, -1.0
31343.3071127263, 152, 1.0
31343.59331969564, 152, -1.0
31344.713191159928, 35, -1.0
31346.613276888147, 101, 1.0
31355.347956219983, 103, 1.0
31365.9725220024, 154, 1.0
31370.89420984215, 103, -1.0
31371.236166751518, 148, -1.0
31373.05332780213, 148, -1.0
31375.029746109252, 35, -1.0
31377.283334865187, 35, -1.0
31377.571857288873, 103, 1.0
31380.171335686973, 44, -1.0
31387.84819770669, 75, 1.0
31389.42856064222, 148, -1.0
31390.42626161167, 44, -1.0
31391.29980782544, 44, -1.0
31394.6295654401, 75, 1.0
31402.919299659476, 152, -1.0
31403.57958554502, 44, -1.0
31408.29159532336, 103, -1.0
31409.478185766508, 44, -1.0
31409.81531452292, 35, -1.0
31410.8901732124, 148, -1.0
31421.300889115813, 101, -1.0
31431.93072155756, 152, -1.0
31432.607014767167, 35, -1.0
31432.95245652043, 44, -1.0
31434.734720865483, 152, -1.0
31439.90511463366, 101, 1.0
31440.70498495602, 148, -1.0
31444.514153259363, 75, -1.0
31445.509576195946, 101, 1.0
31454.94585027215, 154, 1.0
31469.147951165145, 154, -1.0
31471.535540485682, 154, 1.0
31473.674734384294, 75, 1.0
31487.65360737278, 35, -1.0
31490.862406307002, 101, -1.0
31496.833463402258, 75, 1.0
31509.07179758255, 75, -1.0
31510.61351847809, 152, -1.0
31516.33248311931, 148, -1.0
31525.720212486533, 75, 1.0
31526.75540216109, 101, -1.0
31531.315067092703, 101, -1.0
31535.6904328299, 35, -1.0
31540.65318388602, 101, -1.0
31542.02244145296, 75, 1.0
31551.446027050213, 148, -1.0
31552.723736953445, 148, -1.0
31561.11904913857, 101, 1.0
31570.653147350244, 101, -1.0
31574.59186810003, 101, -1.0
31587.19536781608, 75, 1.0
31594.33563788802, 75, 1.0
31595.785268053485, 148, 1.0
31602.12932859689, 101, -1.0
31624.476939783835, 154, 1.0
31626.416012783244, 103, -1.0
31634.118667477596, 44, -1.0
31634.49646316169, 154, 1.0
31634.653579958038, 103, -1.0
31636.150732598184, 75, -1.0
31644.314812629622, 75, -1.0
31676.24466050633, 152, 1.0
31682.018286712384, 154, 1.0
31683.643249145807, 103, 1.0
31686.94940962946, 148, -1.0
31692.257277214252, 75, 1.0
31693.651819177834, 44, -1.0
31697.06511852481, 148, -1.0
31703.431861692727, 35, -1.0
31707.895174186753, 103, 1.0
31710.190350021807, 44, -1.0
31712.864647578077, 103, -1.0
31713.830467397005, 103, 1.0
31722.61234563393, 35, -1.0
31734.64835793404, 35, 1.0
31737.140592162465, 101, 1.0
31758.077797166912, 152, 1.0
31759.939756149757, 101, -1.0
31765.735717097734, 75, 1.0
31770.522142585934, 75, -1.0
31772.974922152236, 75, -1.0
31774.212041953964, 35, 1.0
31780.641355484226, 152, -1.0
31782.056462167817, 101, -1.0
31783.263210183064, 101, 1.0
31785.882642615, 75, 1.0
31793.67885348652, 44, -1.0
31800.212038950835, 148, -1.0
31803.256873881288, 148, -1.0
31809.753286720712, 35, 1.0
31817.758150310143, 75, -1.0
31822.752554889405, 75, -1.0
31826.982113230017, 152, -1.0
31830.44192289989, 148, -1.0
31836.400289569803, 75, 1.0
31837.584031827897, 148, -1.0
31838.842544433344, 101, 1.0
31839.781304715267, 103, -1.0
31841.464086785447, 152, 1.0
31848.40892133767, 148, -1.0
31853.305242705796, 152, 1.0
31855.54999553672, 101, 1.0
31859.395450824224, 101, -1.0
31860.35806413393, 101, -1.0
31862.580297070563, 75, 1.0
31863.56814121987, 35, -1.0
31866.868687546154, 75, 1.0
31869.76421671717, 152, -1.0
31869.98480696162, 101, -1.0
31874.429068747, 152, -1.0
31877.40188786259, 148, -1.0
31878.78760821481, 75, 1.0
31882.174105361366, 35, 1.0
31883.220807573965, 148, -1.0
31884.65481744091, 152, -1.0
31888.10972704667, 101, 1.0
31889.11780297667, 35, -1.0
31900.391093170943, 152, 1.0
31911.005937908863, 101, 1.0
31921.97133614469, 44, -1.0
31924.04196997001, 154, 1.0
31925.1213623248, 75, -1.0
31933.403098685343, 103, -1.0
31937.837725339497, 154, 1.0
31947.401956773716, 148, -1.0
31950.17536615971, 101, 1.0
31951.442575257173, 75, 1.0
31954.920683522207, 148, -1.0
31955.67641017333, 44, -1.0
31957.077554889504, 35, 1.0
31984.29097688896, 35, -1.0
31991.802271706223, 35, 1.0
31993.775389935654, 148, -1.0
32000.948438866937, 101, 1.0
32006.331352558325, 35, -1.0
32010.830258715112, 148, -1.0
32021.57097570606, 101, -1.0
32023.475787775908, 75, 1.0
32036.839199654845, 44, -1.0
32038.29580348464, 101, -1.0
32042.890411378365, 154, -1.0
32047.92586995103, 148, -1.0
32058.998741840438, 152, -1.0
32068.02139414168, 44, 1.0
32071.657246223484, 101, -1.0
32073.93297519407, 103, 1.0
32077.964258344542, 148, -1.0
32079.900951040283, 148, -1.0
32087.333189673504, 35, -1.0
32090.990809179315, 148, -1.0
32095.440007937836, 103, 1.0
32095.785475173714, 35, -1.0
32095.914782441992, 35, 1.0
32097.878076406385, 35, 1.0
32098.37926052537, 152, 1.0
32099.362852624832, 44, -1.0
32109.061916904546, 101, -1.0
32109.428257988482, 44, -1.0
32112.547615765376, 101, 1.0
32112.587115264185, 35, 1.0
32113.362169788896, 152, -1.0
32117.4292435545, 44, -1.0
32126.067234237296, 154, -1.0
32129.864494959405, 154, -1.0
32131.000681194717, 154, -1.0
32133.822121779518, 35, -1.0
32137.488680555227, 44, -1.0
32144.136241031167, 35, -1.0
32144.275418402187, 103, -1.0
32144.892920121947, 44, -1.0
32149.918892636226, 75, -1.0
32156.977256444257, 35, -1.0
32167.701852769784, 152, -1.0
32171.721680304712, 148, -1.0
32187.766878232396, 103, 1.0
32196.07916762689, 101, -1.0
32197.771549922298, 75, 1.0
32198.93345529688, 44, -1.0
32199.774768953754, 35, -1.0
32199.830121528506, 75, -1.0
32202.554211095478, 101, 1.0
32206.09180640429, 75, 1.0
32209.359601076354, 75, -1.0
32214.278129399838, 75, 1.0
32215.225778899112, 75, 1.0
32221.120402041848, 154, -1.0
32226.74169281109, 103, 1.0
32227.9985213652, 101, 1.0
32232.89684493105, 148, -1.0
32233.851858130034, 101, 1.0
32235.24768612996, 103, -1.0
32244.07930264776, 152, -1.0
32245.010063247006, 44, -1.0
32250.59967015752, 75, 1.0
32251.050919942067, 35, 1.0
32252.615968095964, 148, -1.0
32254.19849492554, 35, 1.0
32255.488210463733, 103, -1.0
32256.093383619864, 154, -1.0
32269.786527396678, 103, -1.0
32275.482057552817, 152, -1.0
32276.065114974503, 148, -1.0
32281.46729487648, 152, -1.0
32281.677162917495, 103, 1.0
32282.743730638336, 103, 1.0
32289.404623276707, 152, -1.0
32292.23986518755, 148, -1.0
32296.714670412348, 75, 1.0
32301.286334963963, 154, 1.0
32301.303089536155, 101, 1.0
32305.895323295288, 75, 1.0
32308.99270993059, 75, 1.0
32308.99538822374, 44, -1.0
32312.75160573059, 101, 1.0
32315.5173913046, 148, -1.0
32318.5194827788, 148, -1.0
32322.3914152895, 35, 1.0
32329.47415376227, 101, 1.0
32334.679380449186, 75, 1.0
32338.69823340247, 75, 1.0
32348.40219958513, 103, 1.0
32348.907413003744, 75, 1.0
32351.759391091968, 152, -1.0
32362.393407789048, 75, 1.0
32366.512672101275, 101, 1.0
32387.734478438597, 101, 1.0
32392.741258778573, 101, 1.0
32394.98081208403, 75, 1.0
32408.576247663743, 35, -1.0
32410.78215079623, 101, 1.0
32417.67525279763, 44, -1.0
32418.911498554848, 75, 1.0
32426.32029492341, 75, -1.0
32437.93039002215, 148, 1.0
32441.328229785355, 152, -1.0
32441.894832764814, 44, -1.0
32449.357577628798, 75, 1.0
32450.157005004156, 75, 1.0
32450.321868391944, 75, 1.0
32450.431384284926, 152, 1.0
32451.635664845304, 75, 1.0
32455.969088209382, 152, -1.0
32457.551255179227, 75, 1.0
32457.710401672222, 101, -1.0
32462.62873514645, 101, -1.0
32465.14707803096, 44, -1.0
32467.552811115507, 103, 1.0
32471.5343281328, 101, -1.0
32476.575092390012, 75, -1.0
32476.841261911053, 75, 1.0
32478.225201865494, 101, 1.0
32499.860625465655, 75, 1.0
32501.076044049238, 103, -1.0
32501.92740343166, 75, 1.0
32508.777960184027, 101, -1.0
32509.169617977972, 35, -1.0
32509.242599819878, 154, -1.0
32516.19370968597, 152, 1.0
32516.68270852307, 103, 1.0
32517.72819943834, 103, 1.0
32532.841883408648, 152, -1.0
32533.62054498764, 75, 1.0
32537.140443643082, 101, 1.0
32543.248354661242, 103, -1.0
32553.20752955993, 44, -1.0
32556.232193568452, 44, -1.0
32556.998627480076, 101, 1.0
32558.45948424175, 103, -1.0
32559.14923737568, 103, -1.0
32559.610677008823, 103, 1.0
32563.074577049, 148, -1.0
32564.604726820668, 103, 1.0
32567.55186079254, 103, 1.0
32578.09857238953, 75, 1.0
32579.582212981266, 44, -1.0
32588.473022452123, 75, -1.0
32588.77502030114, 103, 1.0
32602.639475158976, 101, -1.0
32610.522571715515, 103, 1.0
32614.7029976386, 148, -1.0
32626.924705275043, 154, 1.0
32631.137857600363, 35, -1.0
32634.346010317535, 148, -1.0
32638.545536728496, 75, 1.0
32640.998888611302, 35, 1.0
32641.001579560314, 75, 1.0
32652.639091295856, 75, 1.0
32653.339466313573, 101, -1.0
32655.012111496875, 75, 1.0
32655.549108694682, 103, 1.0
32656.872825110382, 154, 1.0
32658.97165277846, 101, 1.0
32675.18108058993, 148, -1.0
32682.174945936422, 35, 1.0
32682.60922675707, 148, -1.0
32690.653471068807, 103, 1.0
32691.7352742497, 148, 1.0
32692.500223508625, 103, 1.0
32695.579577439938, 103, 1.0
32697.29159107239, 152, 1.0
32700.214619546558, 75, -1.0
32702.377753267403, 103, 1.0
32712.649306944633, 35, -1.0
32714.707416227797, 103, 1.0
32718.218312258607, 148, -1.0
32725.098203634323, 75, 1.0
32729.91110231616, 75, -1.0
32736.804387903638, 101, -1.0
32738.36328515745, 103, 1.0
32738.73063947348, 101, -1.0
32740.607049519025, 148, 1.0
32742.73597052446, 154, -1.0
32743.17305317077, 154, 1.0
32744.870804312333, 75, 1.0
32746.929216689525, 103, 1.0
32748.036006415154, 152, 1.0
32752.92394335057, 75, -1.0
32753.016076895387, 148, -1.0
32761.380688150377, 35, 1.0
32761.555274643266, 101, -1.0
32764.079383144577, 101, 1.0
32765.8356951442, 101, 1.0
32775.19269410486, 154, 1.0
32779.98411974487, 35, -1.0
32782.377024246394, 154, -1.0
32784.65122172939, 152, 1.0
32789.3824251292, 103, -1.0
32792.77524455585, 75, -1.0
32793.43947213949, 152, 1.0
32794.893921580675, 101, -1.0
32795.44564764096, 148, 1.0
32798.67319984773, 35, 1.0
32802.668316242896, 103, 1.0
32803.726537922215, 35, 1.0
32806.20063016891, 101, -1.0
32808.04003578514, 75, 1.0
32813.65794948568, 148, -1.0
32826.39683719966, 101, -1.0
32828.24673925683, 101, -1.0
32830.76086154611, 103, 1.0
32833.63292769726, 148, 1.0
32834.52422351731, 44, -1.0
32835.93201290864, 75, 1.0
32836.833583855136, 44, -1.0
32841.87718372837, 103, -1.0
32844.270453253564, 35, 1.0
32845.01988853429, 103, 1.0
32852.71931563091, 103, 1.0
32861.893479211634, 35, 1.0
32861.99517329038, 103, 1.0
32868.36149125304, 101, -1.0
32868.718529308375, 103, -1.0
32870.017870948024, 103, 1.0
32876.696138013576, 75, 1.0
32885.94977590548, 101, -1.0
32894.318576550744, 75, 1.0
32900.86676545387, 148, -1.0
32904.44399762453, 101, -1.0
32908.343779669354, 35, 1.0
32909.11643539071, 101, -1.0
32913.70524140388, 152, -1.0
32914.1302035395, 44, -1.0
32915.43859112223, 75, -1.0
32915.82472558562, 35, -1.0
32920.320425709164, 44, -1.0
32922.75899917841, 103, 1.0
32926.29022070201, 35, 1.0
32927.42996819243, 154, -1.0
32939.6330404728, 75, 1.0
32943.51772520338, 152, -1.0
32948.079933683446, 101, 1.0
32948.94763189704, 152, -1.0
32961.789410562385, 35, -1.0
32962.29518759227, 75, -1.0
32969.77048137193, 152, -1.0
32974.43988968884, 101, -1.0
32979.66160799361, 75, 1.0
32980.44300427691, 75, -1.0
32987.355102072484, 103, 1.0
32990.11759711326, 101, 1.0
32993.71640976148, 103, 1.0
32995.46044089658, 148, -1.0
33000.823345417084, 101, -1.0
33002.09968014386, 103, 1.0
33008.72922984483, 152, 1.0
33023.17362256712, 154, -1.0
33025.38263829219, 103, 1.0
33028.340145868126, 148, -1.0
33029.11494822914, 75, 1.0
33034.78933923461, 148, -1.0
33035.04688311328, 103, 1.0
33042.3646643121, 103, -1.0
33043.39301867288, 101, -1.0
33046.12109605984, 75, 1.0
33049.16349026485, 154, -1.0
33059.48904456457, 101, -1.0
33067.15477864788, 154, 1.0
33070.49852553538, 148, -1.0
33073.47401359012, 44, -1.0
33073.75606808262, 35, 1.0
33074.29083071844, 103, 1.0
33079.16934475058, 75, -1.0
33083.63041318923, 35, 1.0
33087.04770246804, 35, -1.0
33105.239425099266, 101, -1.0
33112.08286722148, 75, 1.0
33113.36883123266, 44, -1.0
33119.20957059718, 103, 1.0
33128.042182196456, 152, 1.0
33129.4332101062, 75, -1.0
33129.833929957116, 75, 1.0
33130.96872698438, 148, -1.0
33135.688093294644, 148, -1.0
33136.522153386184, 44, -1.0
33138.13322403674, 148, -1.0
33138.90447512733, 154, -1.0
33140.833589944064, 154, -1.0
33150.31252335369, 152, 1.0
33172.14468565045, 152, -1.0
33173.825131868936, 103, 1.0
33178.812337426076, 35, -1.0
33186.26745200087, 148, -1.0
33188.884981406976, 154, -1.0
33189.19232112172, 101, -1.0
33191.34235141327, 44, -1.0
33198.10009238283, 35, -1.0
33200.06220652041, 35, -1.0
33221.613700434944, 44, -1.0
33222.73133129154, 44, 1.0
33225.970896702784, 103, 1.0
33226.978356773005, 44, -1.0
33230.48508097573, 103, -1.0
33232.536813818966, 103, 1.0
33239.86652182419, 75, 1.0
33251.23701776496, 152, 1.0
33253.11315834856, 154, 1.0
33253.18951611028, 103, -1.0
33253.70350667327, 148, 1.0
33255.87085751991, 101, 1.0
33260.44230650358, 35, 1.0
33263.88985083583, 101, -1.0
33275.38309745177, 75, 1.0
33277.3842256983, 154, -1.0
33278.68759401845, 103, 1.0
33285.870163985914, 148, 1.0
33286.36216903896, 75, 1.0
33289.693970746164, 152, -1.0
33295.806612052285, 101, 1.0
33306.41583816723, 152, -1.0
33315.916248985544, 152, -1.0
33316.760394408346, 75, 1.0
33319.03146584338, 75, 1.0
33319.95799929892, 35, 1.0
33326.37715202626, 35, -1.0
33328.74934982332, 75, 1.0
33334.6551144924, 75, 1.0
33337.08984482339, 152, -1.0
33339.49898429321, 101, 1.0
33355.91577840925, 152, -1.0
33373.296046999414, 44, -1.0
33375.860930192845, 75, 1.0
33376.94045512347, 101, -1.0
33391.865119249975, 103, 1.0
33398.415742152145, 75, -1.0
33401.50672184218, 75, -1.0
33405.702931193126, 44, -1.0
33415.25696657801, 103, -1.0
33424.40263264464, 152, -1.0
33424.494194428924, 103, 1.0
33424.85194746892, 152, 1.0
33426.66159129764, 148, -1.0
33436.2254875231, 152, 1.0
33436.80008596359, 101, -1.0
33441.65128161273, 154, 1.0
33442.2808490414, 103, 1.0
33444.263578534956, 35, -1.0
33455.443932904614, 103, -1.0
33456.81211624791, 103, 1.0
33457.064928057494, 101, 1.0
33461.06074527749, 154, 1.0
33464.73919235178, 152, 1.0
33469.70887950068, 35, -1.0
33470.51057530058, 44, -1.0
33472.66776730338, 103, 1.0
33473.31022267668, 75, 1.0
33479.728255387934, 101, -1.0
33485.49237122288, 154, -1.0
33493.092811469425, 44, 1.0
33499.29970390225, 44, 1.0
33501.77653749161, 44, -1.0
33503.67966275215, 44, -1.0
33504.106670331435, 101, 1.0
33506.13276646216, 35, -1.0
33506.73746618549, 154, 1.0
33510.199099277204, 75, 1.0
33514.71789287233, 103, 1.0
33516.129361624524, 101, 1.0
33516.416773091194, 75, -1.0
33517.706283629996, 103, -1.0
33518.69798934358, 152, -1.0
33520.99041832865, 44, 1.0
33524.126063548385, 75, 1.0
33526.11472702899, 75, 1.0
33538.53230054008, 101, -1.0
33553.258459356824, 103, 1.0
33555.38165607711, 35, 1.0
33556.840338750255, 154, 1.0
33556.86144409112, 75, 1.0
33560.71818655819, 101, 1.0
33561.433003411745, 148, -1.0
33567.73195455049, 75, 1.0
33583.857248413435, 152, 1.0
33583.9551540031, 148, 1.0
33592.29571560061, 75, 1.0
33596.91164884395, 154, 1.0
33602.33627412616, 75, 1.0
33603.98510600562, 101, -1.0
33606.478629853045, 152, -1.0
33621.6337714562, 103, 1.0
33623.30860516594, 44, -1.0
33625.91134515493, 75, 1.0
33628.24196168899, 101, -1.0
33629.30287973573, 44, -1.0
33629.31105562717, 75, -1.0
33631.14688992436, 35, 1.0
33633.18987423526, 103, 1.0
33638.94538578864, 103, 1.0
33662.21008076351, 75, 1.0
33665.67015462171, 101, -1.0
33674.48855918627, 75, 1.0
33675.990662468765, 101, 1.0
33678.33926900273, 35, -1.0
33681.45245001301, 101, 1.0
33692.73540092521, 154, -1.0
33693.484944125026, 35, 1.0
33697.31198064877, 152, -1.0
33699.72614168318, 103, 1.0
33709.78626878658, 103, 1.0
33711.318887001165, 101, 1.0
33712.58305511048, 152, -1.0
33723.26844846265, 75, 1.0
33731.86270166199, 75, 1.0
33732.35501624095, 101, -1.0
33735.065269517974, 148, 1.0
33738.10757442247, 75, 1.0
33740.31877758376, 35, 1.0
33748.88983145139, 101, 1.0
33759.10291284464, 35, 1.0
33762.806598726675, 101, 1.0
33765.77964764716, 103, 1.0
33765.97319060067, 152, -1.0
33771.14084386614, 44, -1.0
33772.45241256978, 75, 1.0
33772.53986454391, 103, -1.0
33774.26222123903, 103, 1.0
33778.537793029325, 75, 1.0
33782.344504939436, 75, 1.0
33783.05182288753, 101, -1.0
33783.65307930553, 103, 1.0
33785.35462377421, 152, 1.0
33787.11674246705, 152, -1.0
33789.64081753742, 75, 1.0
33795.34789791005, 148, -1.0
33799.11186789276, 101, 1.0
33802.95831253657, 75, 1.0
33804.40011730983, 148, -1.0
33808.09026753804, 75, 1.0
33811.95443429999, 35, 1.0
33818.847651787844, 103, -1.0
33822.075859858836, 35, -1.0
33827.48057145791, 101, 1.0
33835.76821606303, 103, -1.0
33845.566368004016, 152, 1.0
33856.88882621356, 103, 1.0
33861.868304320145, 35, -1.0
33863.60110739889, 154, -1.0
33868.452678053145, 75, 1.0
33869.68773522985, 101, 1.0
33870.03220983983, 101, 1.0
33872.485392214614, 75, 1.0
33875.351636506966, 152, -1.0
33880.739157556614, 148, -1.0
33881.63377932321, 103, 1.0
33895.82318614115, 75, 1.0
33896.546472887174, 75, 1.0
33911.16715361228, 75, 1.0
33911.267606345915, 44, -1.0
33912.3719879231, 152, 1.0
33925.52619459492, 44, -1.0
33925.80140981484, 101, 1.0
33926.89736647871, 103, 1.0
33935.66595173295, 101, -1.0
33936.86761742038, 75, -1.0
33939.73793839551, 152, 1.0
33940.79099534027, 152, -1.0
33943.80656556814, 148, -1.0
33952.483156699105, 103, -1.0
33956.38260364719, 103, -1.0
33966.30373825591, 75, 1.0
33972.095409752175, 154, -1.0
33972.23489042766, 152, 1.0
33975.00897090032, 44, 1.0
33977.08480752217, 35, 1.0
33978.13438991189, 75, 1.0
33978.47990839234, 101, -1.0
33979.594880813595, 75, -1.0
33985.23542221301, 35, -1.0
33987.3990042479, 148, 1.0
33996.62346270449, 75, -1.0
33997.951042107656, 152, -1.0
33999.485273256665, 148, -1.0
34006.93352901591, 154, 1.0
34025.73448585789, 35, 1.0
34029.03664010667, 101, 1.0
34037.04031891523, 152, -1.0
34037.75215205415, 44, -1.0
34037.93531109527, 154, -1.0
34040.362103039806, 103, 1.0
34042.54113858175, 75, -1.0
34047.20210768929, 154, 1.0
34060.945199512265, 152, -1.0
34064.67544549909, 148, -1.0
34070.13310217687, 75, 1.0
34076.318448624355, 35, -1.0
34080.63196805279, 152, 1.0
34086.36546422745, 103, 1.0
34088.52077335184, 154, -1.0
34093.84217225119, 44, -1.0
34096.677498221456, 35, 1.0
34097.64527090832, 103, -1.0
34099.766557150644, 75, 1.0
34105.81544108178, 148, -1.0
34109.35483913762, 103, -1.0
34117.731285357964, 75, 1.0
34123.8213385118, 35, -1.0
34127.585346323234, 148, -1.0
34129.144073229596, 101, -1.0
34135.084110887154, 103, 1.0
34141.083219520224, 152, -1.0
34146.75993305365, 101, 1.0
34150.51434810598, 152, 1.0
34150.55654519862, 103, -1.0
34151.70567734488, 103, 1.0
34152.99833943138, 101, 1.0
34154.79469095379, 44, -1.0
34157.66360125922, 148, -1.0
34165.01231535975, 148, -1.0
34170.02615155241, 101, 1.0
34185.79312105151, 103, 1.0
34187.39604699467, 35, 1.0
34188.43250887471, 148, -1.0
34188.74983874742, 101, 1.0
34192.490202642286, 148, -1.0
34207.52582163093, 103, 1.0
34209.393463366505, 35, -1.0
34218.19776756208, 75, 1.0
34218.73307083531, 101, 1.0
34231.48340595384, 152, 1.0
34232.27756939157, 101, -1.0
34236.45038463459, 148, -1.0
34236.61344797196, 35, -1.0
34241.43979129177, 101, -1.0
34244.72712296048, 148, -1.0
34245.91725987829, 75, -1.0
34247.374341837625, 148, -1.0
34260.63656480575, 44, -1.0
34273.48374000781, 103, 1.0
34287.13623046431, 75, 1.0
34303.45399003197, 103, -1.0
34306.206859074235, 103, 1.0
34307.55175675789, 103, -1.0
34310.356015501595, 101, -1.0
34317.049081641664, 152, -1.0
34317.57224074995, 75, 1.0
34332.051043844476, 103, 1.0
34332.331012945135, 75, 1.0
34334.14453594207, 103, 1.0
34336.60021355832, 35, 1.0
34337.33646481696, 101, -1.0
34339.329620334545, 75, 1.0
34348.07466192935, 152, 1.0
34355.827762378925, 75, -1.0
34358.733533818195, 75, -1.0
34364.04773598887, 103, 1.0
34368.07982851638, 148, -1.0
34369.327491754964, 154, -1.0
34375.35346777308, 152, -1.0
34381.5004868838, 101, 1.0
34384.418760743, 103, 1.0
34388.42565945982, 75, 1.0
34396.90607996044, 148, -1.0
34397.99057660023, 103, -1.0
34399.77470834217, 101, -1.0
34409.40134106547, 35, -1.0
34411.33856730465, 103, 1.0
34412.17377388431, 44, -1.0
34413.22361127878, 103, -1.0
34435.85620939985, 44, -1.0
34437.552967824064, 75, -1.0
34443.43268033178, 35, -1.0
34445.06565734979, 101, 1.0
34449.02458601027, 103, 1.0
34451.38122210095, 35, 1.0
34455.81957704084, 152, -1.0
34460.50072896742, 103, 1.0
34462.11275217719, 75, 1.0
34475.13144166499, 75, 1.0
34477.0759626055, 103, 1.0
34478.79399970154, 101, -1.0
34479.31947882045, 103, 1.0
34481.70354561729, 103, 1.0
34495.016197820405, 75, 1.0
34502.03591456454, 44, -1.0
34502.6433602188, 103, 1.0
34505.44702708649, 101, 1.0
34505.71082819568, 101, 1.0
34518.03887816284, 35, 1.0
34523.94413012832, 103, 1.0
34524.1978869577, 35, 1.0
34534.25860194905, 152, -1.0
34549.72568993492, 35, -1.0
34549.728578948685, 103, -1.0
34560.25306397644, 101, -1.0
34560.603117834275, 101, 1.0
34570.37695434825, 103, 1.0
34570.715821966995, 152, -1.0
34570.79060628515, 44, -1.0
34578.03279015195, 35, 1.0
34580.33104776942, 35, -1.0
34581.411077994984, 154, 1.0
34583.49802493045, 101, -1.0
34589.71779980166, 75, -1.0
34598.207776289404, 101, -1.0
34599.3240909486, 101, -1.0
34603.331001091894, 35, -1.0
34606.71931349252, 101, -1.0
34609.97551712069, 154, 1.0
34622.777177919066, 103, 1.0
34628.03074200689, 101, -1.0
34633.68386812242, 75, 1.0
34639.45542226312, 35, 1.0
34645.134968528604, 35, -1.0
34645.720814913206, 75, 1.0
34650.76793642885, 148, -1.0
34651.24048856805, 44, -1.0
34657.82874639269, 103, 1.0
34665.315647155025, 35, -1.0
34668.495038805, 148, -1.0
34671.264441263396, 103, -1.0
34677.1086355984, 101, 1.0
34686.04082423859, 35, -1.0
34698.893192825184, 101, 1.0
34701.15279200344, 75, 1.0
34707.77742866337, 148, -1.0
34721.79189185628, 44, -1.0
34723.7367196137, 35, 1.0
34731.71010914243, 148, -1.0
34733.291356019705, 75, 1.0
34734.77309893601, 75, 1.0
34739.738166925876, 75, 1.0
34742.54719059165, 101, -1.0
34751.83895724245, 35, -1.0
34762.44609730224, 75, 1.0
34762.74158276001, 35, -1.0
34765.15508887574, 103, 1.0
34767.23390698267, 148, -1.0
34777.820856943574, 103, 1.0
34779.23112494578, 75, 1.0
34791.34937111293, 75, -1.0
34792.17903323033, 44, -1.0
34801.996843980196, 154, 1.0
34814.86623172283, 75, 1.0
34818.53436834179, 103, -1.0
34830.998887742375, 148, -1.0
34831.13472350025, 103, 1.0
34832.4415656073, 44, 1.0
34834.464985939114, 75, 1.0
34835.946638686175, 101, -1.0
34855.23679139004, 148, -1.0
34859.61608792787, 103, 1.0
34861.639958552114, 148, 1.0
34862.07937438355, 44, 1.0
34865.34781849798, 44, -1.0
34869.02724264154, 44, -1.0
34872.25180832327, 35, 1.0
34879.603749191374, 103, 1.0
34884.98148326697, 75, 1.0
34891.24831839755, 75, 1.0
34892.114616230865, 152, 1.0
34893.473397466565, 154, -1.0
34893.76013782608, 152, -1.0
34896.24978788944, 148, -1.0
34898.0642750747, 101, 1.0
34915.815481978825, 75, 1.0
34925.13031773164, 35, -1.0
34930.60180534657, 154, -1.0
34938.20160037374, 103, 1.0
34946.60958417091, 154, 1.0
34952.423942353606, 75, 1.0
34955.79532620421, 35, 1.0
34960.19399311277, 103, -1.0
34963.46346682678, 75, 1.0
34965.57337147192, 101, -1.0
34969.39967797932, 103, 1.0
34976.49844002248, 101, 1.0
34976.661942209575, 35, -1.0
34980.838332245956, 35, 1.0
34991.00063521282, 152, -1.0
34997.568193101346, 148, -1.0
34997.73300566256, 101, -1.0
34999.87433491596, 44, -1.0
35006.949814016574, 75, 1.0
35013.62462920684, 101, -1.0
35017.18064140295, 35, -1.0
35024.508472406786, 75, 1.0
35029.377647379166, 148, -1.0
35041.989619322165, 103, 1.0
35043.368327079814, 148, -1.0
35050.393607481456, 35, -1.0
35052.62882415372, 44, -1.0
35062.898104737484, 101, -1.0
35066.95116826216, 152, -1.0
35067.73566923927, 44, 1.0
35070.420993707, 152, -1.0
35080.22506924476, 35, -1.0
35080.78027405265, 75, 1.0
35083.634363741854, 44, 1.0
35085.32126213641, 103, 1.0
35097.91857228028, 75, 1.0
35102.9475891999, 103, 1.0
35103.765309791306, 101, -1.0
35111.451320230546, 148, -1.0
35114.51563882564, 103, 1.0
35117.016098306005, 103, 1.0
35124.14100451452, 75, 1.0
35124.43682086105, 101, 1.0
35128.75879895185, 148, -1.0
35129.70818869691, 148, -1.0
35139.05449797869, 103, 1.0
35139.95161560271, 148, -1.0
35143.10967120263, 154, -1.0
35143.5495069251, 44, -1.0
35144.082294149215, 101, -1.0
35145.18728954459, 103, -1.0
35148.690321397626, 75, 1.0
35156.783000596035, 101, -1.0
35157.03800515058, 148, -1.0
35174.070640968625, 75, 1.0
35177.787451950746, 35, -1.0
35180.420643502264, 101, -1.0
35190.40831076721, 101, 1.0
35200.04740469167, 101, 1.0
35201.18302816991, 75, 1.0
35214.05041626033, 101, -1.0
35215.74181330508, 103, 1.0
35219.07412077453, 148, -1.0
35222.089376952725, 154, 1.0
35224.35625291913, 103, 1.0
35241.898947914, 35, -1.0
35243.06272513634, 35, 1.0
35247.89201106725, 154, 1.0
35251.86751716203, 35, -1.0
35261.76791999942, 152, 1.0
35267.75830335369, 154, 1.0
35268.699824521274, 75, 1.0
35272.05692158448, 44, -1.0
35302.233511449, 35, -1.0
35304.644552973456, 75, 1.0
35313.52159497214, 152, -1.0
35316.81166709198, 35, -1.0
35323.67109425028, 44, -1.0
35327.87302073075, 44, -1.0
35335.23995749377, 44, -1.0
35335.33834491645, 148, -1.0
35337.38447876011, 152, 1.0
35338.636906073116, 101, -1.0
35339.08118329506, 103, 1.0
35340.96542176488, 75, -1.0
35355.982614467044, 101, 1.0
35368.57584951685, 35, -1.0
35376.03979909251, 148, -1.0
35388.849769853645, 101, -1.0
35393.21692770864, 75, 1.0
35398.07358876251, 152, 1.0
35398.646298697364, 44, -1.0
35406.89461120147, 154, 1.0
35410.69962059473, 103, 1.0
35411.20622346004, 103, 1.0
35412.94275857334, 75, -1.0
35413.17198946768, 101, 1.0
35414.949415941825, 103, -1.0
35415.463815693874, 75, 1.0
35415.95519205132, 152, -1.0
35418.58799985573, 35, -1.0
35428.089300546264, 75, -1.0
35429.48697616846, 103, 1.0
35433.494538283776, 75, -1.0
35445.2367310279, 35, 1.0
35445.43876660538, 103, 1.0
35445.7889998154, 75, -1.0
35451.26197686119, 101, -1.0
35459.560085510544, 103, 1.0
35463.15387709353, 35, -1.0
35469.87462288318, 75, -1.0
35471.21945098481, 35, -1.0
35480.24446032045, 75, -1.0
35480.491620980356, 101, -1.0
35483.69994556684, 44, 1.0
35484.48932453837, 103, -1.0
35489.883590956975, 103, 1.0
35496.95365776983, 101, -1.0
35503.69949498472, 101, 1.0
35505.065086817085, 35, -1.0
35510.15859518591, 103, 1.0
35510.696828265194, 154, -1.0
35518.44304346417, 148, 1.0
35527.76616946485, 101, 1.0
35532.22505895167, 75, 1.0
35543.16725638153, 101, 1.0
35544.57852884462, 101, -1.0
35554.86813404551, 101, 1.0
35558.22709096865, 154, 1.0
35561.38481283148, 148, -1.0
35562.45945721933, 101, -1.0
35568.27738269492, 103, -1.0
35568.33481477491, 148, -1.0
35570.36049401994, 101, -1.0
35577.9527701865, 35, 1.0
35578.64852844702, 35, -1.0
35593.325959416405, 154, 1.0
35593.723863279585, 75, 1.0
35600.44687731134, 101, -1.0
35606.91115821906, 154, 1.0
35611.52472143147, 35, 1.0
35616.246579917584, 44, 1.0
35630.502089500136, 101, -1.0
35631.55750200011, 103, 1.0
35631.82639990608, 75, -1.0
35633.54793021061, 35, 1.0
35635.960273116325, 35, -1.0
35641.95887827856, 75, 1.0
35650.72654403402, 44, 1.0
35654.62682681734, 101, 1.0
35661.79151068557, 75, 1.0
35661.98158096839, 103, -1.0
35664.15167381238, 103, -1.0
35667.71135836644, 103, 1.0
35669.28955844149, 103, -1.0
35680.98583428814, 35, 1.0
35683.61144595473, 152, -1.0
35684.17267964923, 75, 1.0
35688.12711191347, 75, 1.0
35697.68034164122, 101, -1.0
35699.30078150978, 75, 1.0
35707.49238194549, 148, -1.0
35708.04287629424, 75, 1.0
35708.417363571, 103, -1.0
35711.69487224777, 75, 1.0
35715.49222933344, 75, 1.0
35719.045988645834, 75, 1.0
35724.243217799696, 154, -1.0
35739.117029821406, 103, 1.0
35741.594857789634, 152, 1.0
35744.63094954276, 44, -1.0
35746.0942428123, 101, -1.0
35751.02280917781, 103, 1.0
35752.65490682891, 148, -1.0
35767.47934505588, 75, 1.0
35768.40397755524, 75, 1.0
35778.53014488814, 75, 1.0
35785.558282109734, 75, -1.0
35787.07547333555, 101, 1.0
35788.11290978904, 75, -1.0
35795.655400123964, 154, 1.0
35797.09963212337, 103, 1.0
35798.48298671475, 148, -1.0
35807.62018621043, 75, -1.0
35813.85498311744, 44, -1.0
35816.14333602602, 152, 1.0
35818.225493368765, 101, -1.0
35821.24036110725, 101, 1.0
35823.788733577545, 101, 1.0
35838.05567607732, 101, 1.0
35841.11944262728, 75, 1.0
35842.88723302773, 103, 1.0
35846.58203119969, 154, 1.0
35848.05117294495, 154, 1.0
35848.4673750694, 148, -1.0
35849.91255111672, 75, 1.0
35855.85106605603, 101, 1.0
35857.0436728587, 75, -1.0
35860.8948711126, 101, 1.0
35862.85766353145, 101, -1.0
35866.12826991155, 35, 1.0
35869.46441951252, 148, -1.0
35872.44774618322, 103, 1.0
35882.33063410037, 101, 1.0
35887.49269571997, 101, -1.0
35890.86481819318, 35, -1.0
35894.49397520438, 35, 1.0
35895.42283148634, 75, 1.0
35898.712516419895, 148, -1.0
35903.960370638095, 101, -1.0
35904.137234610535, 35, -1.0
35904.38546543351, 103, -1.0
35908.926848757816, 101, 1.0
35911.77929147932, 75, -1.0
35923.02292098835, 148, -1.0
35927.41941040531, 75, -1.0
35931.14642835814, 152, -1.0
35932.22039518313, 75, 1.0
35947.628620056865, 75, 1.0
35954.06046338539, 101, 1.0
35968.19923766204, 75, 1.0
35970.75564299362, 103, -1.0
35973.627638184495, 101, -1.0
35977.35355314868, 152, 1.0
35979.885471191716, 75, 1.0
35981.273763242716, 44, 1.0
35983.94927684088, 35, 1.0
35986.986557343684, 35, -1.0
35989.027531708496, 44, -1.0
35990.12561271466, 75, 1.0
35991.323129371216, 148, 1.0
35995.47598870137, 103, 1.0
