21601.099550758183, 75, -1.0
21602.8459635567, 101, 1.0
21604.51789964964, 35, -1.0
21606.445325156645, 35, -1.0
21622.69708410628, 148, -1.0
21633.851290332597, 148, -1.0
21647.402431592538, 152, -1.0
21651.81356452873, 35, -1.0
21653.47385489405, 101, 1.0
21660.683268942394, 35, -1.0
21670.99327915677, 152, 1.0
21675.766531600508, 101, 1.0
21691.090191492152, 44, 1.0
21696.500494817068, 75, -1.0
21698.933220390107, 35, 1.0
21716.024881492132, 35, -1.0
21725.953315535247, 101, 1.0
21727.046890421116, 152, -1.0
21729.232753710996, 152, -1.0
21731.717247172826, 35, -1.0
21733.660082329257, 44, -1.0
21736.228218091786, 35, -1.0
21753.894752868786, 154, -1.0
21754.062318992208, 101, -1.0
21756.29369327873, 148, -1.0
21761.577084619785, 35, -1.0
21762.583457878078, 35, -1.0
21771.483286160765, 152, -1.0
21779.039128216184, 35, 1.0
21788.846591149835, 101, 1.0
21794.867504005808, 152, 1.0
21795.296485945586, 101, -1.0
21798.715991968817, 44, -1.0
21800.791955371824, 101, 1.0
21809.24572311801, 44, -1.0
21811.473299536352, 35, -1.0
21815.246263049346, 35, 1.0
21816.007571603033, 101, 1.0
21832.36700650947, 44, -1.0
21836.143854572132, 35, -1.0
21846.31329369919, 44, -1.0
21849.398570785215, 75, -1.0
21852.950386498604, 35, -1.0
21864.403831296248, 35, -1.0
21876.07755211418, 101, 1.0
21878.218639787534, 35, -1.0
21879.8432334, 75, 1.0
21886.083539034254, 75, -1.0
21912.664360686842, 44, -1.0
21918.288809861933, 35, -1.0
21924.1897427412, 103, -1.0
21924.23968169307, 35, -1.0
21930.738353575685, 35, -1.0
21936.90617450848, 101, 1.0
21939.32609881343, 154, 1.0
21940.38097797529, 101, -1.0
21940.958690706615, 101, 1.0
21945.070975548035, 152, 1.0
21952.479460492646, 103, -1.0
21957.06167399914, 101, -1.0
21959.59788190985, 35, -1.0
21965.70260098343, 101, 1.0
21966.677653632618, 152, -1.0
21972.29129829929, 101, 1.0
21973.811481897752, 148, -1.0
21982.013436061083, 35, -1.0
21982.851567043403, 154, 1.0
21985.515428783376, 101, 1.0
21990.53983498563, 148, -1.0
21990.7223772889, 152, -1.0
21993.688874328975, 75, -1.0
21995.49993319737, 44, -1.0
22002.60387923177, 75, -1.0
22008.448279933997, 44, -1.0
22009.605119294505, 35, -1.0
22017.045465000265, 101, 1.0
22034.57689118127, 101, -1.0
22037.65446240436, 35, 1.0
22043.99157693418, 152, 1.0
22052.901245616013, 35, -1.0
22057.841453358305, 101, 1.0
22065.57556394699, 35, -1.0
22069.29874439564, 152, -1.0
22074.345373551983, 101, 1.0
22078.40965090951, 101, -1.0
22081.57152223517, 75, -1.0
22084.4757282892, 101, 1.0
22087.974063004694, 35, 1.0
22094.420996678673, 148, -1.0
22094.811710437927, 152, -1.0
22109.466776164893, 75, -1.0
22121.428457186834, 101, -1.0
22124.55343236609, 101, 1.0
22132.70906291977, 35, -1.0
22141.840711717563, 75, 1.0
22147.410977225543, 101, 1.0
22153.87318429863, 101, 1.0
22155.372450535735, 148, -1.0
22162.056537290526, 35, -1.0
22181.994923295922, 148, -1.0
22185.337990097705, 148, -1.0
22185.965568008047, 35, -1.0
22194.335208303477, 148, -1.0
22200.49495938764, 35, -1.0
22211.91346960909, 148, -1.0
22212.11833074941, 35, -1.0
22215.675990161853, 35, -1.0
22241.010282166062, 35, -1.0
22247.114828851783, 152, 1.0
22257.151514717665, 75, 1.0
22258.042994121774, 148, -1.0
22261.29687253405, 103, -1.0
22289.563356119434, 148, -1.0
22292.2710678694, 75, 1.0
22313.3977937554, 35, 1.0
22316.227936396688, 101, 1.0
22319.232507892586, 35, 1.0
22320.475669490195, 152, -1.0
22321.920623096223, 101, 1.0
22330.453789966145, 154, 1.0
22333.543326065665, 148, -1.0
22335.920796086786, 101, 1.0
22336.69819904781, 44, -1.0
22338.383981152037, 148, -1.0
22347.532452945255, 148, -1.0
22353.57904024264, 35, -1.0
22360.199623956778, 148, -1.0
22369.217619926814, 35, -1.0
22382.805163375826, 152, -1.0
22387.518458752897, 101, 1.0
22389.248420369924, 101, 1.0
22397.389610319704, 154, 1.0
22407.2380866356, 101, 1.0
22408.80094368754, 101, 1.0
22414.68923720774, 152, -1.0
22434.012934552902, 35, -1.0
22440.6262567444, 148, -1.0
22445.36008346948, 152, -1.0
22458.366266544097, 101, 1.0
22460.214549076263, 148, -1.0
22471.259603496637, 101, 1.0
22476.358677573608, 35, -1.0
22494.990801478838, 148, -1.0
22500.300364833776, 35, -1.0
22512.13815865878, 44, -1.0
22544.457530464693, 75, 1.0
22547.62445466809, 101, 1.0
22554.799815585724, 101, -1.0
22566.83194063601, 152, -1.0
22568.435634168607, 101, 1.0
22581.167639265565, 148, 1.0
22582.37209234792, 35, -1.0
22584.018404477414, 148, -1.0
22584.665426211137, 75, -1.0
22586.493906106727, 148, -1.0
22587.715848123808, 148, 1.0
22590.383232634842, 101, -1.0
22595.89986673526, 101, 1.0
22596.97297851619, 152, -1.0
22598.619687342773, 44, -1.0
22602.143691848752, 148, -1.0
22616.371918483193, 35, -1.0
22620.60645252672, 101, 1.0
22623.80365041584, 35, -1.0
22628.825962661576, 152, 1.0
22633.543494910457, 75, 1.0
22646.83506949397, 75, -1.0
22654.876597067814, 152, -1.0
22656.63854908581, 75, -1.0
22656.87953766747, 35, -1.0
22663.92098078562, 101, -1.0
22672.07647948148, 75, -1.0
22676.44219928929, 101, 1.0
22681.695062700495, 101, 1.0
22686.340442697056, 35, -1.0
22689.394394062045, 44, -1.0
22689.75310496301, 75, 1.0
22689.991818210972, 44, -1.0
22692.423589219154, 101, 1.0
22696.146456206417, 44, -1.0
22700.650615633167, 101, 1.0
22704.487832713927, 152, -1.0
22704.880448802043, 152, -1.0
22707.573241729893, 152, -1.0
22708.579339032833, 101, -1.0
22715.65368490692, 35, 1.0
22719.09648525829, 44, -1.0
22728.579699592417, 35, 1.0
22733.621370961384, 103, -1.0
22736.246032275467, 148, -1.0
22739.65259359376, 148, -1.0
22740.477089857082, 44, -1.0
22741.31359344483, 103, -1.0
22748.968266012085, 44, -1.0
22752.05313392535, 101, 1.0
22752.378509461232, 101, -1.0
22775.436423809075, 148, -1.0
22778.21263936549, 35, -1.0
22780.791996188436, 148, -1.0
22784.07732144479, 101, 1.0
22789.217967376633, 75, -1.0
22794.576312266967, 101, -1.0
22808.114802544078, 44, -1.0
22809.693135234098, 148, -1.0
22810.209380847948, 148, -1.0
22811.94460099074, 101, 1.0
22812.265009437637, 35, -1.0
22814.162196528378, 35, 1.0
22823.969882142348, 154, 1.0
22841.8374841394, 35, -1.0
22842.255473379453, 75, 1.0
22852.13582270755, 35, -1.0
22853.485722628717, 75, -1.0
22856.586424837402, 75, -1.0
22861.975493351467, 101, -1.0
22863.83520314525, 101, 1.0
22865.865205684142, 35, -1.0
22879.104625340162, 101, 1.0
22917.87056094142, 75, -1.0
22927.48935827856, 35, -1.0
22928.644267089443, 101, -1.0
22930.085305595516, 101, 1.0
22937.411845842922, 154, -1.0
22940.34076869847, 148, -1.0
22950.472055073125, 35, 1.0
22959.767872676686, 35, -1.0
22960.829766912648, 101, 1.0
22962.157988311694, 101, 1.0
22968.10006549752, 101, 1.0
22974.520251701815, 103, -1.0
22979.904446847824, 75, -1.0
22990.22730532212, 75, 1.0
23004.17694329108, 101, 1.0
23004.926446784983, 35, -1.0
23006.513223997696, 75, 1.0
23022.561895598345, 101, 1.0
23027.413976018466, 35, -1.0
23033.010377298568, 75, -1.0
23043.687899282417, 101, 1.0
23052.13585532565, 148, -1.0
23053.306282457484, 101, -1.0
23053.964653240124, 152, 1.0
23061.585591233943, 35, -1.0
23073.327826124558, 35, -1.0
23073.814532855955, 101, 1.0
23084.909415195987, 75, -1.0
23087.54351220167, 35, -1.0
23101.283499878376, 35, -1.0
23107.415860964422, 101, -1.0
23108.277012313287, 35, -1.0
23123.415218642094, 35, -1.0
23131.538433083424, 35, 1.0
23133.14260546917, 35, -1.0
23136.791840810423, 35, -1.0
23157.24121596806, 35, -1.0
23158.65304846669, 35, 1.0
23159.47324060032, 35, -1.0
23159.848409816273, 101, -1.0
23167.300851425072, 101, 1.0
23182.84838767717, 152, -1.0
23185.657748095433, 152, -1.0
23195.54181319833, 35, -1.0
23197.802073511746, 101, -1.0
23199.708109753916, 44, -1.0
23203.998963397575, 101, 1.0
23213.474922678302, 35, 1.0
23214.07337723324, 35, -1.0
23217.182202618795, 75, 1.0
23219.912739996733, 148, -1.0
23221.57030631635, 154, -1.0
23228.1411192993, 148, 1.0
23234.014476515677, 35, -1.0
23238.326068970313, 35, 1.0
23248.4554705899, 154, 1.0
23251.675584925317, 35, -1.0
23252.211200806898, 154, 1.0
23255.757954378467, 35, -1.0
23278.52169070932, 148, -1.0
23282.54078662494, 101, 1.0
23284.399266251177, 35, -1.0
23285.528140677936, 35, -1.0
23286.567252426445, 35, -1.0
23304.57973233894, 101, 1.0
23315.51691845869, 35, -1.0
23323.46664035361, 101, 1.0
23327.647924409775, 101, 1.0
23331.045354520094, 35, 1.0
23337.841888193092, 101, 1.0
23346.4452828068, 148, -1.0
23352.92754475792, 44, -1.0
23357.688546273497, 75, -1.0
23360.28535683793, 101, -1.0
23363.314923814352, 75, -1.0
23365.821615875237, 75, -1.0
23365.946241504735, 101, 1.0
23368.314383834753, 148, -1.0
23377.29114505263, 152, 1.0
23397.42060589594, 148, -1.0
23397.601694214576, 35, -1.0
23402.735756240116, 154, 1.0
23404.33972524791, 75, -1.0
23409.347797202114, 75, -1.0
23414.13055423996, 148, -1.0
23419.517188871967, 152, -1.0
23423.928442780274, 101, 1.0
23425.393734791673, 35, -1.0
23473.62585174825, 148, -1.0
23478.063947836406, 152, -1.0
23485.14330039846, 101, 1.0
23493.927730514555, 35, -1.0
23496.68641875878, 154, -1.0
23501.87608251158, 154, 1.0
23502.864443384366, 101, 1.0
23514.59755574266, 101, 1.0
23536.985028496787, 44, -1.0
23543.89994624513, 101, 1.0
23552.31296802762, 35, -1.0
23556.66163646237, 35, -1.0
23558.84809254281, 101, 1.0
23563.355970080967, 35, -1.0
23564.013740888317, 152, -1.0
23579.4501562242, 35, 1.0
23581.90772596283, 101, -1.0
23586.056279559332, 101, 1.0
23596.498385706887, 101, 1.0
23598.749276585044, 44, -1.0
23599.637561434778, 152, -1.0
23600.259374340138, 75, 1.0
23610.85141839989, 154, 1.0
23619.66006066096, 35, -1.0
23637.4214720049, 75, -1.0
23646.005353811222, 35, -1.0
23646.61052121592, 148, -1.0
23646.906906735534, 101, 1.0
23648.540477265167, 148, -1.0
23652.05965185314, 152, -1.0
23654.485649800918, 75, 1.0
23655.2516658406, 35, -1.0
23662.2398918041, 44, -1.0
23675.81519051014, 75, -1.0
23679.345834566746, 35, 1.0
23683.070144799312, 75, -1.0
23685.216263208786, 75, -1.0
23691.966191254844, 152, 1.0
23710.812058951742, 101, 1.0
23724.510466538963, 75, 1.0
23732.153184973144, 75, -1.0
23733.432140324476, 44, -1.0
23744.479433991542, 101, 1.0
23750.690447402092, 35, 1.0
23756.99049741358, 154, 1.0
23758.329086703714, 35, -1.0
23764.099969782634, 35, -1.0
23764.16582291312, 35, -1.0
23769.09499981797, 35, -1.0
23775.34550675995, 101, 1.0
23778.041435464427, 75, 1.0
23780.035054411466, 35, -1.0
23780.432741010933, 154, 1.0
23797.96476274543, 148, -1.0
23802.36998461925, 101, 1.0
23806.49100405101, 101, -1.0
23806.61182039447, 35, 1.0
23810.16238493957, 148, -1.0
23812.423769702942, 35, -1.0
23815.29965181238, 152, 1.0
23820.645592753044, 35, -1.0
23833.05920183333, 152, 1.0
23837.074706369134, 101, 1.0
23844.7141760424, 152, -1.0
23850.746915358275, 101, -1.0
23852.935609365024, 152, -1.0
23858.823999122196, 35, -1.0
23882.506249811235, 152, -1.0
23910.56078686416, 148, -1.0
23914.83352028681, 101, 1.0
23924.575663211006, 152, -1.0
23930.67570699146, 148, -1.0
23931.254543695875, 101, -1.0
23936.78728302211, 154, 1.0
23959.17824734038, 101, 1.0
23979.174579498947, 154, -1.0
23981.433739714754, 35, -1.0
23984.373188524976, 148, -1.0
24002.09722864651, 35, -1.0
24007.75185067502, 101, 1.0
24009.389495820316, 75, -1.0
24017.43898022958, 152, -1.0
24037.50256240731, 101, 1.0
24037.664957477627, 75, 1.0
24046.604784147185, 101, -1.0
24052.821670558245, 44, -1.0
24053.738351899374, 103, -1.0
24054.555839284985, 148, -1.0
24058.71174452263, 152, 1.0
24062.691511463185, 75, -1.0
24064.712163413784, 75, -1.0
24067.684866380543, 152, -1.0
24076.632137806046, 35, -1.0
24077.163807006244, 103, -1.0
24081.18426975033, 154, 1.0
24086.13009961553, 35, -1.0
24091.33326992378, 154, -1.0
24100.80570384291, 101, 1.0
24105.245825904385, 35, -1.0
24122.184976054854, 148, -1.0
24122.93814480026, 101, -1.0
24125.577581770453, 101, 1.0
24131.68300817601, 35, -1.0
24132.04942153059, 148, 1.0
24146.27198432592, 35, -1.0
24147.48384135002, 35, -1.0
24148.605686847568, 35, -1.0
24156.597014197963, 75, 1.0
24167.177880438197, 101, 1.0
24174.473419752376, 35, -1.0
24175.15102017887, 35, -1.0
24179.74718943833, 101, 1.0
24189.839214729505, 148, -1.0
24196.609033305, 75, -1.0
24219.0474981229, 148, 1.0
24222.25984025865, 148, 1.0
24226.137568515816, 154, -1.0
24233.998878998565, 154, -1.0
24235.70129611582, 101, 1.0
24243.375820715366, 152, -1.0
24246.40294865683, 148, -1.0
24260.139599215003, 152, -1.0
24261.05160888312, 101, 1.0
24267.465761151863, 101, 1.0
24272.62487017734, 101, 1.0
24282.98571544471, 101, 1.0
24284.559742094054, 44, -1.0
24287.21629817214, 148, -1.0
24293.251607679544, 35, -1.0
24298.97747488698, 35, -1.0
24307.15651181601, 101, -1.0
24314.77701307228, 101, 1.0
24318.521581064302, 35, -1.0
24319.96050607574, 75, 1.0
24330.865673251315, 101, 1.0
24332.946938898735, 101, 1.0
24334.925718207753, 75, -1.0
24337.04451310613, 101, 1.0
24337.806475193796, 101, -1.0
24338.488027560008, 103, -1.0
24352.794490053097, 101, 1.0
24354.7871443139, 154, 1.0
24358.745418199716, 35, -1.0
24359.531024979675, 35, 1.0
24361.11947259314, 35, -1.0
24362.41732106574, 148, -1.0
24368.403653590278, 75, -1.0
24370.13616378824, 152, -1.0
24370.188946703365, 101, 1.0
24376.386640021472, 148, -1.0
24382.166675069064, 35, -1.0
24384.225173263694, 101, -1.0
24392.888460439008, 75, -1.0
24392.948207361413, 154, -1.0
24402.258859389338, 35, -1.0
24418.66137442448, 35, 1.0
24422.335500703542, 75, 1.0
24422.7839876564, 101, 1.0
24422.87948231703, 101, 1.0
24426.257823727534, 35, -1.0
24460.467494747143, 35, -1.0
24467.365605410145, 75, -1.0
24489.91864976462, 75, -1.0
24508.42358591603, 44, -1.0
24513.58090878886, 35, 1.0
24527.04608583536, 148, -1.0
24528.253274592556, 101, 1.0
24529.90381572624, 75, -1.0
24530.405360204684, 35, -1.0
24535.247188374717, 35, -1.0
24537.485240015194, 35, -1.0
24537.645247857483, 101, 1.0
24580.24720451945, 75, 1.0
24583.009549883845, 35, 1.0
24587.93658564675, 148, -1.0
24588.47012445906, 75, -1.0
24589.572411532972, 35, -1.0
24595.02936944393, 35, -1.0
24595.16392384993, 75, -1.0
24597.725985184938, 101, -1.0
24599.518889775958, 148, -1.0
24601.949805111537, 148, -1.0
24610.20827631526, 75, 1.0
24613.879322743633, 44, -1.0
24615.38834905986, 35, 1.0
24628.68054830265, 101, -1.0
24639.903217770934, 44, -1.0
24642.061174956256, 152, -1.0
24650.66374432093, 35, -1.0
24655.28368228594, 101, 1.0
24658.898206759422, 148, -1.0
24662.6433491576, 152, -1.0
24663.76785194397, 101, -1.0
24664.238229627812, 35, 1.0
24669.194197722452, 35, 1.0
24672.33158817453, 148, -1.0
24673.57010485458, 152, 1.0
24675.012294346943, 148, -1.0
24675.32341606164, 35, -1.0
24684.933626480724, 154, 1.0
24685.749958040862, 148, -1.0
24687.750065467753, 154, 1.0
24688.65947195988, 35, -1.0
24693.415555716267, 152, -1.0
24697.87907492356, 35, -1.0
24701.049460589693, 101, 1.0
24717.045510786185, 148, -1.0
24722.734831102898, 152, 1.0
24725.772813017622, 101, -1.0
24726.762447857807, 101, 1.0
24729.34458540653, 101, 1.0
24734.316899279755, 35, 1.0
24735.217072792653, 101, 1.0
24742.502262250197, 101, 1.0
24744.41369692411, 154, -1.0
24749.55271741677, 75, -1.0
24756.177671195615, 35, -1.0
24759.272291637557, 154, -1.0
24767.66180485324, 152, 1.0
24773.133847051264, 44, -1.0
24782.016831767793, 35, -1.0
24785.809244098462, 35, -1.0
24795.858505000728, 148, -1.0
24804.06769024783, 101, 1.0
24812.890921183545, 35, -1.0
24813.99919093763, 154, 1.0
24825.18900371027, 101, 1.0
24846.495020747723, 152, 1.0
24857.850937197363, 75, -1.0
24864.175470797407, 154, 1.0
24872.864107389414, 148, -1.0
24873.083797517218, 101, 1.0
24878.8465215795, 35, -1.0
24878.890270116804, 44, -1.0
24893.530720811, 101, -1.0
24908.447991011606, 101, 1.0
24912.933409734702, 152, 1.0
24920.945169913528, 101, -1.0
24921.299369294156, 35, 1.0
24925.46620003062, 35, -1.0
24932.417994301624, 75, 1.0
24952.017373757662, 101, 1.0
24952.103938589495, 44, -1.0
24956.198026181464, 35, 1.0
24964.68848939453, 75, -1.0
24968.5927020503, 101, 1.0
24978.479183470845, 44, -1.0
24982.87285577633, 101, -1.0
25004.61224298418, 35, -1.0
25005.277775226215, 152, -1.0
25011.992569735885, 148, -1.0
25017.054014053527, 101, 1.0
25030.297188163637, 35, -1.0
25032.362017777596, 35, -1.0
25044.11611513488, 35, 1.0
25044.238447628515, 101, -1.0
25051.739787675517, 75, -1.0
25057.600117978727, 35, -1.0
25062.189704413664, 35, -1.0
25078.444732771928, 101, -1.0
25082.5429004164, 148, -1.0
25088.069819474356, 148, 1.0
25088.2049090981, 35, -1.0
25089.18468849313, 152, -1.0
25097.20068024779, 154, -1.0
25103.781821640587, 148, -1.0
25112.08901238613, 44, -1.0
25117.479750261307, 35, -1.0
25125.880655920482, 75, -1.0
25127.612892689904, 101, -1.0
25129.502470906817, 101, 1.0
25130.051112437763, 75, -1.0
25132.29720501113, 101, 1.0
25137.923346885265, 101, 1.0
25138.068896391535, 35, 1.0
25149.301376956784, 101, 1.0
25152.451436024832, 35, -1.0
25158.25287849696, 101, 1.0
25165.09253598123, 35, -1.0
25165.51878419494, 75, -1.0
25166.033663851646, 75, -1.0
25167.557405551197, 101, 1.0
25170.63340981382, 154, -1.0
25181.19595443771, 101, -1.0
25194.637268605205, 148, -1.0
25195.27111790772, 101, 1.0
25196.761922636135, 101, -1.0
25201.95816658418, 148, -1.0
25202.87131104725, 44, -1.0
25211.201036036913, 103, -1.0
25214.57107325653, 44, 1.0
25216.55383926888, 101, -1.0
25217.890665427287, 101, 1.0
25218.311127967467, 35, -1.0
25247.801974977225, 44, -1.0
25249.446698344804, 152, -1.0
25251.20679844834, 103, -1.0
25252.800948804295, 154, 1.0
25256.21176116462, 154, -1.0
25256.553170092975, 44, -1.0
25259.476107665294, 44, 1.0
25262.752457562587, 75, -1.0
25269.569696707218, 44, -1.0
25273.752380803027, 148, -1.0
25280.325531945276, 75, 1.0
25290.184220814117, 75, 1.0
25292.030980453208, 35, -1.0
25303.718503419437, 75, 1.0
25306.826722017333, 154, 1.0
25319.797216186926, 152, -1.0
25324.73839169699, 101, 1.0
25325.70771546891, 154, 1.0
25333.54778585698, 75, 1.0
25335.44049260906, 35, -1.0
25335.60897659449, 44, -1.0
25349.466972179507, 35, -1.0
25351.227853343695, 154, 1.0
25368.49566843246, 101, 1.0
25372.18575836198, 35, 1.0
25374.510138643724, 152, -1.0
25378.40886027493, 35, 1.0
25384.41144032436, 148, -1.0
25391.314871328468, 103, 1.0
25394.126849454853, 35, -1.0
25397.081222361314, 103, 1.0
25403.03053459444, 75, -1.0
25411.547855436194, 101, 1.0
25414.859259747976, 75, 1.0
25420.16071240323, 44, 1.0
25425.472755386527, 75, -1.0
25427.616360756263, 152, -1.0
25431.45628418033, 75, 1.0
25436.796398644077, 35, -1.0
25444.111076568242, 75, 1.0
25452.330422024992, 75, 1.0
25459.142210835176, 103, 1.0
25464.87956021395, 101, -1.0
25470.21581261119, 154, 1.0
25470.42876009246, 101, -1.0
25473.10169653888, 152, -1.0
25480.3192390458, 35, -1.0
25481.86424515171, 35, 1.0
25485.317183961004, 101, 1.0
25486.521323697387, 152, 1.0
25488.265976711824, 101, 1.0
25493.413181216943, 152, 1.0
25501.586709227628, 103, 1.0
25519.998824579507, 35, -1.0
25527.468193414312, 152, -1.0
25532.639281044194, 35, -1.0
25535.892773414187, 75, 1.0
25540.907665801016, 154, 1.0
25545.70910894271, 35, 1.0
25557.837093024333, 154, 1.0
25557.991745207626, 101, -1.0
25572.307936319696, 75, -1.0
25575.625684568087, 35, 1.0
25578.902564741038, 103, 1.0
25587.914447670308, 44, -1.0
25596.125932100724, 154, -1.0
25602.436933725457, 148, -1.0
25620.285941784616, 35, -1.0
25630.855811112284, 75, 1.0
25632.430758590774, 101, -1.0
25634.405346178763, 35, -1.0
25651.620507264655, 101, 1.0
25655.448234268242, 101, 1.0
25658.46383329835, 75, 1.0
25663.273782573935, 154, -1.0
25663.38160750334, 35, -1.0
25666.300663963182, 101, -1.0
25669.529991787273, 152, -1.0
25670.23618195531, 44, -1.0
25674.165246093144, 35, -1.0
25674.868676890666, 148, -1.0
25683.143434974634, 152, 1.0
25690.825659259805, 75, 1.0
25698.612116726395, 75, 1.0
25699.05708619246, 75, -1.0
25700.22160272162, 101, 1.0
25704.22224989817, 75, -1.0
25708.5684022038, 35, -1.0
25709.465193726388, 154, 1.0
25717.613824780005, 154, -1.0
25723.448688442306, 75, 1.0
25726.15109013466, 75, 1.0
25727.885214926966, 75, 1.0
25731.166107763624, 101, 1.0
25738.621739055438, 35, -1.0
25743.238374755023, 44, -1.0
25747.959049931098, 152, -1.0
25748.37430431365, 35, -1.0
25750.052669857116, 75, 1.0
25752.851374101654, 148, 1.0
25754.47326794402, 35, -1.0
25756.53902098319, 152, 1.0
25765.547741397957, 75, -1.0
25771.851823146684, 152, 1.0
25778.232140841075, 35, -1.0
25778.911433007925, 101, 1.0
25781.75770167775, 154, 1.0
25783.26605363108, 75, -1.0
25790.08670466932, 35, -1.0
25794.874862449575, 103, 1.0
25795.93009927684, 35, -1.0
25797.5738950321, 154, 1.0
25813.755101220682, 101, -1.0
25820.045912532252, 75, 1.0
25820.61810363987, 103, -1.0
25822.45982640053, 103, 1.0
25822.86502423597, 44, -1.0
25825.797669460924, 44, -1.0
25826.961920830585, 152, -1.0
25826.97671774638, 154, -1.0
25827.49360182264, 101, 1.0
25844.363567572535, 75, 1.0
25844.500020254134, 75, -1.0
25850.927369961864, 44, -1.0
25851.06028222514, 44, -1.0
25864.165231306666, 35, -1.0
25872.02974889095, 103, -1.0
25872.479050749527, 154, 1.0
25876.944461430794, 75, -1.0
25876.998964825027, 35, -1.0
25878.63674179206, 103, -1.0
25880.488127992117, 75, 1.0
25880.85047051867, 152, -1.0
25881.981974180875, 103, -1.0
25882.1995488338, 75, 1.0
25884.969525326647, 152, 1.0
25891.13656924159, 154, 1.0
25891.881245348275, 103, -1.0
25893.977948109707, 44, -1.0
25903.047868715665, 101, -1.0
25913.660931062233, 101, 1.0
25922.550460726718, 101, -1.0
25924.549957269723, 35, 1.0
25933.430794865817, 35, -1.0
25936.59092570763, 148, -1.0
25947.63637794066, 75, 1.0
25951.07494816224, 75, -1.0
25955.400072014527, 152, -1.0
25964.74371584386, 44, -1.0
25965.03037897394, 103, 1.0
25968.918140314112, 148, -1.0
25969.15553006172, 101, 1.0
25976.738738237425, 75, 1.0
25978.86375132874, 152, -1.0
25981.375397275482, 35, -1.0
25984.976778398206, 103, 1.0
25992.185293658797, 75, 1.0
25992.633607910553, 75, 1.0
26001.76758086491, 75, 1.0
26002.18869968112, 152, -1.0
26003.84339189359, 152, 1.0
26005.761147201152, 75, -1.0
26005.83508307099, 101, 1.0
26008.09036285421, 75, 1.0
26011.35225129721, 44, -1.0
26021.285100127192, 101, -1.0
26030.04924790322, 44, -1.0
26034.666705084368, 35, -1.0
26053.570822066216, 75, 1.0
26053.917382139774, 103, 1.0
26063.723413915362, 154, 1.0
26065.121284518667, 75, 1.0
26075.867103283366, 148, -1.0
26077.572697208387, 154, -1.0
26083.60652233645, 101, 1.0
26085.400703260235, 35, -1.0
26089.141640811176, 101, -1.0
26093.345124848845, 75, 1.0
26093.404723505937, 148, -1.0
26100.81735040539, 152, -1.0
26106.518271937777, 101, -1.0
26117.753420608875, 101, 1.0
26126.433849688463, 75, -1.0
26132.707999814473, 152, -1.0
26133.515730700172, 152, -1.0
26134.717496060097, 101, -1.0
26139.33950558876, 75, 1.0
26146.04568845924, 101, -1.0
26150.657038904785, 35, -1.0
26161.025239050814, 75, -1.0
26163.35249878624, 101, -1.0
26173.884452594673, 152, 1.0
26175.362677679735, 75, -1.0
26181.16685252603, 75, 1.0
26191.02192055123, 75, 1.0
26191.72681055025, 101, -1.0
26198.341965416654, 103, 1.0
26200.42697876262, 101, 1.0
26200.611241495553, 152, 1.0
26203.734603899306, 154, 1.0
26207.096419717964, 152, -1.0
26210.056386417415, 101, -1.0
26210.525040054545, 75, 1.0
26214.971121592214, 35, -1.0
26216.81855084919, 103, 1.0
26220.964630512222, 154, 1.0
26226.187518129034, 35, 1.0
26242.929913213873, 75, 1.0
26246.383247560418, 154, -1.0
26251.78410365297, 148, -1.0
26254.26663753605, 148, -1.0
26255.903706698937, 101, -1.0
26256.845779723153, 75, -1.0
26259.00148845013, 35, -1.0
26279.45291959571, 75, -1.0
26282.255154024566, 44, -1.0
26286.20891054064, 44, -1.0
26286.33463761202, 103, 1.0
26293.695460249794, 75, 1.0
26295.035871043994, 44, -1.0
26295.75876218147, 75, -1.0
26304.443273607998, 154, -1.0
26305.415273963757, 103, 1.0
26309.981826136016, 35, -1.0
26314.78345919796, 101, -1.0
26318.715707740204, 44, -1.0
26319.540581554003, 101, -1.0
26320.441426172012, 152, 1.0
26324.660029934108, 103, 1.0
26326.328062510896, 44, -1.0
26334.11669241455, 148, 1.0
26340.673425952802, 152, -1.0
26343.62155369985, 152, -1.0
26345.510157162644, 101, -1.0
26348.620718486232, 75, -1.0
26350.536876708913, 75, 1.0
26353.453659711904, 75, 1.0
26367.374595333054, 103, 1.0
26374.91317333525, 101, -1.0
26381.55364023521, 35, -1.0
26388.206542404532, 101, 1.0
26389.979200039073, 101, 1.0
26390.773944546105, 152, -1.0
26394.79194727426, 44, -1.0
26399.43353949636, 152, 1.0
26401.69331919275, 101, 1.0
26405.71606311457, 154, 1.0
26425.13522812175, 103, -1.0
26431.42414284194, 35, -1.0
26440.997977082923, 103, 1.0
26445.22597342761, 152, -1.0
26447.61713393761, 75, -1.0
26451.050163012274, 154, -1.0
26459.228064454415, 35, -1.0
26460.98731458909, 101, 1.0
26464.593758299932, 35, -1.0
26464.70921459738, 154, 1.0
26471.026203029378, 75, 1.0
26471.379278191238, 152, -1.0
26474.954502236717, 44, -1.0
26477.445780102866, 44, -1.0
26480.374739146733, 35, -1.0
26489.48825860112, 154, 1.0
26493.545580791197, 101, -1.0
26494.09511652473, 152, -1.0
26494.13811577819, 75, 1.0
26495.636751484777, 101, -1.0
26500.205329981283, 103, 1.0
26508.612058524006, 152, -1.0
26508.989356645267, 103, 1.0
26525.660610657535, 35, -1.0
26532.09842408312, 35, -1.0
26535.94056528964, 35, 1.0
26545.025884475, 101, 1.0
26549.13690992431, 152, 1.0
26551.988780556803, 101, -1.0
26554.881569331297, 75, 1.0
26560.4468612979, 75, 1.0
26562.388446259134, 148, -1.0
26565.02479439481, 148, -1.0
26566.37361969749, 103, 1.0
26570.727467725847, 103, 1.0
26575.315569945455, 152, -1.0
26586.995745133292, 152, 1.0
26593.378751514734, 103, -1.0
26596.140209699028, 154, 1.0
26608.045008059366, 75, 1.0
26614.432877376603, 35, -1.0
26615.87662303869, 152, -1.0
26619.263156513127, 75, -1.0
26621.87871063616, 101, -1.0
26629.00180105329, 44, -1.0
26641.440909829053, 75, 1.0
26642.290115525877, 75, 1.0
26647.505117169818, 44, 1.0
26648.24422707999, 101, 1.0
26660.91507587973, 101, 1.0
26664.07779794624, 35, -1.0
26666.86253306367, 101, 1.0
26682.396675545417, 152, -1.0
26682.98133441582, 75, 1.0
26685.04579030895, 44, 1.0
26685.336477751705, 101, -1.0
26690.6989735401, 35, -1.0
26692.30236076955, 154, 1.0
26697.20294909617, 152, -1.0
26700.779772403574, 35, -1.0
26703.590123885486, 148, -1.0
26704.1388177755, 152, -1.0
26729.092505263583, 152, -1.0
26734.647468600484, 35, 1.0
26749.48160366475, 152, -1.0
26753.961499480483, 75, 1.0
26754.00051543919, 154, 1.0
26757.398360657422, 35, -1.0
26757.574347275277, 103, 1.0
26760.00588848503, 75, 1.0
26764.517016009646, 44, -1.0
26764.606019455583, 75, 1.0
26771.60654801932, 35, -1.0
26774.31584701657, 35, -1.0
26777.283119414806, 152, 1.0
26777.53035155887, 101, -1.0
26778.46608122787, 101, -1.0
26782.108136212748, 44, 1.0
26784.89197071135, 44, 1.0
26792.553861784254, 44, -1.0
26794.981317772563, 148, -1.0
26797.805458809937, 44, -1.0
26801.896843421233, 44, -1.0
26803.016607858473, 75, 1.0
26807.768597566752, 103, 1.0
26808.075114905154, 103, 1.0
26809.237468273728, 152, 1.0
26813.141532915513, 154, 1.0
26818.000089814028, 148, -1.0
26826.335351191257, 154, -1.0
26840.72453683386, 44, -1.0
26842.487577259406, 35, -1.0
26849.37495959926, 75, 1.0
26853.54904337873, 101, 1.0
26870.193399856147, 103, -1.0
26872.565654742277, 75, 1.0
26880.704676947633, 35, -1.0
26882.104373915507, 152, -1.0
26882.807459053285, 148, -1.0
26894.04195460358, 148, -1.0
26894.69958153431, 148, -1.0
26896.352747899888, 103, -1.0
26899.951182943372, 35, -1.0
26900.260603541832, 44, 1.0
26901.682059295017, 101, 1.0
26901.808495357956, 35, -1.0
26904.41473418864, 103, 1.0
26905.578773214118, 154, -1.0
26907.81826592568, 101, 1.0
26920.875127179304, 148, -1.0
26924.110356713376, 35, -1.0
26926.068798713422, 154, -1.0
26930.289206920657, 44, -1.0
26932.669932461817, 101, -1.0
26945.03461907592, 101, 1.0
26950.164123923245, 154, 1.0
26950.9353146627, 44, 1.0
26956.45429032529, 35, -1.0
26957.06449464576, 154, 1.0
26957.879452287663, 75, -1.0
26963.84134014697, 101, 1.0
26973.05284262097, 35, -1.0
26978.16581235882, 75, 1.0
26980.641544814673, 35, -1.0
26982.792305605108, 35, -1.0
26983.603799228236, 154, 1.0
26984.515444078144, 154, 1.0
26990.57665199246, 148, -1.0
26990.91841467099, 44, -1.0
27001.476788809614, 148, -1.0
27007.163756124937, 75, -1.0
27008.387698230094, 103, -1.0
27010.944700954824, 154, 1.0
27013.61409761078, 35, -1.0
27016.745617688983, 103, 1.0
27022.86825525739, 152, 1.0
27028.088246173418, 35, -1.0
27032.1932626144, 75, 1.0
27033.206517502884, 154, 1.0
27037.903741140603, 154, 1.0
27051.34014183617, 75, 1.0
27056.27921359446, 103, 1.0
27056.930277964377, 148, -1.0
27066.42747808001, 35, -1.0
27066.830509826283, 35, -1.0
27072.80998006054, 103, 1.0
27082.471153453662, 101, 1.0
27084.5782054741, 35, -1.0
27086.141230119458, 35, -1.0
27091.746257875246, 75, -1.0
27097.00111027136, 148, -1.0
27100.183264896852, 75, -1.0
27101.11959829705, 103, 1.0
27101.692981282853, 154, 1.0
27104.655429105936, 148, -1.0
27108.562848162306, 35, -1.0
27109.76258242775, 75, 1.0
27109.849459232202, 152, 1.0
27114.868798195468, 35, -1.0
27117.340307664028, 75, 1.0
27120.959854635366, 154, 1.0
27121.68040178706, 75, 1.0
27121.86645567462, 35, -1.0
27123.018326167257, 35, -1.0
27129.213800417205, 35, -1.0
27138.240306984044, 75, 1.0
27141.733712408328, 75, 1.0
27144.072970583944, 35, -1.0
27146.01177841228, 103, 1.0
27151.719441857727, 44, -1.0
27160.99221772983, 75, 1.0
27166.02495827803, 101, -1.0
27169.37389069596, 75, -1.0
27172.303625295048, 154, -1.0
27172.983556685067, 75, 1.0
27181.16594493577, 35, -1.0
27181.99554030224, 101, 1.0
27183.3559085589, 35, -1.0
27189.350760536, 152, 1.0
27192.057572098212, 75, -1.0
27193.41679122486, 35, -1.0
27198.86875172952, 75, 1.0
27199.82461607558, 152, -1.0
27200.89221231952, 44, -1.0
27207.27599250248, 154, -1.0
27220.981209013706, 152, 1.0
27232.26315563722, 152, -1.0
27234.48014986002, 44, -1.0
27237.698993748614, 101, 1.0
27244.390467128585, 154, -1.0
27249.842287070296, 44, -1.0
27253.690089479882, 35, 1.0
27256.81967903693, 75, 1.0
27257.554921899075, 44, -1.0
27260.73142550936, 35, -1.0
27261.7936543209, 103, -1.0
27270.984923248227, 103, -1.0
27276.64953575899, 154, -1.0
27286.01020378289, 101, 1.0
27291.86368998283, 103, 1.0
27292.00441108118, 103, -1.0
27299.467240876795, 103, 1.0
27301.04822856966, 35, -1.0
27303.296932127712, 101, 1.0
27309.93613086917, 75, 1.0
27313.222830760984, 35, -1.0
27319.165344322504, 101, 1.0
27333.983699005545, 154, -1.0
27334.56475512901, 152, -1.0
27335.25803828649, 103, 1.0
27336.400143406085, 75, 1.0
27339.281434696433, 35, -1.0
27339.40583242181, 35, -1.0
27347.227348249948, 35, -1.0
27356.381402933377, 35, -1.0
27360.585137940136, 103, -1.0
27363.94855094709, 103, 1.0
27365.648544381605, 44, -1.0
27367.313796285358, 75, -1.0
27373.1937846555, 148, -1.0
27374.796810602977, 75, 1.0
27377.81374621931, 101, -1.0
27377.896126607622, 101, 1.0
27378.14734971194, 101, 1.0
27382.605670573706, 148, -1.0
27384.97804491721, 101, 1.0
27386.590345261426, 35, -1.0
27390.322936496188, 35, -1.0
27391.65944790184, 152, -1.0
27398.325224804204, 103, -1.0
27418.331696232563, 35, -1.0
27421.5112477064, 154, 1.0
27426.393379799385, 44, -1.0
27429.33733872432, 103, -1.0
27429.695258188218, 101, -1.0
27430.716071033676, 75, 1.0
27433.325512360832, 154, 1.0
27437.292633588524, 152, 1.0
27448.592918363756, 75, 1.0
27452.981091962858, 101, -1.0
27454.96912598736, 35, -1.0
27455.1878082275, 154, 1.0
27460.401285358508, 148, 1.0
27462.637241406057, 154, 1.0
27471.813864910822, 101, 1.0
27477.88569535817, 152, 1.0
27485.406387389685, 152, -1.0
27485.5470644622, 44, -1.0
27488.525992089184, 101, 1.0
27488.853288194903, 101, -1.0
27489.895715529685, 75, -1.0
27493.49066010698, 103, 1.0
27498.269329160383, 152, 1.0
27500.98807294403, 44, -1.0
27501.535351912527, 101, 1.0
27508.828556998502, 154, 1.0
27528.55943826378, 75, 1.0
27536.612541190916, 35, -1.0
27537.15597717155, 75, 1.0
27539.535252541704, 44, -1.0
27556.255883864436, 75, 1.0
27557.334834828427, 44, 1.0
27557.434355767306, 154, 1.0
27557.640192727973, 44, -1.0
27564.281686697384, 44, -1.0
27568.266389083154, 44, -1.0
27588.271632720018, 152, 1.0
27589.845899013777, 44, -1.0
27590.766527326603, 75, 1.0
27591.80525531323, 101, 1.0
27594.470662975524, 101, 1.0
27595.525579554873, 101, 1.0
27598.227146271525, 35, -1.0
27602.22055765485, 75, -1.0
27602.373293770546, 103, -1.0
27603.19994901244, 103, 1.0
27605.130496746136, 75, 1.0
27619.489831224546, 35, -1.0
27628.509905606606, 148, -1.0
27638.387152973115, 75, 1.0
27641.410373315382, 75, 1.0
27642.75843725658, 152, 1.0
27644.033100541757, 75, -1.0
27656.61513052398, 101, -1.0
27660.520813196214, 103, -1.0
27664.331653422338, 75, 1.0
27669.70118402839, 75, -1.0
27670.35860410957, 75, -1.0
27670.386118611495, 103, 1.0
27670.459831891447, 75, 1.0
27671.41738876112, 103, -1.0
27677.097911725046, 154, 1.0
27698.360384116222, 101, 1.0
27710.924677462655, 101, -1.0
27716.371648704346, 101, 1.0
27722.768992910806, 75, -1.0
27739.199134424987, 44, -1.0
27746.897816986344, 44, -1.0
27761.879815521672, 75, 1.0
27764.180246689164, 103, 1.0
27766.08898118587, 154, 1.0
27767.718595535553, 75, 1.0
27770.55928331187, 75, 1.0
27779.086008012157, 35, 1.0
27780.7656383513, 101, 1.0
27783.201245933204, 154, -1.0
27787.929023648103, 154, 1.0
27790.13940490116, 103, 1.0
27793.36228107857, 75, 1.0
27815.00395141186, 44, 1.0
27823.60142992189, 75, 1.0
27824.47876859894, 101, 1.0
27825.295123111908, 35, -1.0
27842.143781622573, 148, -1.0
27842.219569463352, 35, -1.0
27842.964297995084, 75, 1.0
27843.203520406456, 103, 1.0
27855.209983780835, 75, 1.0
27855.447487474423, 154, 1.0
27859.54928360728, 154, 1.0
27860.945685712068, 103, 1.0
27874.20271565751, 44, -1.0
27874.524284344567, 75, 1.0
27876.467690094512, 75, 1.0
27877.453246835696, 152, -1.0
27878.55827111127, 154, -1.0
27879.095836156073, 101, -1.0
27880.751357456338, 44, -1.0
27881.170086306105, 44, -1.0
27890.65979044418, 148, -1.0
27892.791658571645, 35, -1.0
27896.626053804448, 44, 1.0
27900.06618107494, 35, -1.0
27905.237589531804, 103, 1.0
27909.24159607097, 103, 1.0
27913.688779855343, 75, 1.0
27918.770880355525, 154, -1.0
27940.936783002897, 154, 1.0
27947.281000314742, 35, -1.0
27952.17546910164, 75, -1.0
27953.50526191662, 35, -1.0
27955.098305337928, 101, 1.0
27955.56827034126, 101, -1.0
27957.286931269035, 154, -1.0
27958.563845500114, 152, -1.0
27963.964908692324, 103, 1.0
27972.20846132739, 154, -1.0
27973.2636207256, 35, -1.0
27974.712637109635, 44, -1.0
27980.943346472042, 75, 1.0
27983.347094178156, 35, 1.0
27984.924442537987, 44, -1.0
27986.69425632094, 35, -1.0
27999.771066744936, 103, 1.0
28001.18121268759, 101, 1.0
28011.60894003338, 35, -1.0
28014.18965028642, 101, 1.0
28015.54004218241, 44, -1.0
28017.037236640033, 148, -1.0
28017.616945286944, 35, -1.0
28023.41325775323, 101, -1.0
28050.677778945508, 101, -1.0
28055.96352179532, 152, -1.0
28070.713550919183, 103, 1.0
28089.774644538455, 35, -1.0
28096.96804624075, 154, 1.0
28100.29261876742, 35, -1.0
28103.35748523062, 75, -1.0
28106.41564275957, 35, -1.0
28112.21697711348, 154, 1.0
28113.92381253715, 101, 1.0
28115.71961923778, 154, -1.0
28126.604276086648, 35, -1.0
28132.739200402426, 75, -1.0
28136.435588683227, 75, 1.0
28136.50506266342, 35, 1.0
28139.843637559923, 75, -1.0
28154.16155068886, 35, -1.0
28168.08736254155, 35, -1.0
28168.604605288143, 75, 1.0
28180.317714829715, 154, -1.0
28184.747651075533, 101, 1.0
28186.393342475207, 154, 1.0
28191.556947462006, 44, -1.0
28196.12170175498, 75, 1.0
28196.801260077376, 44, -1.0
28198.193159047678, 101, 1.0
28203.386948270236, 154, 1.0
28204.423424118493, 103, -1.0
28208.36805011875, 103, 1.0
28210.4567052841, 35, -1.0
28213.262638765387, 152, -1.0
28217.289417496795, 35, -1.0
28217.663164930545, 101, 1.0
28220.056441820372, 35, -1.0
28222.12140504157, 101, 1.0
28223.351671512577, 152, 1.0
28223.799522952533, 103, 1.0
28227.48384580253, 148, 1.0
28228.103306718705, 152, -1.0
28231.73652375568, 75, 1.0
28232.28146951061, 103, -1.0
28233.396799876635, 101, 1.0
28239.483419074524, 101, 1.0
28242.440786260024, 154, 1.0
28249.88542915038, 148, -1.0
28257.01969689979, 75, -1.0
28257.840472018797, 35, -1.0
28257.999222044342, 75, -1.0
28263.487785626243, 152, 1.0
28264.82003162054, 75, 1.0
28273.350481317175, 103, 1.0
28280.01697084386, 35, -1.0
28280.859797659417, 75, -1.0
28282.025710515594, 103, 1.0
28284.368351227542, 154, -1.0
28290.612536418503, 35, -1.0
28297.332319658737, 75, 1.0
28298.433164072718, 101, 1.0
28300.51870877474, 148, -1.0
28304.061778775787, 152, -1.0
28309.34642996574, 154, 1.0
28311.37524213994, 75, 1.0
28312.62883669916, 152, -1.0
28313.765572260763, 75, -1.0
28319.587899481954, 44, -1.0
28321.760917246353, 75, 1.0
28322.330592398856, 103, -1.0
28324.351666330742, 35, -1.0
28327.775146709722, 101, -1.0
28328.44250049989, 35, -1.0
28335.683414875395, 44, -1.0
28339.16696756328, 35, -1.0
28339.974835307108, 75, 1.0
28347.343414284445, 148, -1.0
28349.066537434668, 152, -1.0
28349.34834187791, 152, -1.0
28351.63645784427, 75, 1.0
28359.13965590914, 35, -1.0
28361.475755398467, 152, 1.0
28364.71269973074, 152, 1.0
28366.359885526697, 44, -1.0
28381.22019222996, 154, -1.0
28385.322443551948, 154, 1.0
28388.48446965981, 35, -1.0
28393.918630310167, 103, 1.0
28406.92143033137, 44, -1.0
28415.66625552801, 148, -1.0
28418.165942351567, 154, -1.0
28422.94246341947, 75, 1.0
28434.5653351164, 103, 1.0
28435.39367504141, 44, -1.0
28441.696498077843, 101, 1.0
28443.14599032478, 101, -1.0
28443.21844792045, 75, -1.0
28446.16786379758, 154, -1.0
28450.374617310532, 101, 1.0
28455.29394056268, 75, 1.0
28457.913123149712, 101, 1.0
28460.390004702742, 148, 1.0
28473.683049183477, 75, 1.0
28475.812539533777, 101, -1.0
28488.113373966848, 75, 1.0
28493.103167322635, 75, 1.0
28493.87536383685, 101, -1.0
28497.009705262095, 35, -1.0
28500.937452046728, 154, -1.0
28504.44889011545, 154, -1.0
28505.367817297858, 152, -1.0
28508.69362344794, 101, 1.0
28511.108892734665, 152, -1.0
28521.559866209904, 35, -1.0
28524.840354847267, 35, -1.0
28526.390197434128, 154, -1.0
28528.66643860365, 75, 1.0
28533.848645787555, 103, -1.0
28533.952137636086, 35, -1.0
28536.686941238582, 75, 1.0
28550.07287135941, 75, 1.0
28550.72527205232, 75, 1.0
28554.820709828273, 75, 1.0
28558.711352383074, 75, 1.0
28560.703698684418, 148, -1.0
28570.86886367642, 152, 1.0
28571.27893204932, 75, 1.0
28576.871785212737, 154, -1.0
28580.62864203099, 75, -1.0
28580.98922695934, 101, 1.0
28587.47553901237, 75, -1.0
28596.773555349617, 35, -1.0
28603.344609287535, 101, 1.0
28606.044508266834, 148, -1.0
28615.011785283925, 101, -1.0
28616.50724588274, 154, 1.0
28618.77491895, 75, 1.0
28619.06810705885, 148, -1.0
28619.439835744357, 101, 1.0
28627.86471592481, 75, 1.0
28628.52945224565, 75, 1.0
28655.864106709014, 103, 1.0
28656.941725411943, 152, -1.0
28657.383813968816, 154, 1.0
28659.817975189242, 35, -1.0
28662.86115965445, 101, 1.0
28665.299268620598, 75, 1.0
28667.66576966523, 75, -1.0
28668.907071060738, 35, -1.0
28674.25069240849, 75, 1.0
28678.83623138255, 35, -1.0
28691.381723508304, 152, -1.0
28695.040085056455, 35, -1.0
28697.331151850372, 35, -1.0
28698.354443113596, 152, 1.0
28699.658674249797, 154, 1.0
28700.525119476024, 75, 1.0
28700.85889056386, 35, -1.0
28706.395086880333, 75, 1.0
28719.442015243254, 35, -1.0
28720.19555902217, 103, 1.0
28723.76931517093, 35, 1.0
28727.717368308407, 148, 1.0
28730.638394630027, 75, -1.0
28732.392806602707, 75, 1.0
28732.899186201517, 152, -1.0
28733.73537051341, 152, 1.0
28744.617362576388, 103, 1.0
28744.697852050343, 154, -1.0
28745.662390765337, 35, -1.0
28747.109178903334, 35, 1.0
28760.086787179105, 103, -1.0
28762.68729039332, 154, -1.0
28768.044406749428, 35, -1.0
28779.340761183314, 75, 1.0
28784.17384143809, 35, -1.0
28786.59513346797, 101, -1.0
28794.069602911342, 44, -1.0
28808.19989340915, 101, 1.0
28814.30223487033, 75, 1.0
28817.06832619149, 35, 1.0
28836.709930323814, 44, -1.0
28854.72241213629, 101, 1.0
28876.714615418747, 101, -1.0
28877.319741498628, 152, -1.0
28879.50984454242, 35, 1.0
28882.48549283707, 148, 1.0
28885.176051029546, 152, -1.0
28908.28662253975, 101, 1.0
28913.388910038913, 44, -1.0
28918.68746522889, 103, 1.0
28927.98221217315, 148, -1.0
28941.179340134462, 75, 1.0
28949.511415754663, 152, 1.0
28953.678407201154, 35, -1.0
28954.26416067616, 35, -1.0
28956.643961577225, 75, 1.0
28965.118493694106, 35, 1.0
28968.83566274885, 44, -1.0
28983.61286555925, 35, -1.0
28986.755779145064, 152, -1.0
28990.515303331707, 103, 1.0
28991.3524189267, 101, 1.0
28993.175989996114, 101, -1.0
28993.518478262202, 35, -1.0
29000.29343981846, 152, -1.0
29001.211281034626, 35, -1.0
29012.50700762967, 101, -1.0
29041.82373310536, 75, 1.0
29041.92454546792, 75, 1.0
29049.38912663874, 148, -1.0
29051.219773570374, 75, 1.0
29051.88200313626, 101, 1.0
29065.61751101542, 101, 1.0
29068.24137243976, 44, -1.0
29070.348244556506, 148, -1.0
29072.343186584614, 44, -1.0
29084.79130219523, 44, -1.0
29093.06754782051, 101, -1.0
29095.17253075982, 44, -1.0
29096.532880203195, 101, 1.0
29096.951876080966, 44, -1.0
29103.49002129845, 75, 1.0
29111.24707454738, 35, -1.0
29120.665714954055, 75, 1.0
29121.643709902448, 35, -1.0
29126.552226906384, 101, -1.0
29127.31235485032, 35, 1.0
29133.60375375531, 148, -1.0
29140.080082996614, 35, -1.0
29142.970903609224, 103, 1.0
29144.856727515144, 35, 1.0
29148.642507527555, 154, 1.0
29155.911345120177, 152, -1.0
29160.958262262015, 44, -1.0
29168.428008815084, 44, -1.0
29171.793639249816, 154, 1.0
29177.921027453427, 154, 1.0
29184.157905115946, 154, -1.0
29184.60477694892, 152, 1.0
29185.174641846817, 35, -1.0
29188.189137179746, 101, -1.0
29188.508037292733, 101, -1.0
29189.47939382385, 35, -1.0
29192.859722513716, 152, -1.0
29197.411443108966, 148, -1.0
29203.487759685147, 148, -1.0
29204.52044611171, 75, -1.0
29207.62477867597, 148, -1.0
29216.692382446177, 152, 1.0
29218.868194442057, 101, 1.0
29219.132968819376, 101, -1.0
29227.630430380552, 101, 1.0
29231.199417347678, 152, -1.0
29236.164799875667, 75, 1.0
29241.778606786796, 75, 1.0
29245.66681525586, 154, 1.0
29251.976306761666, 101, -1.0
29252.95108916336, 152, -1.0
29266.74419220738, 35, 1.0
29268.235593922673, 148, -1.0
29268.465593344175, 35, -1.0
29287.57341119527, 152, -1.0
29297.98574943565, 35, 1.0
29310.62903849765, 152, -1.0
29314.89826113385, 35, -1.0
29320.528190397094, 152, -1.0
29331.508350206495, 154, 1.0
29333.17052676722, 148, -1.0
29335.186005814525, 35, -1.0
29339.64329494253, 44, -1.0
29348.66079024026, 75, -1.0
29349.09615090891, 101, -1.0
29358.63675053263, 101, -1.0
29361.197358471403, 103, 1.0
29364.851349396897, 44, -1.0
29365.397768310842, 101, 1.0
29365.51168448612, 35, 1.0
29372.50394023439, 152, -1.0
29373.475761966678, 44, -1.0
29375.033206042062, 35, 1.0
29375.338509985053, 75, 1.0
29378.98155163819, 35, -1.0
29379.882495401027, 148, -1.0
29393.530471722297, 152, -1.0
29394.272279562298, 152, 1.0
29394.92003447924, 75, 1.0
29395.852999694398, 148, -1.0
29396.09104387094, 103, 1.0
29402.79956535695, 35, 1.0
29406.042735756113, 35, -1.0
29424.85525626964, 35, -1.0
29426.400153451432, 152, -1.0
29432.61583978364, 101, 1.0
29435.496204108862, 75, 1.0
29441.480458260598, 101, -1.0
29457.551943082588, 75, 1.0
29459.606226543587, 148, -1.0
29463.68363538261, 44, -1.0
29465.773758859108, 75, 1.0
29482.071281039483, 148, -1.0
29489.426627303576, 101, -1.0
29503.035581881515, 101, 1.0
29512.95774256709, 154, 1.0
29513.91770690225, 101, -1.0
29526.70722243308, 35, -1.0
29529.61670147891, 44, -1.0
29537.21719938221, 154, 1.0
29537.90008335481, 101, -1.0
29538.508724736763, 35, -1.0
29540.22865296043, 101, -1.0
29545.44479959689, 101, -1.0
29547.73218481453, 148, -1.0
29549.41931787917, 101, -1.0
29549.486803252857, 101, 1.0
29570.750869073643, 35, -1.0
29571.509102753436, 44, -1.0
29574.837948924003, 44, -1.0
29576.696115297407, 103, 1.0
29578.40208407441, 152, -1.0
29581.043698493268, 101, -1.0
29582.270601309723, 101, 1.0
29587.530730104183, 152, -1.0
29588.155440050785, 101, 1.0
29589.127940991053, 101, -1.0
29591.77546074258, 35, -1.0
29599.173937801355, 148, -1.0
29600.08983016292, 152, -1.0
29603.084110139993, 154, -1.0
29604.46864867186, 101, -1.0
29613.91765354597, 35, -1.0
29625.142028809863, 35, -1.0
29626.547978069797, 101, -1.0
29627.944399868826, 44, -1.0
29629.843313180292, 154, 1.0
29636.5918991021, 154, 1.0
29638.96669501142, 154, -1.0
29643.357938858873, 35, -1.0
29650.25076347022, 101, 1.0
29659.606272338835, 44, -1.0
29660.72366098897, 44, -1.0
29668.004908185, 154, 1.0
29672.44000087394, 75, 1.0
29676.935818317197, 148, -1.0
29681.734721831486, 101, 1.0
29682.057868491705, 44, 1.0
29683.0244856789, 35, -1.0
29684.383204393034, 101, 1.0
29695.63611468143, 101, -1.0
29697.76718482143, 103, 1.0
29703.751695886902, 148, -1.0
29703.878924586916, 101, 1.0
29706.559268923236, 101, 1.0
29708.495488781915, 75, -1.0
29713.98905881712, 35, 1.0
29714.78233968879, 101, 1.0
29725.341006525734, 101, 1.0
29725.846837696146, 101, -1.0
29734.18414549703, 148, -1.0
29741.69527097708, 101, -1.0
29758.532601008344, 103, 1.0
29759.55208592274, 101, 1.0
29760.101922265898, 101, 1.0
29760.451285751547, 152, -1.0
29767.960335669814, 101, 1.0
29781.68620936317, 35, -1.0
29785.77425688688, 35, -1.0
29785.914738771768, 148, -1.0
29795.857736580238, 44, -1.0
29796.6322741686, 75, -1.0
29801.447910963212, 148, 1.0
29812.924363433383, 44, -1.0
29816.586061344904, 152, -1.0
29825.795226292725, 75, 1.0
29830.668134129, 101, -1.0
29830.823876913175, 75, 1.0
29845.19381766509, 101, 1.0
29845.35920634472, 103, 1.0
29856.453937056154, 103, 1.0
29858.345478689767, 103, 1.0
29865.845629232805, 35, -1.0
29869.245683914545, 101, 1.0
29876.54055984187, 154, 1.0
29879.7719304859, 44, -1.0
29880.322945083004, 101, -1.0
29880.389073334693, 101, -1.0
29882.47964653633, 35, 1.0
29893.51127815615, 101, 1.0
29895.37176125313, 35, -1.0
29904.25473773133, 101, 1.0
29905.789887167222, 148, -1.0
29919.641908025413, 44, -1.0
29923.45855075216, 35, 1.0
29923.858160996082, 101, -1.0
29931.171748505403, 152, -1.0
29939.13094712735, 35, 1.0
29939.48256472557, 101, -1.0
29941.461909894664, 103, 1.0
29942.0888412509, 35, -1.0
29945.90850816506, 101, -1.0
29949.82800716444, 152, -1.0
29949.953382785272, 75, -1.0
29950.257246145142, 75, 1.0
29959.747807536216, 148, -1.0
29964.279052217822, 101, 1.0
29966.45194814017, 35, 1.0
29968.299756242883, 101, 1.0
29972.788536232096, 152, 1.0
29976.457277933514, 35, -1.0
29979.53409395728, 35, -1.0
29987.378946209494, 148, -1.0
29988.878017425974, 44, -1.0
29990.787345128032, 101, -1.0
29994.80980733729, 44, -1.0
29998.63168959603, 44, 1.0
30007.47375263687, 101, -1.0
30009.037080679474, 35, -1.0
30009.896640839754, 44, 1.0
30011.00090325754, 44, -1.0
30013.554315844798, 103, 1.0
30014.72374919329, 148, -1.0
30015.80257744, 44, -1.0
30019.267152342956, 152, 1.0
30033.43244990513, 35, -1.0
30035.03994948483, 44, -1.0
30045.160385798627, 101, -1.0
30047.36357672285, 152, -1.0
30056.29685785121, 101, -1.0
30058.749167218248, 101, -1.0
30061.866302480714, 101, 1.0
30072.18141837266, 101, 1.0
30077.274480424134, 35, 1.0
30080.978775766882, 154, 1.0
30081.06041640052, 152, 1.0
30086.663818876506, 35, 1.0
30103.787594412213, 101, -1.0
30106.569881914867, 154, 1.0
30106.6094699785, 35, -1.0
30112.321201384446, 152, -1.0
30115.785563500882, 101, 1.0
30116.599435722343, 154, 1.0
30117.937389766772, 35, 1.0
30122.007211051892, 35, 1.0
30123.28568300395, 35, 1.0
30123.76084471833, 75, -1.0
30128.88400665802, 152, -1.0
30130.3436262312, 44, 1.0
30131.37371096168, 101, -1.0
30155.83279770174, 44, -1.0
30169.03051291711, 101, 1.0
30174.124915369215, 103, 1.0
30195.585506380885, 152, -1.0
30204.294580714493, 44, -1.0
30216.064667101225, 75, 1.0
30217.386321413294, 35, 1.0
30228.883804956833, 75, -1.0
30231.061625141905, 44, -1.0
30234.809649435567, 148, -1.0
30235.833824427657, 35, -1.0
30248.18612279195, 101, 1.0
30261.896262489172, 101, -1.0
30264.699525019005, 154, 1.0
30269.18617625556, 101, 1.0
30276.525065051046, 103, -1.0
30279.22921133214, 35, 1.0
30287.450285702376, 101, -1.0
30288.172275798086, 148, -1.0
30294.26293048031, 101, 1.0
30301.492817869952, 75, -1.0
30305.28582028006, 152, -1.0
30314.180101322123, 101, 1.0
30315.296056003153, 152, 1.0
30316.478647803844, 101, 1.0
30319.54038529719, 75, -1.0
30324.69309296695, 148, -1.0
30327.69511718754, 75, 1.0
30335.380156730684, 101, 1.0
30341.225488213506, 101, -1.0
30342.28769312526, 35, -1.0
30344.051443313012, 75, -1.0
30348.303797543478, 35, -1.0
30352.618235970865, 152, -1.0
30354.842533819436, 75, -1.0
30355.511209809687, 35, 1.0
30357.310591354726, 103, 1.0
30357.68862182681, 152, -1.0
30370.11179615953, 75, 1.0
30376.432293320093, 101, 1.0
30383.787269835982, 35, 1.0
30393.348302523525, 101, 1.0
30411.588309793777, 35, 1.0
30420.771764839206, 101, -1.0
30424.398461717432, 101, 1.0
30434.660902557494, 152, -1.0
30438.90829212676, 101, 1.0
30439.576902103974, 44, -1.0
30439.96003287371, 44, -1.0
30443.92886924897, 75, -1.0
30450.81830742877, 103, 1.0
30460.5548676473, 101, 1.0
30461.24980514294, 75, -1.0
30463.225626583055, 101, -1.0
30467.98978214682, 101, 1.0
30477.47072921321, 152, 1.0
30485.479849410964, 152, -1.0
30498.59338487244, 101, -1.0
30504.717115188872, 101, 1.0
30511.639972188008, 35, 1.0
30514.11142735756, 101, 1.0
30520.112345246373, 101, 1.0
30522.273349206556, 101, -1.0
30529.94552902603, 101, -1.0
30534.389147308353, 75, -1.0
30537.489738581568, 75, -1.0
30541.40850558882, 103, -1.0
30555.12398674492, 44, -1.0
30555.470695891225, 101, -1.0
30556.35369943834, 154, -1.0
30561.819720395048, 44, -1.0
30571.869498289514, 154, -1.0
30576.861681808892, 75, 1.0
30577.809696814267, 103, 1.0
30579.89211602102, 152, -1.0
30580.45877699549, 75, 1.0
30581.22671504438, 101, 1.0
30582.398397155677, 103, 1.0
30585.806242226718, 101, -1.0
30586.474493664653, 103, 1.0
30588.809904605576, 101, -1.0
30591.784066997672, 152, 1.0
30596.403411516436, 148, 1.0
30598.88575270637, 35, -1.0
30602.36283401892, 148, -1.0
30614.875825513038, 44, -1.0
30617.541908399297, 101, 1.0
30619.987837290744, 101, 1.0
30626.38295392611, 101, -1.0
30633.2015514131, 152, -1.0
30633.883775598097, 35, -1.0
30642.206537841113, 75, -1.0
30645.051984784815, 101, 1.0
30651.638659942244, 152, -1.0
30666.179637721183, 152, 1.0
30670.35698975905, 154, 1.0
30674.61283522787, 103, 1.0
30681.122260650704, 101, 1.0
30681.600159297246, 101, 1.0
30691.114605707513, 103, 1.0
30697.796074226222, 103, 1.0
30703.564284212054, 101, -1.0
30713.46439981325, 101, 1.0
30714.71797838571, 44, -1.0
30716.42096221836, 35, 1.0
30723.301000825628, 35, -1.0
30723.583318087425, 75, -1.0
30731.80662435258, 35, -1.0
30731.935617260937, 35, 1.0
30742.983566751027, 75, -1.0
30743.69877671675, 154, 1.0
30746.854516054926, 35, -1.0
30749.635934504517, 35, 1.0
30754.37452510673, 101, 1.0
30754.448531937556, 44, 1.0
30761.251604542642, 148, -1.0
30770.75613601128, 152, -1.0
30789.296938740456, 154, 1.0
30796.15920079201, 35, 1.0
30797.008427583143, 75, 1.0
30797.061070810378, 103, 1.0
30797.392216863358, 44, -1.0
30799.657889357753, 75, 1.0
30800.995898468867, 148, -1.0
30815.992184669958, 154, 1.0
30818.78577168845, 154, 1.0
30818.92412415145, 152, -1.0
30823.853213466355, 35, -1.0
30827.01570127541, 44, 1.0
30835.500604431287, 101, 1.0
30836.457414419754, 154, -1.0
30836.62588486087, 103, 1.0
30851.5359159879, 101, 1.0
30854.172559923678, 101, 1.0
30854.421921690384, 35, 1.0
30863.855721626718, 154, 1.0
30865.213774210555, 154, 1.0
30868.461260187123, 75, -1.0
30872.13182015849, 44, 1.0
30885.62769773756, 101, 1.0
30886.755193797202, 152, -1.0
30899.43439682378, 152, -1.0
30900.69603040861, 75, -1.0
30906.951387249468, 44, -1.0
30918.18893796369, 75, 1.0
30919.388236762345, 103, 1.0
30935.435588487628, 44, -1.0
30935.79259960299, 35, -1.0
30936.78134397963, 103, 1.0
30949.693493024097, 75, -1.0
30953.172342413098, 44, 1.0
30956.60280911024, 44, -1.0
30958.335132172193, 35, -1.0
30973.718096193366, 75, 1.0
30985.045280531544, 75, -1.0
30991.073124991257, 35, -1.0
30994.264876617304, 154, 1.0
31000.159610671646, 35, -1.0
31008.68900327428, 44, -1.0
31009.81208719843, 148, -1.0
31015.01654555, 101, -1.0
31018.80643679549, 101, 1.0
31023.750112478196, 148, -1.0
31035.011483746683, 44, -1.0
31043.8450551366, 101, 1.0
31054.404462927403, 44, 1.0
31057.132459501718, 154, 1.0
31059.511324789804, 101, 1.0
31060.859532096274, 35, 1.0
31063.072877372873, 101, -1.0
31071.008889406818, 44, -1.0
31071.61087640916, 75, -1.0
31072.142165486854, 103, 1.0
31074.347799191597, 152, 1.0
31081.28045197674, 152, 1.0
31087.569904184766, 44, -1.0
31087.937531243864, 44, -1.0
31092.047085055765, 101, 1.0
31092.089986227602, 103, 1.0
31097.80929826491, 101, -1.0
31104.026138984515, 35, -1.0
31118.231117058178, 101, -1.0
31128.359464953606, 101, -1.0
31150.676656886113, 44, 1.0
31151.267217796834, 35, 1.0
31154.79882074883, 44, -1.0
31157.889454902812, 35, -1.0
31159.11552140298, 103, -1.0
31159.633694616216, 44, -1.0
31162.29382360578, 154, 1.0
31164.795352382785, 101, 1.0
31168.222217462237, 35, -1.0
31173.200008489424, 101, 1.0
31175.013870763774, 44, -1.0
31180.282915908734, 103, 1.0
31180.303195940756, 35, -1.0
31181.769909209455, 154, -1.0
31182.70925851297, 152, 1.0
31184.15134801468, 154, 1.0
31185.46745936335, 35, -1.0
31191.357742163644, 101, 1.0
31199.78028740476, 44, -1.0
31200.572437684263, 148, -1.0
31212.555776721198, 101, 1.0
31217.327792509408, 44, -1.0
31220.8901029214, 152, -1.0
31231.808369782302, 103, 1.0
31242.832398435, 148, 1.0
31253.187765116676, 44, -1.0
31265.241217857874, 44, -1.0
31271.142726111768, 44, -1.0
31276.83674303179, 35, -1.0
31281.785742750588, 103, 1.0
31282.085504715636, 44, -1.0
31282.4556819922, 154, 1.0
31284.421158245823, 154, -1.0
31292.69887009634, 101, 1.0
31295.887256639784, 101, 1.0
31299.778255092548, 152, -1.0
31301.421995163906, 101, 1.0
31315.22119886418, 154, -1.0
31319.911604252306, 148, -1.0
31321.691220330467, 101, -1.0
31324.64590777696, 35, -1.0
31327.041631929038, 152, 1.0
31328.132499775867, 101, 1.0
31335.786001146327, 35, 1.0
31338.99083358066, 101, -1.0
31346.55820440654, 75, 1.0
31349.28729589202, 75, 1.0
31351.32827682301, 35, 1.0
31352.90175569432, 101, 1.0
31355.480237207925, 101, 1.0
31376.021348127666, 35, 1.0
31376.26375428348, 101, 1.0
31376.6424364199, 154, 1.0
31383.612742275363, 75, 1.0
31384.096748670167, 101, 1.0
31385.51550003214, 75, -1.0
31391.722023409435, 44, -1.0
31394.381276970154, 101, -1.0
31394.70739913421, 44, -1.0
31399.179286299448, 75, 1.0
31399.78209084715, 75, -1.0
31408.633525676392, 103, -1.0
31417.535634456515, 35, -1.0
31422.437734422703, 103, 1.0
31422.59283137125, 35, -1.0
31434.908571368527, 101, 1.0
31437.074005426737, 35, -1.0
31440.534645681415, 148, -1.0
31443.374032473606, 35, -1.0
31448.024900723573, 101, -1.0
31450.953448882687, 75, 1.0
31459.492071418354, 101, -1.0
31460.07830907242, 154, -1.0
31471.21103693557, 75, -1.0
31474.14260909169, 103, 1.0
31482.048346124153, 35, -1.0
31495.086993149413, 148, -1.0
31508.205551818817, 75, 1.0
31509.572919513634, 152, 1.0
31512.86418326061, 101, -1.0
31513.94338827002, 101, 1.0
31515.30947735061, 101, 1.0
31517.68462419886, 75, -1.0
31517.815039541198, 35, -1.0
31519.169969967785, 75, -1.0
31522.48167577656, 154, 1.0
31524.702408121153, 152, -1.0
31529.10092156486, 35, -1.0
31542.395350103856, 103, 1.0
31543.519836725995, 35, -1.0
31562.88576733907, 152, -1.0
31564.15362251545, 103, -1.0
31570.83393750429, 35, 1.0
31580.16927744495, 44, 1.0
31583.686606074683, 101, -1.0
31586.115580366208, 35, 1.0
31588.30802580934, 44, -1.0
31591.255183876627, 44, -1.0
31594.624464293818, 35, 1.0
31596.4980109657, 101, -1.0
31601.3506756573, 103, -1.0
31605.61857681064, 35, -1.0
31609.5834403691, 154, -1.0
31614.271348112707, 148, -1.0
31617.726510091357, 75, -1.0
31621.395141481626, 154, -1.0
31624.546832289543, 44, -1.0
31638.227201501733, 101, -1.0
31643.57209481964, 152, -1.0
31645.502042877935, 35, 1.0
31650.614402833, 44, -1.0
31652.85556535738, 75, 1.0
31678.981811758913, 101, -1.0
31679.73005001303, 103, -1.0
31680.170726535333, 44, -1.0
31681.093159266646, 35, 1.0
31687.964027772745, 101, 1.0
31698.63488442085, 154, -1.0
31698.949282408143, 103, 1.0
31705.189576077173, 44, -1.0
31708.361593190595, 44, -1.0
31714.327088571084, 103, -1.0
31716.086578371636, 152, -1.0
31721.737898071402, 44, -1.0
31731.78476820784, 154, 1.0
31734.79228785171, 154, -1.0
31736.767814927163, 103, 1.0
31737.96840975919, 154, -1.0
31742.929256728738, 152, -1.0
31755.56423345049, 154, 1.0
31758.19086172748, 148, 1.0
31772.223761907182, 101, 1.0
31776.714389968005, 101, -1.0
31778.02022506909, 152, -1.0
31778.407072772563, 101, 1.0
31779.296351248264, 103, 1.0
31790.51803422312, 154, 1.0
31793.166841567865, 148, -1.0
31802.806694660016, 35, 1.0
31806.87167042951, 148, -1.0
31808.597592279166, 101, -1.0
31820.032248564843, 101, -1.0
31821.22052144928, 103, 1.0
31825.79342442307, 154, 1.0
31827.855821234854, 101, 1.0
31833.348076658116, 101, -1.0
31833.791555011994, 101, -1.0
31835.75632318123, 152, 1.0
31848.741675344652, 44, -1.0
31859.963139208314, 75, -1.0
31860.17345085776, 101, 1.0
31868.52145537633, 75, 1.0
31888.526161886653, 44, -1.0
31888.64816475849, 101, -1.0
31888.84940983969, 35, -1.0
31889.579724076415, 35, -1.0
31894.72085305765, 35, 1.0
31895.822072375417, 101, -1.0
31903.073481281022, 35, 1.0
31915.347329111297, 35, 1.0
31916.446458936363, 101, -1.0
31923.737231129715, 44, -1.0
31938.431473568657, 75, -1.0
31938.960628355715, 75, -1.0
31940.37556173392, 35, 1.0
31944.863996927972, 75, -1.0
31946.690318519777, 35, -1.0
31946.897043943325, 75, 1.0
31948.149568370503, 101, 1.0
31951.717559675762, 152, -1.0
31952.0788790533, 44, -1.0
31952.153486627398, 101, -1.0
31961.129823447784, 101, -1.0
31971.04222383278, 75, -1.0
31975.774916207556, 101, 1.0
31978.417315091483, 35, 1.0
32001.952408710287, 75, -1.0
32004.476317200286, 44, 1.0
32007.98871497057, 35, -1.0
32008.341504501863, 44, -1.0
32011.072624159642, 103, 1.0
32024.353529813336, 101, 1.0
32025.616068362408, 148, -1.0
32026.49401951983, 75, 1.0
32035.03413893193, 101, -1.0
32037.367676113077, 44, -1.0
32038.17792771718, 101, 1.0
32047.953769172167, 152, -1.0
32050.2993368104, 148, -1.0
32055.224990131275, 35, -1.0
32057.405893211697, 44, 1.0
32063.84825083204, 154, -1.0
32067.727673430665, 101, 1.0
32074.728986877286, 35, -1.0
32082.363954382534, 101, -1.0
32082.71674709378, 44, -1.0
32084.297800737924, 44, -1.0
32089.170274608616, 152, -1.0
32092.960747634206, 44, -1.0
32114.29031749072, 103, 1.0
32117.53130521607, 101, -1.0
32118.95785684887, 35, 1.0
32121.78600014811, 103, 1.0
32127.528921611323, 152, -1.0
32133.46930864568, 35, -1.0
32137.32084240907, 44, -1.0
32138.848827550322, 101, -1.0
32144.28529319616, 101, 1.0
32144.758284706455, 154, 1.0
32152.53762812084, 148, -1.0
32153.64032805979, 35, -1.0
32154.116910497334, 154, -1.0
32170.37673683859, 35, -1.0
32201.96796349403, 148, -1.0
32205.272922596454, 148, -1.0
32211.755140994836, 152, -1.0
32213.43338615051, 44, -1.0
32213.90129713362, 152, 1.0
32221.617587511326, 154, -1.0
32224.60062877441, 44, -1.0
32225.4379319666, 154, 1.0
32229.189223275876, 35, -1.0
32237.38516489771, 75, -1.0
32237.516856944578, 152, -1.0
32244.648938890365, 44, -1.0
32251.861083090862, 148, -1.0
32256.098284965916, 154, -1.0
32258.17855030356, 154, -1.0
32261.901942286495, 35, 1.0
32262.827319391105, 103, 1.0
32282.254557858294, 101, 1.0
32285.403854914064, 35, -1.0
32288.17399974114, 75, 1.0
32292.837167946032, 35, -1.0
32303.100349840966, 44, -1.0
32310.57588963831, 154, -1.0
32315.74584825904, 44, -1.0
32323.719101954535, 101, 1.0
32324.62687376435, 101, -1.0
32328.927252128164, 103, 1.0
32330.566775186584, 103, 1.0
32333.9422517566, 75, 1.0
32336.568744612625, 103, 1.0
32336.764249866123, 44, -1.0
32336.929449858475, 101, -1.0
32337.049603145955, 103, 1.0
32339.59981617446, 35, -1.0
32343.483273717437, 148, -1.0
32345.890358109835, 103, 1.0
32347.52269131526, 152, 1.0
32354.97260396696, 44, -1.0
32355.34270026783, 101, 1.0
32360.515938753542, 35, -1.0
32361.7920910745, 44, 1.0
32362.913189593255, 154, -1.0
32368.904735796637, 148, -1.0
32383.864648205414, 152, -1.0
32384.33315852356, 101, 1.0
32385.292582371098, 44, -1.0
32385.88457033815, 35, 1.0
32399.91374972225, 44, -1.0
32401.154667895767, 152, 1.0
32402.73184826677, 101, -1.0
32411.237917750444, 101, 1.0
32415.333592453222, 154, 1.0
32422.19737010822, 103, 1.0
32422.241470991492, 101, 1.0
32423.890916374377, 101, -1.0
32435.442098988937, 35, 1.0
32436.163751576383, 154, 1.0
32441.066699114068, 75, 1.0
32441.611886205952, 75, 1.0
32448.3111739401, 101, 1.0
32451.82568382941, 35, -1.0
32468.380027083535, 101, 1.0
32484.679304268007, 35, 1.0
32486.563669279436, 35, -1.0
32487.257254131822, 44, -1.0
32491.459272922177, 35, -1.0
32492.940531730106, 152, -1.0
32505.48585821032, 101, -1.0
32508.071132483397, 35, -1.0
32508.87489644604, 101, 1.0
32513.598896553853, 75, 1.0
32514.123816280462, 75, 1.0
32515.459567029793, 103, 1.0
32523.084462071256, 101, 1.0
32524.082270319665, 101, 1.0
32526.262179873804, 154, 1.0
32534.658810540892, 101, 1.0
32536.64879764973, 152, -1.0
32544.581175596013, 44, -1.0
32557.246170688653, 75, -1.0
32558.120979528445, 152, 1.0
32565.783841820456, 101, 1.0
32569.547355852606, 75, 1.0
32577.840191277366, 35, 1.0
32581.171276847137, 154, 1.0
32588.39989287059, 154, 1.0
32594.487182068293, 101, 1.0
32597.12211330983, 35, -1.0
32606.11229696326, 35, -1.0
32606.987314980757, 75, 1.0
32607.293792153225, 101, -1.0
32608.49573941102, 148, 1.0
32611.62217404927, 152, -1.0
32614.698350303875, 35, -1.0
32618.407181325158, 75, 1.0
32619.327505824847, 103, -1.0
32630.480691880723, 35, 1.0
32635.239476562998, 35, 1.0
32645.07672404989, 154, -1.0
32645.31220232311, 152, 1.0
32652.90953556681, 75, -1.0
32654.935791233107, 101, 1.0
32660.680777963127, 75, 1.0
32664.685902885365, 103, 1.0
32666.42125593066, 101, -1.0
32681.366115528628, 75, 1.0
32681.411595686208, 101, 1.0
32689.65482568432, 152, 1.0
32692.538787740945, 154, -1.0
32692.681118740067, 152, 1.0
32694.171785934974, 101, 1.0
32698.498743248605, 35, 1.0
32703.29491177891, 101, 1.0
32703.58255211853, 154, 1.0
32706.39776808572, 148, -1.0
32715.28974572925, 101, -1.0
32715.867164936688, 103, -1.0
32720.59827457068, 101, 1.0
32724.988384118144, 35, -1.0
32733.683185775764, 44, -1.0
32742.391581182514, 148, 1.0
32744.404282424097, 103, -1.0
32751.3185788877, 152, 1.0
32765.08579562829, 152, -1.0
32770.435998987705, 103, 1.0
32771.519700556506, 101, 1.0
32778.48698874643, 35, -1.0
32787.28356555279, 103, 1.0
32792.35271658078, 152, 1.0
32792.5483772226, 101, 1.0
32793.061461634796, 35, -1.0
32795.13459638623, 35, -1.0
32808.817473979616, 101, 1.0
32809.47572764609, 103, -1.0
32810.40589215774, 101, 1.0
32813.89998027206, 35, 1.0
32816.37540151398, 35, -1.0
32819.24901508603, 101, 1.0
32821.71431042003, 35, -1.0
32823.96462213974, 101, 1.0
32826.31589687945, 75, -1.0
32827.167367010356, 101, 1.0
32837.99985999609, 152, -1.0
32846.1139144075, 75, 1.0
32856.16944445552, 103, 1.0
32856.489199153875, 35, 1.0
32864.822294918966, 101, -1.0
32867.85742899835, 148, 1.0
32873.26262685015, 154, -1.0
32874.214862140776, 148, -1.0
32881.03597108489, 75, 1.0
32882.32487089467, 35, -1.0
32883.933904602294, 101, 1.0
32885.54684656458, 75, 1.0
32886.65642435633, 101, 1.0
32887.76031421721, 101, -1.0
32889.00969948641, 152, -1.0
32891.89413356954, 103, 1.0
32895.346394315406, 101, -1.0
32895.92113568758, 101, 1.0
32896.23752748989, 101, -1.0
32899.033268383326, 154, -1.0
32915.72600384671, 35, 1.0
32917.60088658202, 35, -1.0
32921.31486594386, 75, -1.0
32928.96859860556, 152, -1.0
32932.854197346474, 75, -1.0
32934.89736424852, 35, 1.0
32935.39891201643, 75, 1.0
32936.64085115877, 101, 1.0
32937.12962458098, 101, 1.0
32938.007870438516, 75, 1.0
32945.82437030692, 75, 1.0
32948.66797865138, 75, -1.0
32962.32042705115, 101, -1.0
32966.65403701755, 35, 1.0
32969.42802767162, 35, 1.0
32975.35076358788, 44, -1.0
32975.42884745638, 101, 1.0
32977.28251327665, 35, -1.0
32980.63822596261, 148, -1.0
32981.76952402462, 154, -1.0
32984.48869789908, 101, 1.0
32989.15331993536, 75, -1.0
32991.3523231794, 75, -1.0
32996.79910399815, 75, -1.0
33000.4646664546, 154, -1.0
33008.25045031506, 75, 1.0
33009.43937809335, 35, -1.0
33012.863879216246, 103, 1.0
33017.40315602025, 75, 1.0
33023.1941344515, 103, 1.0
33024.49833825267, 101, 1.0
33024.53407220631, 154, 1.0
33025.21251364049, 103, -1.0
33025.72091984955, 35, -1.0
33027.07739895018, 75, -1.0
33033.209692364595, 35, -1.0
33033.35853974331, 152, -1.0
33039.323425751005, 101, -1.0
33042.46999999648, 103, -1.0
33043.913890278214, 101, 1.0
33049.049629089735, 101, 1.0
33053.81549593243, 35, -1.0
33068.20480674062, 103, 1.0
33070.56539605886, 35, 1.0
33074.574367889254, 154, 1.0
33076.17552768152, 148, -1.0
33079.1102166727, 101, -1.0
33083.026245352135, 101, 1.0
33084.569877982736, 75, 1.0
33098.80314342119, 75, -1.0
33101.9235609955, 44, 1.0
33104.04742445909, 44, -1.0
33104.78966193444, 75, 1.0
33114.47282105197, 75, 1.0
33117.24889858991, 75, 1.0
33119.441397172195, 35, -1.0
33121.64543291869, 154, -1.0
33122.195873267294, 152, 1.0
33123.19169996216, 35, 1.0
33123.321915105276, 101, -1.0
33125.366655196856, 75, 1.0
33131.65137641222, 101, -1.0
33136.71823521727, 101, -1.0
33144.17946804127, 148, -1.0
33145.33960302186, 154, 1.0
33146.19620727817, 152, 1.0
33146.249735757, 75, -1.0
33158.7403753674, 35, -1.0
33162.91261513405, 152, 1.0
33167.29582542448, 152, 1.0
33175.138698172275, 75, 1.0
33175.189680119576, 35, -1.0
33188.98678050919, 75, 1.0
33190.94386968769, 154, 1.0
33194.73103194446, 35, -1.0
33196.21352184812, 35, 1.0
33206.067804194725, 152, -1.0
33206.95119577761, 154, 1.0
33207.276730387704, 103, 1.0
33219.81599533508, 44, -1.0
33223.73504900954, 75, -1.0
33224.32595240488, 75, 1.0
33225.81096932243, 35, -1.0
33239.65220936184, 101, 1.0
33245.87192814506, 75, 1.0
33249.46123094772, 103, 1.0
33261.47550313514, 101, 1.0
33268.83377746576, 148, -1.0
33270.627459376905, 154, 1.0
33271.688718114965, 101, -1.0
33272.430789510305, 152, -1.0
33273.14801223299, 35, 1.0
33273.60445998843, 101, -1.0
33274.07680556651, 101, -1.0
33275.230977644394, 148, -1.0
33277.89012479498, 75, 1.0
33284.4907301603, 154, -1.0
33289.17560548727, 35, 1.0
33299.86693385194, 35, 1.0
33304.72736659915, 101, 1.0
33307.35044380988, 103, 1.0
33316.09654587996, 75, 1.0
33317.180867146984, 103, 1.0
33320.66769311439, 101, 1.0
33334.34363247079, 152, 1.0
33343.697547912685, 35, -1.0
33345.15359370169, 101, -1.0
33348.34515980391, 103, 1.0
33354.499403654256, 75, 1.0
33362.02643400541, 101, -1.0
33369.8403192615, 35, -1.0
33375.58442039992, 103, 1.0
33375.73579426347, 75, -1.0
33382.789140607005, 44, -1.0
33402.66165070466, 101, 1.0
33403.83225724304, 101, 1.0
33411.71673695895, 101, -1.0
33414.67121532797, 44, -1.0
33415.034841020475, 101, 1.0
33418.567770696136, 35, -1.0
33424.325424693416, 101, 1.0
33430.60676640408, 101, -1.0
33432.13989396055, 103, 1.0
33440.424711752865, 152, 1.0
33443.06568459377, 103, 1.0
33444.98274043581, 75, -1.0
33447.92990168671, 35, -1.0
33452.65397127187, 35, -1.0
33454.83608463943, 44, -1.0
33458.02782956603, 148, -1.0
33469.80051254527, 154, 1.0
33475.53414331667, 154, 1.0
33479.48846112701, 101, 1.0
33479.82424419817, 103, 1.0
33484.430369286274, 152, 1.0
33487.00326886197, 148, 1.0
33489.18977554634, 154, -1.0
33502.86171146659, 103, 1.0
33506.4564873754, 75, 1.0
33519.44064139918, 75, 1.0
33525.78989143144, 101, 1.0
33531.518844824706, 101, -1.0
33534.583707368205, 75, 1.0
33536.71870406845, 101, 1.0
33537.51947347818, 101, -1.0
33543.18971848015, 75, -1.0
33548.98490232002, 148, -1.0
33550.086429676325, 101, 1.0
33553.690987564776, 101, -1.0
33557.54897093511, 103, -1.0
33563.72758076444, 75, -1.0
33566.571885274825, 75, 1.0
33576.03511241443, 148, -1.0
33576.110070623916, 101, 1.0
33576.17901537858, 75, -1.0
33578.77696049979, 148, -1.0
33582.372972727615, 35, -1.0
33589.666937482245, 101, -1.0
33592.667005531504, 101, 1.0
33594.58550267678, 101, 1.0
33601.050540816635, 103, 1.0
33601.26774795139, 44, 1.0
33603.487363844404, 75, -1.0
33616.20056702717, 75, -1.0
33617.628876907605, 101, -1.0
33617.69486889465, 75, 1.0
33618.922176212836, 103, 1.0
33636.8085018427, 101, 1.0
33639.77799908097, 101, 1.0
33646.5021781686, 154, -1.0
33647.641153112425, 35, -1.0
33648.84735560093, 152, 1.0
33649.36101073828, 101, -1.0
33654.30671804231, 101, -1.0
33677.27074384018, 101, 1.0
33679.32477889074, 152, -1.0
33686.904654003534, 101, 1.0
33694.147413074235, 35, -1.0
33703.91215089355, 75, 1.0
33710.1404954785, 152, -1.0
33710.94301500436, 44, -1.0
33713.50813080513, 152, 1.0
33716.33342241629, 75, -1.0
33717.336542554156, 101, -1.0
33719.90409277899, 103, 1.0
33720.15042843821, 35, -1.0
33720.984833636816, 103, -1.0
33725.00321405611, 44, -1.0
33728.6929197249, 75, 1.0
33734.20311039092, 75, -1.0
33739.7940420323, 75, 1.0
33741.399648608756, 101, 1.0
33744.38501968738, 101, 1.0
33746.653572583426, 35, -1.0
33747.853778911565, 154, -1.0
33753.76754732226, 75, -1.0
33756.41986481249, 103, 1.0
33757.20881289356, 103, -1.0
33757.823373041996, 35, -1.0
33758.54506825659, 35, -1.0
33762.70415855569, 101, 1.0
33784.19482156551, 154, -1.0
33784.88983134008, 35, -1.0
33785.48194011841, 152, 1.0
33788.63924375439, 154, 1.0
33789.34408476192, 44, -1.0
33792.10862347926, 152, 1.0
33796.094925818965, 101, 1.0
33798.67968472354, 148, -1.0
33806.31925814312, 101, 1.0
33813.785109480734, 35, -1.0
33824.15080715103, 148, -1.0
33826.53738043679, 75, 1.0
33829.964563139576, 101, 1.0
33839.33209580671, 101, 1.0
33840.27114641037, 103, 1.0
33847.29241987272, 101, -1.0
33848.327108430756, 148, -1.0
33850.42600266255, 154, -1.0
33852.1924934545, 44, -1.0
33856.12695415566, 152, 1.0
33856.24308193448, 35, -1.0
33858.79177200575, 35, -1.0
33861.37892843592, 101, -1.0
33869.07682914652, 75, 1.0
33874.694174516335, 35, -1.0
33879.91524405728, 35, -1.0
33880.228169154085, 101, 1.0
33880.31147184259, 35, -1.0
33905.707705018816, 103, 1.0
33909.49616443622, 148, -1.0
33909.96219827909, 101, 1.0
33913.410161289576, 75, 1.0
33919.923584381024, 103, -1.0
33923.26043406548, 152, 1.0
33924.730690166085, 101, 1.0
33932.437083845005, 103, -1.0
33935.58044287804, 101, 1.0
33937.40342748533, 75, -1.0
33939.00753347062, 75, 1.0
33941.30599316572, 154, -1.0
33944.996746893594, 44, -1.0
33949.435344783764, 35, -1.0
33949.91200313403, 35, -1.0
33951.848439940455, 101, 1.0
33951.86740511925, 101, 1.0
33955.438645793045, 152, -1.0
33965.10932779851, 75, 1.0
33967.669028701, 154, -1.0
33975.28331535398, 103, -1.0
33980.47479838794, 35, -1.0
33980.94293608836, 148, -1.0
33981.31543668657, 152, 1.0
33985.429601591386, 75, 1.0
33992.279132065756, 75, 1.0
33997.251207457746, 35, 1.0
34001.438961386615, 152, -1.0
34001.834854808825, 101, 1.0
34003.82631338933, 103, -1.0
34008.64964190842, 154, 1.0
34009.159199828195, 35, -1.0
34012.766648386976, 154, 1.0
34023.39693503681, 101, 1.0
34026.90782597678, 101, 1.0
34030.351169368674, 75, -1.0
34049.36623622194, 35, 1.0
34053.03032711503, 103, -1.0
34070.78339270782, 103, 1.0
34077.747846547354, 35, 1.0
34084.19502745333, 103, -1.0
34085.061500860706, 154, -1.0
34088.66156691465, 152, 1.0
34089.34452121263, 75, 1.0
34097.7528164621, 75, 1.0
34104.49067943075, 44, -1.0
34106.441554160745, 103, -1.0
34121.062203168214, 154, 1.0
34125.430523208386, 75, -1.0
34126.301187328274, 75, -1.0
34127.0395809389, 75, -1.0
34129.7757991914, 103, 1.0
34130.33092485789, 101, 1.0
34135.142100402096, 75, -1.0
34135.66874075626, 154, 1.0
34136.14903085418, 35, -1.0
34137.475367722094, 101, 1.0
34138.60569635731, 148, -1.0
34141.419720760314, 101, 1.0
34151.47761219559, 148, -1.0
34158.323667662924, 75, 1.0
34159.27711755389, 101, 1.0
34164.50729127727, 35, 1.0
34169.35710838305, 154, 1.0
34169.72480462598, 148, -1.0
34170.89551361074, 35, 1.0
34174.42247743352, 101, -1.0
34177.4474773652, 75, 1.0
34177.59160771471, 75, 1.0
34178.576621002416, 152, -1.0
34185.04531022241, 154, 1.0
34205.828720666286, 101, 1.0
34207.27582808659, 35, 1.0
34207.385128415444, 35, -1.0
34208.32524140137, 154, 1.0
34208.79983604199, 148, -1.0
34210.10408643819, 101, -1.0
34222.923578480666, 103, 1.0
34226.748533201826, 103, -1.0
34227.928418977615, 103, -1.0
34233.89089671818, 75, 1.0
34237.406948096854, 152, 1.0
34238.303978188545, 152, 1.0
34240.68914308738, 148, -1.0
34241.34135500206, 35, -1.0
34252.2619359251, 35, -1.0
34263.0371221756, 101, 1.0
34265.17770090339, 101, 1.0
34266.11650269953, 75, 1.0
34266.11718157373, 152, 1.0
34271.63805388389, 148, -1.0
34272.662517221455, 103, -1.0
34274.44414861825, 154, 1.0
34276.57692264513, 103, 1.0
34277.04214160018, 75, 1.0
34277.9910449546, 35, -1.0
34289.91846404259, 44, -1.0
34295.797214905455, 101, 1.0
34296.55329571729, 101, -1.0
34304.465964004914, 75, -1.0
34305.550498656405, 101, 1.0
34309.96963079747, 75, 1.0
34316.81604327843, 35, -1.0
34318.50865993513, 101, 1.0
34320.271329060095, 152, 1.0
34323.81400442832, 75, 1.0
34327.972866020275, 154, 1.0
34328.66827995795, 103, -1.0
34341.083058109805, 75, 1.0
34343.05159709463, 75, 1.0
34351.69433759984, 75, -1.0
34353.72460485834, 35, 1.0
34354.92085786115, 75, 1.0
34356.12834681329, 101, 1.0
34359.37649276777, 101, -1.0
34359.989333152276, 35, -1.0
34364.197787386736, 103, 1.0
34364.33963900133, 101, 1.0
34366.42450485735, 101, -1.0
34368.65353408527, 75, -1.0
34370.36435501487, 154, 1.0
34377.196434007084, 152, -1.0
34380.48555621611, 75, -1.0
34383.21833082305, 75, -1.0
34386.160667370845, 75, 1.0
34389.40085717935, 103, 1.0
34389.85735032372, 154, 1.0
34390.1080999293, 148, -1.0
34396.85200162434, 75, -1.0
34400.000843186746, 75, 1.0
34401.11360045034, 44, -1.0
34406.074639949606, 75, 1.0
34408.464094250834, 35, -1.0
34410.90026999945, 75, -1.0
34412.03533019488, 103, 1.0
34413.66204224211, 101, 1.0
34419.48647897571, 154, -1.0
34420.788253363884, 101, -1.0
34422.95577623484, 148, -1.0
34427.59987936968, 148, -1.0
34431.53644621665, 75, -1.0
34435.97398297429, 148, 1.0
34440.95138144748, 75, 1.0
34442.5354884429, 101, 1.0
34445.877092591916, 148, -1.0
34448.10000155043, 101, 1.0
34454.15288393221, 35, -1.0
34456.63172442465, 101, -1.0
34460.819963567366, 152, 1.0
34460.988111282204, 101, -1.0
34465.795624333114, 101, 1.0
34468.22029612323, 75, -1.0
34474.31671137523, 75, -1.0
34474.542156815136, 75, -1.0
34474.649231721196, 35, -1.0
34481.47142395391, 75, 1.0
34491.548855075, 44, -1.0
34491.60833763162, 152, 1.0
34504.01452943456, 148, -1.0
34504.910409693075, 35, 1.0
34505.73983071237, 103, -1.0
34517.35309554519, 154, 1.0
34517.86888526891, 152, 1.0
34524.86629409084, 152, 1.0
34524.997306872676, 35, 1.0
34527.74943054709, 101, 1.0
34533.904081380446, 152, -1.0
34537.69426647817, 101, -1.0
34542.628438739535, 148, -1.0
34545.24897284523, 152, -1.0
34546.48844541488, 148, -1.0
34547.213616459536, 154, 1.0
34547.846063542514, 101, 1.0
34552.38402708961, 35, 1.0
34553.214572175064, 101, 1.0
34554.32166108191, 35, -1.0
34562.691720823634, 101, -1.0
34564.188040694964, 154, -1.0
34566.4906073974, 75, 1.0
34571.137180451515, 35, -1.0
34575.99243393756, 152, -1.0
34583.531817929776, 75, -1.0
34583.55514791538, 35, -1.0
34588.73750927372, 101, 1.0
34591.47805728051, 101, 1.0
34591.627241467904, 152, 1.0
34592.97238369804, 152, 1.0
34599.66470790338, 154, 1.0
34602.130092102, 152, 1.0
34606.202052552166, 154, -1.0
34611.221395289926, 152, -1.0
34612.235542271424, 152, -1.0
34622.33801071281, 75, -1.0
34631.44792377414, 101, -1.0
34635.02990908605, 101, 1.0
34639.38887578358, 103, -1.0
34641.173176632736, 75, 1.0
34651.97920836227, 103, 1.0
34652.72239777208, 154, 1.0
34655.39393276247, 35, -1.0
34656.46837314783, 75, 1.0
34658.18303681574, 154, 1.0
34659.084241014025, 101, 1.0
34662.09460752918, 103, 1.0
34667.467592234214, 103, -1.0
34672.72560757937, 154, -1.0
34674.45172792578, 154, -1.0
34680.3290904992, 75, 1.0
34683.44936002307, 35, -1.0
34685.73147065103, 152, 1.0
34691.333146123165, 101, -1.0
34696.28384135079, 44, -1.0
34701.2621887766, 152, -1.0
34707.12737871532, 75, -1.0
34707.94621887806, 103, 1.0
34707.96622914485, 103, 1.0
34714.930400246514, 152, -1.0
34718.262825923266, 35, -1.0
34720.451043439454, 154, -1.0
34724.189332309776, 103, -1.0
34726.55255736985, 101, 1.0
34729.08953787084, 152, -1.0
34741.16578098788, 75, 1.0
34745.75480574816, 103, -1.0
34746.515625020846, 152, -1.0
34755.02777247981, 154, -1.0
34765.97687045483, 148, -1.0
34774.76995046408, 152, 1.0
34786.496966894214, 75, 1.0
34788.78872988903, 35, -1.0
34792.15955178115, 101, -1.0
34797.73024359934, 103, 1.0
34798.68993512681, 152, 1.0
34810.13039569914, 101, 1.0
34816.423022648894, 75, -1.0
34825.094425333264, 75, -1.0
34827.28949955817, 75, -1.0
34828.63175301981, 152, 1.0
34832.48968918662, 148, 1.0
34836.11235581717, 35, -1.0
34837.40976451304, 103, 1.0
34844.28297680348, 101, -1.0
34845.26251980075, 44, -1.0
34846.03590934029, 101, 1.0
34847.65394194385, 35, -1.0
34847.69963097391, 35, -1.0
34857.51678125694, 75, 1.0
34859.394315402926, 101, 1.0
34859.9293074754, 148, 1.0
34861.40096932278, 152, -1.0
34863.86382134376, 35, 1.0
34873.42209294477, 35, -1.0
34883.73513574093, 101, -1.0
34884.28105589141, 101, -1.0
34887.42692851203, 152, 1.0
34891.39649037241, 154, -1.0
34892.469243161715, 101, 1.0
34894.79467425223, 101, 1.0
34895.27893755576, 101, 1.0
34899.95404278381, 35, 1.0
34905.05112084305, 35, -1.0
34924.603549927764, 101, 1.0
34927.33809184484, 154, 1.0
34927.677813392664, 103, 1.0
34929.41963612558, 101, -1.0
34939.017012706456, 101, 1.0
34940.14081416463, 35, -1.0
34947.06139990928, 75, 1.0
34948.09203079368, 154, -1.0
34949.668319950244, 75, 1.0
34954.11396478035, 35, -1.0
34972.69976333471, 75, -1.0
34976.95831259569, 148, -1.0
34981.77596230447, 152, 1.0
34984.820162721495, 103, 1.0
34990.910832490044, 35, -1.0
34994.184787086946, 35, -1.0
35000.031748368325, 152, -1.0
35001.63075985084, 101, 1.0
35003.67764867415, 75, 1.0
35006.23929711692, 148, 1.0
35007.12683819628, 35, -1.0
35012.807694512536, 101, 1.0
35013.56046230509, 75, 1.0
35020.123246746494, 75, 1.0
35020.245863120006, 103, 1.0
35020.400497304145, 44, -1.0
35026.95518114712, 152, -1.0
35028.80052512432, 154, -1.0
35030.16583826373, 75, -1.0
35040.69028191587, 35, -1.0
35041.849277575886, 152, -1.0
35049.02184090273, 75, 1.0
35049.38826297321, 75, 1.0
35057.33841399474, 154, -1.0
35058.268776785015, 101, 1.0
35058.33757507112, 35, -1.0
35061.77006380402, 101, 1.0
35062.09912128856, 154, 1.0
35063.26196096011, 154, -1.0
35067.93983071517, 152, 1.0
35072.79798506794, 35, -1.0
35073.15436991748, 103, 1.0
35074.486217715836, 35, -1.0
35075.37819875986, 103, -1.0
35079.149000953774, 75, -1.0
35082.84118639376, 103, 1.0
35092.33066094342, 103, 1.0
35093.70239950343, 101, 1.0
35098.92730489506, 154, -1.0
35100.08657460337, 75, 1.0
35100.90556418353, 101, 1.0
35106.057227324876, 148, -1.0
35106.750496062836, 44, -1.0
35107.29992777207, 101, 1.0
35125.63798376838, 75, 1.0
35125.89818914156, 152, -1.0
35130.1247146449, 103, -1.0
35130.59825239409, 101, 1.0
35136.23738483228, 103, 1.0
35136.33187154148, 152, 1.0
35142.70311062121, 103, 1.0
35146.28906167854, 35, -1.0
35149.982033401495, 75, 1.0
35150.05148863734, 35, -1.0
35151.58323899208, 35, -1.0
35154.79322857322, 35, 1.0
35155.7946778489, 101, 1.0
35157.70408735072, 35, -1.0
35158.87306775014, 75, -1.0
35163.657821346016, 75, -1.0
35168.77786189662, 148, -1.0
35170.35035721655, 35, -1.0
35175.25153878516, 154, -1.0
35181.800529620305, 154, 1.0
35193.86305500986, 75, 1.0
35195.257995069864, 103, 1.0
35199.074860131645, 101, 1.0
35200.26154272745, 75, -1.0
35203.48152747489, 75, 1.0
35205.5821126915, 35, -1.0
35206.35560102374, 75, 1.0
35208.61794614036, 44, -1.0
35211.307255411615, 35, -1.0
35222.57287952647, 154, 1.0
35226.19426547327, 103, -1.0
35226.88789806341, 75, 1.0
35227.19551516022, 152, 1.0
35227.75101648556, 101, 1.0
35233.997797271884, 75, 1.0
35239.433365385245, 101, -1.0
35245.91693982875, 103, 1.0
35247.74850809768, 35, -1.0
35249.491937921164, 154, -1.0
35250.50266679585, 35, 1.0
35252.94624251061, 35, -1.0
35256.614031965735, 75, 1.0
35263.16264381657, 154, -1.0
35263.277821623036, 75, 1.0
35273.33129752818, 101, 1.0
35273.879828931385, 75, -1.0
35274.6586981932, 103, -1.0
35280.33918180807, 35, -1.0
35295.154502118596, 75, 1.0
35295.20913384599, 154, -1.0
35300.315494548086, 75, 1.0
35300.9880991743, 35, -1.0
35304.599782091245, 152, -1.0
35308.70074261651, 101, 1.0
35312.64008333336, 101, 1.0
35317.67189871774, 35, 1.0
35321.31590729176, 154, -1.0
35322.19895189061, 103, -1.0
35327.43004307308, 103, 1.0
35329.223350429114, 75, 1.0
35336.692868643106, 75, -1.0
35358.65716075534, 152, 1.0
35359.689719908674, 152, -1.0
35366.03363803663, 101, 1.0
35374.35919118972, 101, -1.0
35377.927343517855, 35, -1.0
35381.03919025946, 75, -1.0
35381.32924225429, 152, 1.0
35381.63710011804, 75, -1.0
35384.11092146221, 148, 1.0
35384.9913774381, 154, 1.0
35406.13298831163, 35, -1.0
35409.544081682245, 75, 1.0
35409.6022603041, 75, -1.0
35411.083232104116, 148, -1.0
35417.49665640855, 101, 1.0
35419.84359514464, 75, 1.0
35427.32501141382, 75, 1.0
35432.91683039913, 75, 1.0
35434.76517637585, 152, 1.0
35441.235588888216, 101, 1.0
35441.65399966468, 103, -1.0
35444.53396391838, 35, 1.0
35446.05369339929, 75, -1.0
35446.29277554141, 75, -1.0
35448.794220107506, 101, 1.0
35450.97934478331, 35, -1.0
35462.21727290806, 154, -1.0
35464.26946805392, 75, -1.0
35466.32148914787, 35, 1.0
35473.39143886643, 35, -1.0
35475.413209789054, 101, 1.0
35486.33687936954, 75, 1.0
35490.83705033615, 75, 1.0
35497.17858494266, 154, -1.0
35498.678002402936, 148, -1.0
35508.38739143502, 154, -1.0
35519.569605522534, 103, 1.0
35520.47266254304, 152, 1.0
35520.52082815871, 101, -1.0
35521.16982319912, 148, -1.0
35523.943659422745, 75, -1.0
35525.027182270824, 75, -1.0
35526.414274844006, 101, 1.0
35527.765749830716, 154, 1.0
35530.500999591844, 35, 1.0
35531.60602611039, 101, 1.0
35538.43786871246, 75, 1.0
35542.47217356632, 103, -1.0
35542.65815224651, 101, 1.0
35543.94337999174, 75, 1.0
35553.32740892843, 101, 1.0
35557.321900169634, 35, -1.0
35566.2997067905, 103, 1.0
35567.92001634646, 103, -1.0
35573.121118656825, 101, 1.0
35573.44957477097, 101, 1.0
35577.5759796629, 44, -1.0
35583.39522431183, 35, -1.0
35585.10114231528, 101, 1.0
35587.23747588737, 75, -1.0
35594.15618074042, 35, -1.0
35595.863564544474, 44, -1.0
35596.72544727328, 101, 1.0
35598.99979458463, 75, 1.0
35603.4530031868, 44, -1.0
35610.01325896735, 75, 1.0
35614.881679918944, 154, -1.0
35620.50465778595, 101, 1.0
35637.13330952407, 75, 1.0
35637.15266541635, 154, -1.0
35646.35723045998, 35, -1.0
35658.889401449975, 44, -1.0
35662.58916739395, 101, 1.0
35664.17842102452, 103, -1.0
35667.72987110133, 35, 1.0
35671.83960685007, 75, -1.0
35676.95555001208, 103, -1.0
35682.947389526744, 75, 1.0
35694.21510554652, 148, -1.0
35695.92577521852, 75, 1.0
35702.60990106321, 148, -1.0
35704.684744198006, 152, 1.0
35712.48024461353, 44, -1.0
35717.34194202861, 101, 1.0
35717.69224319385, 101, -1.0
35719.9985167932, 75, 1.0
35721.4959029285, 103, 1.0
35721.87537336073, 103, 1.0
35725.97386615742, 101, 1.0
35733.194646892385, 35, 1.0
35735.06627608723, 154, -1.0
35736.762176884455, 101, 1.0
35739.53482792317, 152, 1.0
35742.37360258069, 101, 1.0
35744.57046425641, 35, -1.0
35746.09879403932, 101, -1.0
35748.38597273336, 148, -1.0
35750.611581447614, 152, -1.0
35754.21624067647, 75, 1.0
35754.419677026934, 75, -1.0
35754.80833609666, 152, 1.0
35759.73909200795, 35, -1.0
35768.776448151446, 75, 1.0
35770.14521812112, 103, 1.0
35784.53607746467, 101, 1.0
35786.78339067583, 101, 1.0
35787.210173537685, 152, -1.0
35792.516209716145, 103, 1.0
35792.55140741434, 103, -1.0
35795.06137279087, 75, 1.0
35797.361957322595, 44, -1.0
35800.02523481465, 103, -1.0
35803.78579808613, 35, -1.0
35806.12292115877, 152, -1.0
35808.83903293049, 75, -1.0
35808.890861181615, 75, 1.0
35809.259564238, 35, 1.0
35812.144325129215, 152, 1.0
35821.298312972525, 148, -1.0
35823.98704495409, 148, -1.0
35825.93262515478, 152, -1.0
35828.88048130942, 44, -1.0
35831.50978218524, 75, 1.0
35832.351910915524, 101, 1.0
35835.94275471454, 103, -1.0
35836.356401649085, 75, 1.0
35837.09730598619, 154, -1.0
35840.720070416544, 101, -1.0
35846.495889194666, 148, -1.0
35847.27446381494, 101, 1.0
35851.57658198547, 75, -1.0
35856.759568255286, 35, -1.0
35864.83792692905, 101, 1.0
35865.40292749936, 75, 1.0
35869.44246324894, 75, 1.0
35875.16790402419, 75, 1.0
35876.05658789408, 101, 1.0
35876.487836940425, 35, -1.0
35880.256573002225, 35, -1.0
35884.04145916475, 75, -1.0
35884.60054619256, 103, 1.0
35888.94012796007, 101, -1.0
35889.13061171335, 101, 1.0
35890.310922879675, 148, -1.0
35890.64114637177, 148, -1.0
35894.2486808871, 75, 1.0
35900.53387422164, 101, -1.0
35907.57870840772, 101, 1.0
35907.75997685775, 101, 1.0
35908.325579796765, 75, -1.0
35909.388600613, 103, 1.0
35911.25232515001, 154, -1.0
35915.94015398766, 154, 1.0
35919.15205312541, 75, 1.0
35924.990123917, 35, -1.0
35925.77381993943, 101, 1.0
35930.67374569901, 75, 1.0
35933.20412204785, 75, 1.0
35941.864853023886, 103, -1.0
35943.20516880417, 35, -1.0
35944.631646714086, 101, 1.0
35946.14749921369, 152, -1.0
35954.16259473679, 75, 1.0
35955.66238386141, 35, -1.0
35957.19021991512, 103, 1.0
35959.84390117928, 103, -1.0
35962.78304365423, 101, -1.0
35964.40103511022, 75, 1.0
35965.569380949295, 75, 1.0
35972.48278454836, 152, -1.0
35977.94799762136, 75, -1.0
35981.63893053533, 101, 1.0
35984.83719114061, 75, 1.0
35993.20421907193, 154, -1.0
35993.52672555942, 154, -1.0
35995.90626070007, 101, 1.0
