21600.71124049618, 75, -1.0
21601.855187311572, 154, 1.0
21606.182474636116, 35, -1.0
21609.559106310633, 154, 1.0
21609.774088239872, 148, -1.0
21618.737003814178, 35, -1.0
21627.30595648889, 154, 1.0
21629.94560374386, 148, -1.0
21642.985604411886, 152, -1.0
21653.820411717454, 101, 1.0
21657.758645676357, 35, -1.0
21658.557301660356, 101, 1.0
21662.662313630397, 101, 1.0
21665.531271692722, 101, -1.0
21668.81221739045, 103, 1.0
21671.22983637013, 35, -1.0
21673.79423832005, 44, -1.0
21680.186943961253, 103, 1.0
21684.270482422355, 75, 1.0
21692.598417140434, 75, 1.0
21696.11952846526, 148, -1.0
21700.064507230636, 101, 1.0
21701.93914146022, 148, -1.0
21706.54729058719, 101, 1.0
21707.992923612528, 35, -1.0
21712.520787490146, 101, 1.0
21718.33033165971, 101, -1.0
21740.456655177462, 35, 1.0
21748.55366062383, 101, 1.0
21749.22028606871, 101, 1.0
21751.67622249635, 35, -1.0
21755.291096295987, 101, 1.0
21756.837124843245, 154, 1.0
21760.265445832472, 154, 1.0
21763.80955921072, 154, 1.0
21765.626494260356, 154, 1.0
21767.531204821003, 101, 1.0
21784.694904314325, 101, 1.0
21785.339354748296, 44, -1.0
21786.986199976105, 152, -1.0
21794.613490947915, 154, -1.0
21795.732876455662, 35, -1.0
21799.467701856574, 152, -1.0
21800.224741207316, 35, -1.0
21814.37562135992, 75, 1.0
21822.257927241346, 154, 1.0
21823.989096791916, 148, -1.0
21824.98276576595, 103, -1.0
21833.793934918016, 35, -1.0
21835.998818690037, 103, -1.0
21842.615197318173, 154, 1.0
21846.80372425106, 148, -1.0
21848.528602965947, 148, -1.0
21851.16421828098, 101, -1.0
21859.924685667433, 152, 1.0
21863.851841711527, 35, -1.0
21870.685764110938, 101, 1.0
21872.436298366098, 154, 1.0
21880.117303551135, 44, -1.0
21881.2372728845, 148, -1.0
21902.465655089603, 44, -1.0
21904.6579628038, 148, -1.0
21905.648947929272, 101, 1.0
21909.40937767522, 101, 1.0
21911.378571772828, 154, 1.0
21912.258548726317, 44, 1.0
21913.746883596777, 154, 1.0
21914.394895759502, 101, 1.0
21923.34624258415, 75, 1.0
21936.026999915885, 35, -1.0
21936.323995399198, 148, -1.0
21938.228549977517, 148, -1.0
21943.098696844234, 35, -1.0
21946.47489225756, 154, 1.0
21949.374376191212, 44, -1.0
21949.762277098394, 154, 1.0
21952.233667514192, 103, -1.0
21954.191580831928, 154, 1.0
21957.699650284536, 101, 1.0
21963.304825908657, 154, 1.0
21965.707989731734, 35, -1.0
21966.58567676594, 101, 1.0
21972.258744188326, 35, -1.0
21975.235584148388, 75, 1.0
21979.41905506163, 152, -1.0
21981.32202997091, 35, -1.0
21982.667259598067, 101, -1.0
21983.605018600665, 154, 1.0
21984.90486021245, 101, 1.0
21986.88812404493, 103, -1.0
21993.898726327618, 35, -1.0
21998.959815266688, 35, -1.0
22006.923871105348, 35, -1.0
22011.391404593887, 35, -1.0
22027.408259074535, 35, -1.0
22035.673740838436, 35, -1.0
22036.6996388733, 35, -1.0
22059.604717215563, 35, -1.0
22060.568550183576, 154, 1.0
22076.620226405466, 154, 1.0
22078.803222239156, 154, 1.0
22083.392049579415, 44, -1.0
22083.450888109153, 35, -1.0
22087.31151356316, 154, 1.0
22098.06405430579, 148, -1.0
22102.263420724285, 101, 1.0
22106.151460331046, 152, -1.0
22106.746312731364, 35, -1.0
22110.405737944522, 154, 1.0
22116.044701933584, 154, 1.0
22118.18079120406, 154, 1.0
22120.70580191563, 35, -1.0
22129.533426984366, 154, 1.0
22132.826770825737, 35, -1.0
22141.297314215637, 152, -1.0
22148.70630293691, 44, -1.0
22151.070019797502, 101, -1.0
22151.49336534222, 152, -1.0
22152.752399733192, 35, -1.0
22159.168532511827, 75, 1.0
22160.44241530167, 35, -1.0
22160.981849384385, 44, -1.0
22161.558274892675, 101, 1.0
22162.82711798725, 148, -1.0
22164.842169166066, 103, -1.0
22165.349333777558, 154, 1.0
22166.509451289407, 35, -1.0
22168.200358881986, 35, 1.0
22168.85530123782, 103, 1.0
22171.860203869837, 35, -1.0
22173.47546751489, 101, 1.0
22175.585690532498, 154, 1.0
22180.088631212286, 154, 1.0
22191.644530203583, 35, -1.0
22194.80973468889, 154, 1.0
22201.528089269475, 154, 1.0
22208.359202958938, 35, -1.0
22210.49892629182, 35, -1.0
22223.333773057064, 154, 1.0
22230.2666309937, 148, 1.0
22230.266707875602, 154, 1.0
22231.59991187372, 154, 1.0
22232.064511230885, 152, -1.0
22233.93153511111, 154, 1.0
22235.117731493072, 148, -1.0
22237.257464232764, 148, -1.0
22237.980936808293, 103, 1.0
22241.213724452184, 35, -1.0
22254.687140527974, 101, -1.0
22258.950962182113, 35, -1.0
22259.26904336153, 44, -1.0
22260.779331638518, 154, 1.0
22261.28927310424, 154, 1.0
22261.790445221126, 101, 1.0
22263.73202281104, 44, -1.0
22267.81272291491, 75, -1.0
22274.95748793149, 148, -1.0
22276.629991948, 154, 1.0
22276.785723140834, 35, -1.0
22287.757357108807, 35, -1.0
22291.319669687393, 35, -1.0
22292.603351944304, 148, 1.0
22303.505652936958, 75, 1.0
22304.689348533222, 154, 1.0
22319.5560527831, 152, -1.0
22319.7877398671, 35, -1.0
22320.64820759728, 35, -1.0
22324.07665016162, 44, -1.0
22328.467080864997, 44, -1.0
22332.17271261517, 101, 1.0
22338.678940433827, 101, 1.0
22340.127513372594, 35, -1.0
22343.767737397866, 75, 1.0
22345.253980993082, 148, -1.0
22347.85637125289, 35, -1.0
22352.330483031164, 148, -1.0
22354.507573991003, 35, -1.0
22358.335591570798, 101, -1.0
22362.30219961543, 101, -1.0
22372.576849215886, 154, -1.0
22374.481230523845, 154, 1.0
22376.148450556393, 101, 1.0
22384.3461803883, 101, 1.0
22386.660469263858, 148, -1.0
22397.41853427249, 101, 1.0
22398.09557947361, 44, -1.0
22404.501051142586, 35, -1.0
22406.69241835123, 152, 1.0
22407.158753229167, 154, 1.0
22409.234377477835, 35, -1.0
22413.52694692002, 103, -1.0
22414.9285131475, 152, -1.0
22418.460701967484, 154, 1.0
22420.975481717283, 101, -1.0
22428.11214152577, 101, 1.0
22431.00963516422, 152, -1.0
22431.35328431936, 75, 1.0
22432.683945014513, 75, 1.0
22434.06838309335, 101, 1.0
22439.954785049587, 152, 1.0
22452.79448520991, 154, 1.0
22454.924614737698, 35, -1.0
22458.982771230247, 101, -1.0
22462.5818014415, 75, 1.0
22463.220867162476, 154, 1.0
22466.25962612029, 44, -1.0
22468.019010304524, 35, -1.0
22472.291578430464, 154, 1.0
22484.174424659785, 154, 1.0
22489.88154450395, 75, 1.0
22492.229040845734, 152, -1.0
22493.970184875212, 101, 1.0
22497.34919770968, 152, -1.0
22498.541985270447, 152, 1.0
22502.1526487037, 35, -1.0
22505.0405375283, 35, -1.0
22511.80970756502, 101, 1.0
22513.896595323386, 154, 1.0
22522.62388350492, 154, 1.0
22524.27358722706, 101, -1.0
22535.82384453323, 35, -1.0
22536.430780024642, 75, 1.0
22548.56347485138, 152, -1.0
22548.884359166903, 35, -1.0
22550.823284554946, 44, -1.0
22552.262363565223, 35, -1.0
22556.662826956814, 44, -1.0
22561.36303494502, 154, -1.0
22564.15022077974, 35, -1.0
22566.042902884416, 154, 1.0
22568.231228869226, 101, -1.0
22588.757165810996, 101, 1.0
22592.810683497977, 35, -1.0
22593.299444348366, 154, 1.0
22595.730329606013, 101, -1.0
22603.118972868513, 101, -1.0
22615.874597256592, 154, 1.0
22622.35978160816, 35, 1.0
22622.41653974911, 35, -1.0
22624.58609586667, 75, -1.0
22628.900895194787, 35, -1.0
22634.477303457395, 101, 1.0
22634.572336531597, 35, -1.0
22638.62748163741, 35, -1.0
22642.235340719773, 154, 1.0
22658.342007408937, 148, -1.0
22671.52374279313, 101, 1.0
22674.53757477417, 101, -1.0
22681.037338142036, 35, -1.0
22684.53844718727, 35, -1.0
22691.756442382026, 35, -1.0
22698.851977161998, 35, -1.0
22700.15984873009, 154, 1.0
22706.788966234562, 101, 1.0
22709.079640034914, 101, 1.0
22709.705827232185, 152, 1.0
22710.9627278462, 152, 1.0
22714.078736888856, 154, 1.0
22718.181330123316, 152, -1.0
22718.80851721545, 44, 1.0
22719.684206288326, 75, 1.0
22720.363821033712, 75, 1.0
22721.112214309185, 154, -1.0
22723.97612611353, 101, 1.0
22726.023572891387, 152, 1.0
22732.53514058698, 35, -1.0
22735.041638237362, 154, 1.0
22738.11013900963, 154, -1.0
22749.228069132103, 154, 1.0
22757.801721912696, 35, -1.0
22758.17823535235, 75, 1.0
22761.62746174287, 148, -1.0
22772.713253218466, 152, -1.0
22779.81282786451, 35, -1.0
22782.149741517907, 35, -1.0
22788.12431817139, 148, -1.0
22793.04778951546, 154, 1.0
22795.774551288025, 154, 1.0
22797.189399104016, 35, -1.0
22797.349411258256, 101, 1.0
22799.121942698977, 152, 1.0
22801.932001832163, 35, -1.0
22802.797967025945, 35, -1.0
22806.87686877204, 103, 1.0
22810.54599010569, 152, -1.0
22814.158672986054, 35, -1.0
22816.067044197534, 154, 1.0
22822.468648197708, 75, -1.0
22825.3641880914, 152, -1.0
22826.133250999716, 101, -1.0
22826.22815601672, 101, 1.0
22827.316799980443, 152, 1.0
22831.89179833481, 35, 1.0
22832.369248351006, 44, -1.0
22842.750022478584, 103, 1.0
22845.761348547116, 35, -1.0
22848.667193720914, 35, -1.0
22853.27594822148, 148, -1.0
22863.991278571066, 148, -1.0
22864.343317879677, 148, -1.0
22865.44537302697, 35, -1.0
22866.138739599417, 101, 1.0
22869.662669615398, 35, -1.0
22876.250293764984, 148, -1.0
22876.749146385384, 35, -1.0
22883.763867672853, 44, -1.0
22885.103602426207, 44, -1.0
22885.178282943303, 101, 1.0
22893.61107532032, 101, 1.0
22897.311095183926, 35, 1.0
22920.879330102438, 152, 1.0
22922.243551001622, 75, 1.0
22922.50370981414, 101, -1.0
22924.65655891617, 154, 1.0
22935.72117795916, 35, -1.0
22938.684806061578, 35, -1.0
22940.71373834759, 75, 1.0
22941.129282204878, 101, 1.0
22946.521652482737, 75, -1.0
22962.29852944278, 35, -1.0
22962.35056775498, 35, -1.0
22967.74875864455, 35, -1.0
22972.046833446828, 101, 1.0
22972.552583749348, 152, -1.0
22973.9696964301, 101, 1.0
22976.89742540061, 103, -1.0
22977.778261879004, 44, -1.0
22979.940239872845, 75, -1.0
22981.82141806966, 152, -1.0
22987.23113795948, 75, 1.0
22989.593105106407, 35, -1.0
22995.644792795298, 35, -1.0
22995.828688386566, 154, 1.0
23004.587793245024, 101, 1.0
23005.51048235485, 35, -1.0
23007.508573165003, 154, 1.0
23011.983445817757, 35, -1.0
23012.44947031804, 35, -1.0
23017.163721973095, 35, -1.0
23019.467163290825, 44, -1.0
23021.337873834218, 154, 1.0
23025.221718833593, 35, -1.0
23026.282796516207, 44, -1.0
23026.515851923217, 101, 1.0
23027.758310217247, 101, -1.0
23039.922368384032, 101, -1.0
23051.893099335946, 101, 1.0
23055.961256632607, 101, -1.0
23059.476397102542, 35, -1.0
23060.539252335177, 35, -1.0
23066.606130417218, 101, 1.0
23069.41154619327, 75, -1.0
23073.03197979576, 154, 1.0
23082.44028528587, 35, -1.0
23086.288043030392, 152, -1.0
23105.12310652255, 101, 1.0
23106.765554129917, 101, -1.0
23110.824896614016, 44, -1.0
23112.77466486143, 101, -1.0
23118.407185684413, 75, 1.0
23122.094143463273, 152, 1.0
23123.477387530722, 152, -1.0
23129.606607607227, 103, 1.0
23134.36634955706, 154, 1.0
23134.823803124767, 101, -1.0
23141.933145026334, 152, -1.0
23142.1307190988, 44, -1.0
23169.17100344815, 44, -1.0
23172.414281948575, 101, 1.0
23181.65990725718, 35, 1.0
23182.729737419144, 103, -1.0
23184.37003754379, 148, -1.0
23189.509170447207, 75, 1.0
23195.64800914753, 101, 1.0
23196.36680448662, 35, -1.0
23201.81764346214, 103, 1.0
23203.89792863698, 35, -1.0
23207.020136964627, 35, -1.0
23212.826493592525, 154, 1.0
23214.005744111666, 75, 1.0
23224.24482027904, 148, -1.0
23238.751578943582, 75, 1.0
23242.23691512187, 148, -1.0
23267.326777660754, 152, -1.0
23268.90632703551, 35, -1.0
23269.319188045363, 35, -1.0
23290.719790303574, 152, -1.0
23300.667129652753, 152, 1.0
23300.723255396268, 154, 1.0
23306.422728802765, 148, -1.0
23309.22984107409, 154, 1.0
23311.041798948467, 35, -1.0
23312.436303361454, 101, 1.0
23316.422710958803, 154, 1.0
23319.235255208347, 35, -1.0
23321.677503167815, 75, -1.0
23325.081002763447, 152, -1.0
23329.084992644533, 35, -1.0
23329.356655687276, 152, 1.0
23329.549023815263, 75, -1.0
23335.294135991702, 152, -1.0
23335.72126135002, 154, 1.0
23335.978697385588, 152, -1.0
23339.8915008887, 101, 1.0
23340.852386761926, 35, -1.0
23345.416688329227, 75, 1.0
23347.36173744769, 35, -1.0
23353.00879433261, 148, -1.0
23359.750396184256, 154, 1.0
23360.075947041416, 101, 1.0
23365.867737235887, 35, -1.0
23368.921559522285, 101, 1.0
23377.643115617655, 101, 1.0
23378.42612622441, 148, -1.0
23383.293193258207, 35, -1.0
23383.941641290658, 148, -1.0
23391.47896938534, 35, -1.0
23394.04673236734, 35, -1.0
23399.60197794197, 44, -1.0
23401.184459814438, 154, 1.0
23406.405828806423, 35, -1.0
23410.040932938846, 44, -1.0
23410.925105446167, 152, 1.0
23413.295144004762, 152, -1.0
23417.817099564003, 35, 1.0
23433.184109229638, 154, 1.0
23434.063210010343, 35, -1.0
23443.135174817326, 103, -1.0
23458.464171204003, 154, 1.0
23458.611387753022, 35, -1.0
23460.52565346315, 103, 1.0
23461.212820118464, 35, 1.0
23464.851481908878, 44, -1.0
23464.919566854896, 101, 1.0
23471.149675819874, 148, -1.0
23471.605106677707, 75, -1.0
23475.459746267577, 35, -1.0
23477.458323082552, 154, 1.0
23486.32396898408, 152, 1.0
23486.606385144183, 35, -1.0
23496.265431764197, 154, 1.0
23497.90633509913, 44, -1.0
23502.722451330035, 152, -1.0
23510.968846096584, 101, 1.0
23512.030785399154, 35, -1.0
23515.47392330466, 152, -1.0
23521.850796999668, 152, 1.0
23531.124828624226, 35, -1.0
23533.906333899715, 35, -1.0
23538.42605163854, 154, 1.0
23541.584518886262, 148, -1.0
23545.838102628557, 148, -1.0
23547.638034482723, 44, -1.0
23548.775402112486, 44, -1.0
23549.339340228744, 101, 1.0
23549.837116167935, 35, -1.0
23551.430419196487, 35, -1.0
23554.32830721416, 35, -1.0
23558.58362780959, 35, -1.0
23560.485161117605, 35, -1.0
23566.653980368093, 101, 1.0
23568.21626518615, 35, -1.0
23569.21462543608, 101, 1.0
23575.158559291223, 154, 1.0
23579.308504370078, 35, -1.0
23582.438344040165, 154, 1.0
23583.37151281111, 35, -1.0
23585.221379268107, 152, -1.0
23589.91588713487, 35, -1.0
23590.025680569728, 35, -1.0
23590.23672606795, 154, 1.0
23592.338736832855, 75, 1.0
23593.526140328304, 35, -1.0
23595.818889905986, 154, 1.0
23595.87228660127, 35, -1.0
23597.695921117996, 154, 1.0
23599.609705811006, 44, -1.0
23601.880109114467, 35, -1.0
23610.97757382764, 75, -1.0
23616.020590908738, 35, -1.0
23621.06230243499, 148, -1.0
23626.2364390182, 35, -1.0
23628.94734346113, 35, -1.0
23636.12545975104, 154, 1.0
23645.174765747623, 148, -1.0
23649.160438018494, 75, -1.0
23652.195218414574, 154, 1.0
23652.52219102255, 154, 1.0
23654.657593589676, 154, 1.0
23666.606803748065, 35, -1.0
23675.301497929766, 154, 1.0
23676.581873059644, 35, -1.0
23679.706950511983, 101, 1.0
23692.753511474504, 75, 1.0
23696.783001136788, 154, -1.0
23700.83209067297, 35, -1.0
23715.07253145248, 154, 1.0
23721.27407643356, 35, 1.0
23723.27355880664, 35, -1.0
23724.52275319888, 35, -1.0
23728.266332588697, 154, 1.0
23730.08344264501, 35, -1.0
23732.743315647967, 148, -1.0
23732.789489443145, 103, -1.0
23736.928785461685, 35, -1.0
23738.430383781633, 35, -1.0
23746.34843138584, 154, 1.0
23752.479828875006, 75, 1.0
23766.125618633698, 35, -1.0
23774.057799327453, 101, 1.0
23781.675305558183, 75, -1.0
23785.156687084094, 152, -1.0
23791.465924985776, 35, 1.0
23793.015827530246, 101, 1.0
23793.695273256315, 35, -1.0
23795.989450156416, 148, -1.0
23806.30300264952, 154, 1.0
23812.93687786365, 35, -1.0
23816.78231197418, 154, 1.0
23826.87360053447, 152, -1.0
23834.58441112533, 35, 1.0
23834.764716814516, 148, -1.0
23836.62498637891, 101, 1.0
23839.53991621587, 154, 1.0
23840.16964762276, 148, 1.0
23842.482883321827, 35, -1.0
23860.33216692735, 75, 1.0
23867.822449351093, 35, 1.0
23873.3829930182, 75, 1.0
23903.72855915025, 35, -1.0
23906.11339113598, 35, -1.0
23910.183221192707, 35, -1.0
23911.38818633357, 101, -1.0
23914.885897345095, 35, -1.0
23916.881245177537, 152, -1.0
23917.238539681483, 75, 1.0
23921.344524969252, 154, 1.0
23933.88892273456, 101, 1.0
23943.10475250302, 103, -1.0
23943.361406457636, 148, 1.0
23949.233275789058, 154, 1.0
23951.264746290737, 148, -1.0
23958.270512682502, 35, -1.0
23958.473060959688, 44, -1.0
23960.448639327347, 35, -1.0
23966.41908503211, 101, 1.0
23968.6649042737, 101, 1.0
23970.55328653921, 101, 1.0
23971.35204045397, 44, -1.0
23972.399892375648, 154, 1.0
23975.299965872087, 152, -1.0
23981.574197918133, 152, 1.0
23983.309226258058, 35, -1.0
23985.329973456406, 101, 1.0
23989.558610600747, 35, -1.0
23990.76110141651, 101, 1.0
23992.773114246516, 35, -1.0
23993.880466193797, 154, 1.0
23995.37038830322, 152, -1.0
23997.19621455211, 101, -1.0
24001.26713122171, 103, -1.0
24005.254302873596, 154, 1.0
24012.81337329947, 101, 1.0
24020.313888713332, 148, 1.0
24021.473850510392, 154, 1.0
24025.66399179038, 154, 1.0
24026.3328974269, 152, 1.0
24027.769276132196, 35, -1.0
24029.186371914253, 35, -1.0
24033.360000159755, 154, 1.0
24038.105815261475, 154, 1.0
24041.200376269495, 101, 1.0
24046.312059554017, 101, 1.0
24051.019030192267, 154, 1.0
24053.563349324733, 148, -1.0
24055.497372601636, 35, -1.0
24056.152697438516, 101, 1.0
24056.64030954391, 35, -1.0
24057.33029585583, 148, -1.0
24057.906738289847, 148, -1.0
24065.612451096797, 154, 1.0
24074.428806942462, 152, 1.0
24079.50857621295, 35, -1.0
24085.651275806216, 154, 1.0
24092.545440366648, 148, 1.0
24098.045094265537, 35, -1.0
24106.291606457195, 44, -1.0
24109.130603275684, 154, 1.0
24118.5481859569, 35, 1.0
24122.330423098403, 35, -1.0
24127.438571853803, 35, -1.0
24132.65731519056, 101, 1.0
24132.768012519275, 35, -1.0
24141.341901808737, 154, 1.0
24142.016118349504, 35, -1.0
24142.30743494775, 35, -1.0
24142.485420565306, 101, 1.0
24147.601477980206, 35, -1.0
24154.17149713369, 101, 1.0
24159.177219002875, 154, 1.0
24160.50488635461, 152, -1.0
24168.40748620794, 35, -1.0
24172.46575906186, 35, -1.0
24182.91698341418, 101, 1.0
24188.687099736046, 154, 1.0
24189.135601486025, 154, 1.0
24193.734702402657, 154, 1.0
24206.12182751787, 148, -1.0
24213.715309463325, 35, 1.0
24213.838358607445, 152, 1.0
24219.595040172062, 154, 1.0
24223.576452112127, 154, 1.0
24224.8211240057, 101, 1.0
24225.47719905896, 35, -1.0
24228.28446632947, 44, -1.0
24235.423230511093, 101, -1.0
24239.396593208832, 152, -1.0
24240.121112289766, 44, -1.0
24242.129288784174, 152, 1.0
24244.921615001065, 35, -1.0
24254.828718591794, 44, -1.0
24255.66943046846, 154, 1.0
24262.317713178723, 154, 1.0
24263.43958509927, 35, 1.0
24267.03558646287, 154, 1.0
24271.057763803587, 44, -1.0
24294.90582159711, 152, 1.0
24301.784012503893, 152, -1.0
24303.65059261042, 44, -1.0
24312.609988441232, 154, 1.0
24312.64131381761, 152, -1.0
24319.59862941854, 101, 1.0
24334.25962581028, 101, 1.0
24340.845269309797, 154, 1.0
24341.017953529165, 154, 1.0
24346.86583604983, 152, -1.0
24347.23889630164, 154, 1.0
24347.2843789822, 35, -1.0
24347.3038243901, 35, -1.0
24350.832013249707, 35, -1.0
24353.833692019838, 154, -1.0
24357.13775446577, 101, -1.0
24360.900172736427, 35, -1.0
24371.334868450052, 101, 1.0
24373.506189811153, 148, 1.0
24381.441259563406, 44, -1.0
24381.95016512601, 101, 1.0
24382.689347991385, 148, -1.0
24394.26388925906, 101, -1.0
24400.43701562361, 35, -1.0
24402.013187420136, 35, 1.0
24404.047299479455, 101, 1.0
24406.281884007603, 152, 1.0
24415.713362693714, 35, -1.0
24416.516918181824, 152, -1.0
24428.703072020875, 35, -1.0
24430.295938574847, 101, -1.0
24433.005769169387, 75, -1.0
24439.632785856626, 154, 1.0
24447.3413222814, 154, 1.0
24453.186151818823, 35, -1.0
24467.394179474166, 154, 1.0
24470.13914315394, 152, -1.0
24472.191186745215, 154, 1.0
24473.27356676438, 154, 1.0
24475.849707309237, 154, 1.0
24479.979748372436, 44, -1.0
24484.189582029656, 103, 1.0
24489.627398411038, 154, 1.0
24490.919502009812, 101, 1.0
24495.630241178776, 101, 1.0
24495.921539698524, 101, -1.0
24506.72287561684, 148, -1.0
24510.636148657086, 154, 1.0
24512.840171909153, 35, -1.0
24523.631205858477, 154, 1.0
24526.737274973773, 75, 1.0
24538.805991860187, 148, -1.0
24547.345696230735, 154, 1.0
24549.614652049506, 152, -1.0
24557.307477071685, 101, -1.0
24563.513267293274, 75, -1.0
24573.179137376286, 35, -1.0
24577.807987466058, 101, 1.0
24592.13212591201, 44, -1.0
24601.51421856071, 152, -1.0
24602.829067860006, 152, 1.0
24609.099851639523, 154, 1.0
24610.069001009862, 101, 1.0
24610.958363008915, 35, -1.0
24614.756521326315, 35, -1.0
24618.059752002016, 148, -1.0
24620.333192955793, 154, 1.0
24629.466822097424, 154, 1.0
24634.160627877678, 101, -1.0
24634.445408440628, 154, 1.0
24635.629430345212, 154, 1.0
24639.23178686682, 35, 1.0
24643.454269949707, 44, -1.0
24646.301021384763, 101, 1.0
24648.802885631765, 103, -1.0
24655.66100280329, 148, -1.0
24662.79983269079, 35, -1.0
24676.35831668463, 101, 1.0
24677.502323658937, 44, -1.0
24683.337159257844, 148, -1.0
24683.944196909953, 75, 1.0
24685.40831287559, 154, 1.0
24687.179512047904, 35, -1.0
24688.137236985895, 154, -1.0
24694.527361768665, 44, -1.0
24700.778812715238, 152, -1.0
24700.790091225135, 101, 1.0
24700.951844360556, 35, -1.0
24704.555059421287, 101, 1.0
24711.335043976618, 154, 1.0
24722.71480371139, 35, 1.0
24725.520177263617, 154, 1.0
24740.82334304763, 35, -1.0
24742.922035159492, 154, 1.0
24746.357072861047, 44, -1.0
24749.467536827993, 152, -1.0
24749.853493538707, 148, -1.0
24751.194643772404, 35, 1.0
24752.093627266022, 152, -1.0
24753.497449108516, 152, 1.0
24754.78771640147, 154, 1.0
24761.17595313298, 154, 1.0
24761.31139841856, 35, -1.0
24764.370225005132, 101, 1.0
24780.420173184084, 35, -1.0
24782.034845340335, 35, -1.0
24789.51942828181, 103, 1.0
24799.87609749428, 148, -1.0
24810.39771949593, 35, -1.0
24818.36747777844, 35, -1.0
24823.941073765895, 44, -1.0
24825.32471910131, 44, -1.0
24826.2324217982, 44, -1.0
24828.603800494242, 101, 1.0
24831.29769916944, 35, -1.0
24833.611528125562, 101, -1.0
24842.71926891085, 152, -1.0
24844.251777434623, 154, 1.0
24851.750835413484, 154, 1.0
24855.32875299375, 101, 1.0
24856.487672636405, 154, 1.0
24856.723320164157, 35, 1.0
24890.36140434078, 154, 1.0
24893.5597415689, 35, -1.0
24893.66338672554, 35, -1.0
24902.940922411548, 148, -1.0
24904.251173750312, 101, 1.0
24906.465646805835, 35, -1.0
24908.951324979156, 101, 1.0
24910.88109517711, 101, 1.0
24912.027712154726, 35, -1.0
24918.233806948025, 35, 1.0
24921.184014942257, 35, -1.0
24924.93295138665, 101, 1.0
24926.85976420744, 103, -1.0
24930.997280332496, 101, 1.0
24932.1469030616, 35, -1.0
24947.275571289327, 101, -1.0
24949.376516411547, 154, 1.0
24951.066890780417, 148, -1.0
24956.512724719054, 35, -1.0
24963.297099957937, 44, -1.0
24963.947249483284, 35, -1.0
24965.982670240268, 154, 1.0
24982.842405191004, 101, 1.0
24985.24429687082, 35, -1.0
24985.64077936628, 152, -1.0
24991.86789047682, 35, -1.0
24999.784151494423, 101, 1.0
24999.933106673943, 152, -1.0
25000.310768346197, 152, -1.0
25001.574499845272, 154, 1.0
25004.595302129415, 75, 1.0
25016.38124472127, 44, -1.0
25031.23115750126, 154, 1.0
25037.427855813217, 44, -1.0
25050.194521657868, 101, 1.0
25053.44687928702, 148, -1.0
25055.78579776144, 35, -1.0
25058.562892494767, 35, 1.0
25066.428538616186, 101, 1.0
25067.905442849722, 35, -1.0
25069.137060938858, 154, 1.0
25072.59654347804, 152, 1.0
25082.01448403916, 35, -1.0
25082.672647531494, 154, 1.0
25088.934093455086, 44, -1.0
25090.182465596437, 154, 1.0
25095.930730157073, 154, 1.0
25102.645714547478, 35, -1.0
25104.465183054148, 103, 1.0
25113.29959701514, 75, 1.0
25118.67488449226, 35, -1.0
25127.845278432585, 75, -1.0
25128.46103695763, 154, 1.0
25129.76782830112, 148, -1.0
25130.68994651775, 154, 1.0
25133.419261208146, 101, 1.0
25144.21003854652, 154, 1.0
25145.4351090303, 101, -1.0
25148.26556996767, 152, 1.0
25153.242446527176, 152, -1.0
25157.9545986007, 75, 1.0
25164.558913866855, 44, -1.0
25168.795471536367, 101, 1.0
25171.43172514726, 35, -1.0
25180.821586660997, 101, 1.0
25188.235195767305, 154, -1.0
25189.418676566147, 154, 1.0
25189.651943043897, 154, 1.0
25189.940845898713, 154, 1.0
25191.94763702971, 35, 1.0
25195.806361462182, 35, -1.0
25198.00165057336, 101, 1.0
25200.20512420633, 103, 1.0
25204.803178101243, 148, 1.0
25209.803051351726, 154, 1.0
25211.57500268035, 35, -1.0
25220.087328428584, 75, -1.0
25225.979968526455, 101, 1.0
25227.68385099727, 152, -1.0
25238.32573291508, 103, 1.0
25243.919115787437, 103, 1.0
25253.206099420837, 101, 1.0
25253.38776223007, 154, 1.0
25255.172756720734, 75, 1.0
25259.744916846368, 154, -1.0
25271.90067531333, 101, 1.0
25276.290215902547, 75, 1.0
25281.315264979698, 103, 1.0
25282.919428301815, 75, 1.0
25288.19558397253, 103, 1.0
25294.91400106136, 44, -1.0
25295.57020980845, 154, -1.0
25296.90944425099, 75, -1.0
25306.94765009338, 101, -1.0
25328.742504754115, 152, -1.0
25329.39234885449, 101, 1.0
25339.65004455866, 101, -1.0
25347.500880663436, 152, -1.0
25353.804867471114, 75, 1.0
25356.00075421799, 35, 1.0
25357.413586717237, 101, 1.0
25362.569757976595, 35, 1.0
25371.750644339227, 101, 1.0
25372.076734717284, 152, 1.0
25384.802505538315, 152, -1.0
25385.23708202024, 154, 1.0
25388.98408447209, 75, 1.0
25389.99618715034, 35, -1.0
25390.203118808946, 103, -1.0
25392.93414657184, 44, -1.0
25393.478829048243, 75, -1.0
25403.473643972822, 75, 1.0
25410.91287057047, 101, 1.0
25416.09963412879, 35, 1.0
25419.85534166985, 101, 1.0
25420.614170315068, 75, 1.0
25421.09237685617, 152, -1.0
25439.86880197487, 148, 1.0
25447.275239659753, 75, -1.0
25449.828409957518, 103, 1.0
25450.167073265693, 75, -1.0
25464.358206541063, 44, -1.0
25465.815610052807, 101, 1.0
25471.11878480734, 35, -1.0
25474.77461107123, 103, 1.0
25478.89144976679, 154, 1.0
25485.14930248324, 152, -1.0
25488.602212971076, 152, -1.0
25488.98164803616, 101, 1.0
25489.684250436454, 103, 1.0
25491.50371208766, 44, -1.0
25494.455031822912, 101, -1.0
25495.501428713316, 101, 1.0
25497.346515608617, 103, -1.0
25500.276172540987, 75, 1.0
25504.609007768693, 75, 1.0
25505.05796673915, 103, 1.0
25511.272873011454, 75, 1.0
25512.373979350166, 35, -1.0
25514.356848511132, 152, 1.0
25521.333956851813, 152, -1.0
25524.201110727205, 35, 1.0
25525.755701343172, 103, 1.0
25530.18349609341, 75, 1.0
25530.575325484966, 35, -1.0
25531.146991506743, 101, 1.0
25532.136932259946, 103, 1.0
25532.566503692924, 101, -1.0
25534.31349005524, 101, -1.0
25540.39478857953, 75, 1.0
25543.714272770343, 103, 1.0
25556.50824819207, 35, 1.0
25561.53566069763, 101, 1.0
25564.16044698163, 75, 1.0
25565.084767988963, 152, -1.0
25576.853858659306, 44, -1.0
25586.75816391177, 152, -1.0
25587.562617882366, 152, 1.0
25606.297689694304, 154, 1.0
25613.115994373242, 35, -1.0
25614.205778358435, 75, 1.0
25615.779552919088, 101, 1.0
25617.348317716813, 103, 1.0
25617.991294472493, 103, 1.0
25623.413387216344, 75, -1.0
25625.682393207127, 44, -1.0
25630.065436960245, 75, 1.0
25635.24227086655, 103, 1.0
25638.466180061056, 35, -1.0
25644.812253017553, 154, 1.0
25649.108721823162, 103, 1.0
25659.634388673836, 101, 1.0
25667.074051529533, 35, 1.0
25689.844087265006, 75, 1.0
25704.422341237158, 154, 1.0
25725.02396868395, 35, -1.0
25730.687681896197, 154, 1.0
25733.36882193348, 154, 1.0
25745.278514870624, 103, 1.0
25750.902680812425, 35, -1.0
25752.340274946902, 101, 1.0
25752.743053645656, 101, -1.0
25753.705676595473, 101, -1.0
25759.00152978345, 103, 1.0
25765.291969271348, 75, 1.0
25787.488935033754, 152, -1.0
25794.520288884756, 154, 1.0
25798.2382170737, 75, 1.0
25801.259621735073, 75, -1.0
25813.85166703454, 35, -1.0
25816.148908229712, 101, 1.0
25816.784230218287, 35, -1.0
25818.70668282618, 101, -1.0
25819.39357815853, 101, 1.0
25836.05360679638, 154, 1.0
25840.084259690044, 101, 1.0
25844.301670552693, 152, -1.0
25849.624917493325, 154, 1.0
25855.53464933305, 75, 1.0
25858.26197717105, 152, -1.0
25859.652414837055, 152, -1.0
25860.247918809568, 152, 1.0
25863.501366307726, 75, 1.0
25865.09814557303, 103, 1.0
25883.529728942907, 35, 1.0
25884.663506636996, 35, -1.0
25890.97797161121, 154, 1.0
25903.276318837103, 75, 1.0
25928.47917048563, 35, -1.0
25930.602785503805, 152, -1.0
25937.149759686214, 154, 1.0
25939.444309347822, 35, -1.0
25951.412969837733, 152, -1.0
25958.732646008637, 75, 1.0
25967.96394169267, 75, -1.0
25976.053658561814, 75, 1.0
25976.805044409586, 75, 1.0
25979.445364345, 152, -1.0
25983.169261443803, 44, -1.0
25983.60121122851, 75, 1.0
25986.373159195202, 35, -1.0
25990.17513828764, 103, 1.0
25991.33290348524, 44, -1.0
26000.99613540098, 35, 1.0
26001.20986378988, 101, 1.0
26003.51612263021, 154, 1.0
26008.789539737925, 75, 1.0
26009.222580325462, 101, 1.0
26021.581138124035, 75, 1.0
26032.080970805768, 75, 1.0
26033.221067221282, 103, 1.0
26033.621527134714, 35, -1.0
26037.831933086643, 152, -1.0
26040.615839044614, 103, 1.0
26049.472981492952, 35, -1.0
26059.054486513916, 103, 1.0
26059.825427452262, 148, -1.0
26059.870980656666, 35, 1.0
26076.698888725943, 152, -1.0
26076.967923949534, 101, 1.0
26084.53335639109, 154, 1.0
26093.962129026553, 103, 1.0
26100.19869839419, 75, 1.0
26118.58129264712, 75, -1.0
26120.192136063983, 101, 1.0
26123.096852742652, 35, -1.0
26126.500717762425, 75, 1.0
26128.531972488337, 101, 1.0
26134.294671888823, 101, 1.0
26137.468490734493, 44, -1.0
26140.325955096356, 154, 1.0
26147.72955842324, 152, 1.0
26151.534502778413, 75, 1.0
26156.650699772545, 101, 1.0
26169.108804620493, 103, 1.0
26170.10422094489, 35, 1.0
26170.567540234824, 75, 1.0
26172.272271386075, 103, 1.0
26185.55152282091, 75, 1.0
26192.1388204124, 103, 1.0
26195.2454767103, 75, -1.0
26201.923240073425, 154, 1.0
26211.976095622398, 75, 1.0
26214.021727625608, 44, -1.0
26215.319018128543, 154, 1.0
26222.025458212764, 35, -1.0
26237.775290482834, 101, 1.0
26242.814082015626, 35, -1.0
26243.29633417319, 101, -1.0
26247.130666918212, 103, 1.0
26254.838974949846, 44, -1.0
26260.84926724717, 148, -1.0
26262.166890532222, 154, 1.0
26264.795411890962, 75, 1.0
26274.73778981514, 103, 1.0
26276.986694838168, 101, 1.0
26299.446651487095, 148, -1.0
26304.978795661802, 154, 1.0
26305.272044309073, 152, -1.0
26308.56074486888, 75, 1.0
26315.46209926026, 103, 1.0
26326.77006558829, 35, -1.0
26336.35202157091, 152, 1.0
26339.23037091478, 44, -1.0
26340.206320818554, 75, 1.0
26354.12484521866, 35, 1.0
26358.844258253357, 154, 1.0
26369.312115219345, 35, 1.0
26369.45472166332, 152, -1.0
26370.383769364664, 75, -1.0
26371.54513462975, 103, 1.0
26372.46796853526, 75, -1.0
26376.322864354308, 101, 1.0
26376.809513321976, 103, 1.0
26380.631090522882, 103, 1.0
26385.40842021739, 103, 1.0
26389.998700119086, 103, 1.0
26393.44151632039, 154, -1.0
26411.182877435836, 152, -1.0
26411.680937358615, 101, -1.0
26412.37583980845, 154, -1.0
26418.799619190147, 152, -1.0
26427.257223445315, 35, -1.0
26438.99340949808, 103, 1.0
26439.880061775, 152, -1.0
26452.12214116037, 75, 1.0
26453.069046803455, 75, 1.0
26458.173354720147, 44, -1.0
26460.588669050554, 101, 1.0
26462.7121295131, 148, -1.0
26463.652000810827, 154, 1.0
26477.7281554654, 103, -1.0
26491.79792408507, 101, 1.0
26495.851187388587, 75, 1.0
26505.066600196256, 75, 1.0
26507.18776850134, 152, -1.0
26516.083697007132, 103, 1.0
26518.01227708037, 103, 1.0
26520.635357974246, 101, 1.0
26522.996754694694, 75, -1.0
26523.338424691843, 101, 1.0
26528.882537552767, 152, -1.0
26532.79962090428, 152, -1.0
26533.020603295026, 75, -1.0
26537.96983959597, 154, 1.0
26539.788386316814, 103, 1.0
26540.294999075442, 75, 1.0
26544.672396386766, 103, 1.0
26556.78243271179, 44, -1.0
26560.384967691698, 103, 1.0
26561.49112076981, 148, -1.0
26562.63538763824, 152, -1.0
26575.550615173146, 103, 1.0
26581.44667055842, 154, -1.0
26582.027819725165, 101, 1.0
26584.16780046313, 101, -1.0
26590.54004766697, 35, -1.0
26594.66212528517, 101, -1.0
26595.251990391094, 35, -1.0
26598.509778346554, 75, 1.0
26603.255539101192, 103, 1.0
26604.855523510345, 152, -1.0
26606.054726881106, 75, 1.0
26610.66967818858, 101, 1.0
26622.033573757588, 44, -1.0
26628.609972579947, 103, 1.0
26631.38663464331, 154, -1.0
26635.438251028256, 44, -1.0
26647.363893398044, 103, 1.0
26650.18543440811, 75, 1.0
26653.9639198974, 101, 1.0
26659.199712207017, 35, 1.0
26659.64671201678, 101, 1.0
26672.231929822196, 148, -1.0
26680.538724482903, 154, 1.0
26692.169589352932, 152, -1.0
26694.34427855284, 35, -1.0
26696.804751837706, 152, 1.0
26699.92363798658, 35, -1.0
26700.717961668066, 154, 1.0
26703.09921150844, 75, 1.0
26711.429206733832, 148, 1.0
26718.00883009344, 75, 1.0
26721.91971429281, 75, -1.0
26727.889470324943, 148, -1.0
26731.381608635947, 75, 1.0
26750.675552673267, 35, 1.0
26756.46482818712, 35, 1.0
26767.981887865088, 35, 1.0
26768.417695381737, 154, -1.0
26775.123846979826, 154, -1.0
26776.77451692581, 101, -1.0
26779.0081859766, 103, 1.0
26782.84630896124, 101, -1.0
26794.500550987224, 152, -1.0
26810.467761516426, 101, -1.0
26814.07336827271, 101, 1.0
26819.52243746542, 154, 1.0
26821.589159348165, 101, -1.0
26826.145364795586, 35, 1.0
26828.485074878998, 152, 1.0
26832.177950337253, 101, -1.0
26837.310414033993, 75, -1.0
26859.385968006933, 44, -1.0
26873.635555392088, 35, -1.0
26877.45263156005, 35, -1.0
26887.613993123618, 44, -1.0
26891.692387882464, 154, 1.0
26893.58375643955, 35, -1.0
26897.496121869994, 35, -1.0
26899.820425863938, 154, 1.0
26918.06762268984, 103, 1.0
26923.07891798147, 101, -1.0
26925.656075469913, 103, -1.0
26931.994542971715, 75, -1.0
26932.904680294054, 103, -1.0
26935.97123277044, 101, 1.0
26939.29696746197, 101, 1.0
26945.715193919958, 75, 1.0
26947.16888893766, 75, 1.0
26952.56225076063, 35, 1.0
26955.526830485785, 101, 1.0
26960.468718827935, 154, 1.0
26968.25172529359, 148, -1.0
26982.5723450054, 152, 1.0
26988.767663945368, 154, 1.0
26988.780182722916, 148, -1.0
26989.359908217233, 103, -1.0
26992.420421558763, 152, -1.0
26996.625968474244, 75, 1.0
26999.612735256153, 44, -1.0
27001.380027473137, 101, -1.0
27004.90326269148, 152, -1.0
27008.00148850566, 101, 1.0
27011.149310196055, 101, 1.0
27013.89416646201, 152, -1.0
27017.29461793122, 75, 1.0
27038.020755000736, 35, -1.0
27047.79046839862, 152, 1.0
27048.77803985351, 44, -1.0
27055.163659085367, 101, -1.0
27055.668559955764, 154, 1.0
27063.502155946513, 101, 1.0
27064.245517978143, 154, 1.0
27070.4506832224, 148, 1.0
27082.387481675592, 44, -1.0
27086.768888400304, 103, 1.0
27088.88704014302, 35, -1.0
27091.107480169496, 103, 1.0
27097.48831562057, 35, -1.0
27099.111785781388, 101, 1.0
27102.603872053856, 101, -1.0
27102.81670031603, 103, 1.0
27106.34923484758, 154, 1.0
27109.384996621164, 152, -1.0
27109.428802074173, 103, 1.0
27120.02650986816, 154, 1.0
27124.675126092723, 154, 1.0
27128.115820389, 75, 1.0
27128.86133073571, 44, -1.0
27133.365043685728, 103, 1.0
27136.92822964849, 103, 1.0
27143.65485093867, 35, 1.0
27154.192485993968, 44, -1.0
27155.23215100958, 103, 1.0
27156.422747386972, 35, 1.0
27163.08771062895, 148, -1.0
27164.21603458454, 154, 1.0
27167.896951092338, 154, 1.0
27172.927374472943, 75, 1.0
27177.4086567242, 148, -1.0
27178.535589314313, 35, 1.0
27181.87873204028, 101, 1.0
27186.63665109686, 101, 1.0
27186.65496713537, 101, 1.0
27187.32887962683, 35, -1.0
27218.61773393324, 75, -1.0
27219.93626942674, 103, 1.0
27242.250325215504, 101, 1.0
27243.084797109226, 101, 1.0
27251.57070723469, 101, 1.0
27257.56889959335, 154, 1.0
27257.59397726528, 103, 1.0
27261.983826294138, 35, -1.0
27279.751079870814, 75, -1.0
27284.561600244382, 152, -1.0
27285.580041275472, 75, 1.0
27287.2036280713, 75, 1.0
27287.89902738818, 101, 1.0
27289.104135102767, 154, 1.0
27306.964368384193, 101, -1.0
27312.04200009039, 35, 1.0
27312.234105508134, 35, 1.0
27313.140016844416, 75, 1.0
27320.99604126069, 103, 1.0
27324.27038917079, 101, 1.0
27326.320691687233, 75, -1.0
27328.711178514735, 101, 1.0
27339.401767344993, 152, 1.0
27339.97726120303, 154, -1.0
27341.047066027528, 148, -1.0
27351.040876213345, 103, 1.0
27351.606704992344, 44, -1.0
27353.885206720253, 152, -1.0
27364.489998586723, 44, -1.0
27388.736098469617, 154, -1.0
27391.63209706646, 152, -1.0
27396.101073629696, 103, -1.0
27399.44837641557, 152, 1.0
27402.965986718256, 75, 1.0
27405.015069905447, 35, -1.0
27405.732447303377, 101, 1.0
27413.981842948764, 101, -1.0
27414.169154504787, 35, -1.0
27420.483119330398, 75, 1.0
27421.168634321835, 101, 1.0
27431.54821398534, 148, -1.0
27439.568400238135, 101, -1.0
27442.965305178903, 152, -1.0
27447.506951454747, 154, -1.0
27451.41583151322, 103, 1.0
27454.769301600125, 148, -1.0
27462.493175421572, 148, -1.0
27466.804985216695, 35, 1.0
27470.447548512657, 103, -1.0
27471.85879926714, 101, 1.0
27473.23258322255, 152, -1.0
27478.106600643703, 35, -1.0
27482.235089710597, 103, 1.0
27483.12534772755, 101, 1.0
27489.6918587875, 148, -1.0
27496.345654198907, 75, 1.0
27502.10973605819, 44, -1.0
27503.18712342352, 75, 1.0
27504.913991363723, 154, 1.0
27512.198130131, 152, -1.0
27515.285057020104, 103, 1.0
27521.36304792043, 75, 1.0
27525.054334609464, 75, 1.0
27527.419424946194, 101, 1.0
27528.402966690548, 101, 1.0
27530.168331375426, 35, -1.0
27536.458355803148, 75, -1.0
27538.90268937865, 152, 1.0
27541.15036299118, 103, 1.0
27542.00367529118, 35, -1.0
27543.22728172354, 103, 1.0
27547.904986181344, 75, 1.0
27553.727808162843, 154, 1.0
27554.119602823965, 35, -1.0
27557.771608357758, 35, 1.0
27569.091050327817, 103, 1.0
27577.314061242447, 148, -1.0
27578.893780392864, 44, -1.0
27590.957885277163, 75, -1.0
27592.014427649985, 103, 1.0
27597.730198240693, 154, 1.0
27603.51363400079, 35, -1.0
27609.960241854882, 103, 1.0
27616.040685163578, 75, 1.0
27618.87156990947, 101, 1.0
27621.39432616278, 152, 1.0
27622.061701710194, 35, 1.0
27629.136900735328, 154, 1.0
27630.385821770153, 44, -1.0
27631.58009485981, 101, -1.0
27631.769475877725, 152, 1.0
27646.490185590246, 101, -1.0
27649.256746787156, 152, -1.0
27653.029160399616, 103, 1.0
27654.284798351804, 35, 1.0
27654.769699825803, 44, -1.0
27657.217340092888, 75, 1.0
27661.73942290641, 101, 1.0
27670.133546859066, 148, -1.0
27675.966916191628, 101, -1.0
27687.814606715547, 35, -1.0
27689.612140760724, 101, 1.0
27695.137423471024, 44, -1.0
27696.41565775444, 75, 1.0
27707.020342714346, 154, 1.0
27709.22370984002, 154, 1.0
27711.809681449457, 35, 1.0
27716.04221688523, 35, 1.0
27721.153083939997, 101, 1.0
27725.398862745795, 44, -1.0
27730.22675695767, 148, -1.0
27731.179329675535, 154, 1.0
27731.606233613446, 101, 1.0
27731.7804986847, 103, 1.0
27738.295890583016, 103, 1.0
27739.966738298903, 152, 1.0
27741.40328370855, 35, 1.0
27742.46312032974, 101, 1.0
27747.170274523407, 75, 1.0
27756.138004562305, 103, 1.0
27757.161845680963, 101, -1.0
27761.614582821883, 154, 1.0
27766.837729269264, 35, 1.0
27779.449389246565, 103, 1.0
27780.47888830922, 35, 1.0
27784.33116955192, 154, 1.0
27784.34839481329, 75, 1.0
27794.604178148547, 152, -1.0
27800.302745024703, 35, 1.0
27815.397557046013, 75, 1.0
27819.890311705407, 154, 1.0
27822.490352350585, 154, 1.0
27823.85561088314, 101, -1.0
27841.411564369853, 75, 1.0
27844.262128564722, 103, 1.0
27845.705786121758, 35, -1.0
27849.615362019507, 75, 1.0
27851.757375306344, 44, -1.0
27855.7930746871, 35, -1.0
27859.085930735833, 101, -1.0
27860.451765937312, 35, -1.0
27884.074630745403, 35, -1.0
27889.846975694738, 154, -1.0
27892.07934915538, 101, 1.0
27898.031135858713, 35, 1.0
27899.627573657155, 35, -1.0
27899.844538455396, 148, -1.0
27900.36889700702, 103, 1.0
27904.729977093633, 148, 1.0
27907.902942012955, 75, 1.0
27912.473960258714, 148, -1.0
27919.573012188805, 154, 1.0
27926.48877626554, 44, -1.0
27930.588430457785, 103, 1.0
27937.82610194364, 152, -1.0
27939.771391305556, 148, 1.0
27941.03716511063, 35, 1.0
27953.97982744318, 154, -1.0
27957.31082702185, 154, 1.0
27964.426249399738, 148, -1.0
27974.790364478176, 101, 1.0
27978.91194773713, 103, 1.0
27980.265389812957, 148, -1.0
27980.960536885683, 152, -1.0
27984.80631049479, 154, -1.0
27985.6282190714, 35, -1.0
28000.01073102325, 101, 1.0
28001.724353125148, 154, -1.0
28003.172338445445, 75, -1.0
28004.489524718563, 101, 1.0
28010.84753923526, 44, -1.0
28011.219928235387, 152, 1.0
28021.689040706297, 75, 1.0
28028.42579681155, 35, 1.0
28029.317396940325, 75, 1.0
28037.787522084083, 44, -1.0
28044.023123521456, 103, 1.0
28052.166332228167, 101, 1.0
28054.321268491778, 103, 1.0
28060.988518144342, 152, -1.0
28069.3948356339, 103, 1.0
28069.59598316042, 103, 1.0
28071.953087932936, 101, 1.0
28076.49724912565, 103, 1.0
28094.237605769365, 35, 1.0
28095.221210995813, 75, -1.0
28099.419298313704, 35, -1.0
28100.352941100122, 75, 1.0
28104.504941720923, 35, -1.0
28111.377221611456, 75, 1.0
28116.927168378, 75, -1.0
28118.75533768143, 154, -1.0
28124.744659885742, 103, 1.0
28125.590438409457, 103, 1.0
28131.93139020314, 154, -1.0
28132.563636346626, 154, 1.0
28135.601109052986, 35, 1.0
28138.552706986167, 101, -1.0
28139.33907018401, 148, -1.0
28140.97115311628, 101, 1.0
28142.756016558244, 75, 1.0
28144.50227937256, 75, 1.0
28151.108744059078, 154, 1.0
28161.52656338894, 101, 1.0
28166.11280401823, 75, 1.0
28172.611506418336, 103, 1.0
28177.15017451422, 101, 1.0
28199.60333528711, 148, -1.0
28214.404290605893, 152, 1.0
28229.835481137136, 103, -1.0
28230.381619334807, 75, -1.0
28238.20625620338, 35, 1.0
28242.957410518084, 152, -1.0
28243.079668241036, 35, -1.0
28254.352937327378, 154, 1.0
28256.84872474619, 101, 1.0
28258.554830138375, 148, -1.0
28265.846069422474, 35, -1.0
28266.63384200622, 154, 1.0
28276.482261000474, 75, 1.0
28277.52755285784, 101, 1.0
28285.594415016127, 75, -1.0
28291.145095158943, 152, 1.0
28294.417388396323, 152, -1.0
28306.5005614385, 152, -1.0
28309.978735776745, 101, 1.0
28319.79421375644, 44, -1.0
28322.65383226633, 154, 1.0
28325.098625858656, 103, 1.0
28341.74732555953, 103, 1.0
28344.55764065399, 152, -1.0
28344.86862668784, 154, 1.0
28350.78849191163, 75, 1.0
28351.351610408707, 35, 1.0
28356.37346015251, 152, 1.0
28360.753325378988, 75, -1.0
28365.193872459116, 101, 1.0
28373.61634034134, 152, -1.0
28376.03158774533, 103, 1.0
28390.59218784429, 154, 1.0
28398.21697447863, 154, 1.0
28399.60424723874, 75, 1.0
28407.540023995392, 154, 1.0
28408.587624383556, 101, 1.0
28427.950891488854, 44, -1.0
28435.432287354597, 152, -1.0
28438.525482551944, 35, -1.0
28439.91552676459, 101, 1.0
28446.715921119023, 75, 1.0
28455.891867633323, 103, 1.0
28466.82693344074, 148, -1.0
28468.777497080744, 152, -1.0
28468.971262170686, 44, -1.0
28476.349972626078, 154, -1.0
28486.382192680467, 75, 1.0
28488.11060856367, 154, 1.0
28494.741498982326, 44, -1.0
28494.98412162171, 35, -1.0
28497.745911894017, 152, -1.0
28501.07853353281, 101, 1.0
28506.948986014588, 35, -1.0
28508.10138735706, 103, 1.0
28508.1495249998, 75, 1.0
28508.59703722921, 101, -1.0
28519.218972498806, 103, 1.0
28519.91474935378, 75, 1.0
28530.29078573668, 154, 1.0
28534.389754986212, 101, 1.0
28540.239042461817, 101, 1.0
28550.399204001555, 152, -1.0
28552.08596844525, 154, -1.0
28562.79840858061, 101, -1.0
28563.202610590164, 75, 1.0
28573.1986956189, 35, -1.0
28573.33053977016, 101, 1.0
28576.370008019574, 75, 1.0
28582.324734046273, 154, 1.0
28587.940377419018, 103, 1.0
28591.078062274657, 152, 1.0
28592.238273054674, 75, 1.0
28600.4590329212, 44, -1.0
28615.380781236712, 101, -1.0
28617.457093596106, 152, -1.0
28617.50741639686, 148, -1.0
28618.041805833163, 101, 1.0
28626.080295686326, 152, -1.0
28626.154627976728, 154, 1.0
28631.512048072233, 152, -1.0
28632.759288667734, 75, 1.0
28634.787639422244, 101, 1.0
28634.8552267829, 152, 1.0
28637.316616308482, 75, 1.0
28640.203481744393, 101, 1.0
28644.60541983845, 35, 1.0
28647.76473457376, 75, -1.0
28653.69687184785, 101, -1.0
28658.745015273733, 103, -1.0
28660.70871348185, 152, -1.0
28667.530934896342, 154, 1.0
28670.35687256314, 75, 1.0
28674.228061461654, 35, -1.0
28675.826241859653, 101, -1.0
28680.22188135423, 148, -1.0
28685.83378825332, 44, -1.0
28689.928570063057, 103, 1.0
28690.910350985447, 152, 1.0
28696.969003777212, 154, -1.0
28697.209252464345, 35, -1.0
28702.520197264264, 35, -1.0
28709.07318366186, 75, 1.0
28709.076288078886, 152, -1.0
28711.17668037291, 148, -1.0
28714.758623555263, 152, -1.0
28719.713098274857, 154, 1.0
28719.946239314864, 35, -1.0
28721.20897848154, 101, 1.0
28724.653230523636, 75, -1.0
28725.27426826474, 103, 1.0
28725.47242266623, 101, -1.0
28732.242962336284, 152, -1.0
28732.782417090806, 148, -1.0
28733.185628576157, 75, 1.0
28750.371023801243, 152, -1.0
28758.916368758742, 103, 1.0
28765.585481431597, 103, 1.0
28769.13846871966, 154, 1.0
28775.709185088166, 75, -1.0
28779.681163664347, 35, -1.0
28782.644056020268, 148, -1.0
28783.875521401224, 75, 1.0
28785.843753319205, 101, 1.0
28801.34986209838, 148, -1.0
28805.818783615625, 152, 1.0
28810.381809609033, 103, 1.0
28820.11199973683, 103, 1.0
28822.485841883663, 154, 1.0
28824.863681163533, 152, 1.0
28828.843838396675, 154, -1.0
28831.748004459958, 103, 1.0
28846.71340864714, 35, -1.0
28865.064386128477, 103, -1.0
28865.23072607928, 101, -1.0
28867.8627835382, 101, 1.0
28875.221818941587, 103, 1.0
28885.23676948654, 101, -1.0
28893.110736976305, 75, -1.0
28895.94186293756, 101, 1.0
28918.390459821927, 35, -1.0
28925.27626534396, 103, 1.0
28930.421176412507, 152, -1.0
28934.681870743825, 75, -1.0
28936.845104992375, 75, 1.0
28942.05531537172, 101, 1.0
28944.671961349646, 152, -1.0
28948.48484379985, 103, 1.0
28953.45696780245, 154, 1.0
28957.812365741025, 152, -1.0
28960.945469412836, 75, 1.0
28964.81612850323, 44, -1.0
28964.978564788933, 75, 1.0
28966.202750695862, 101, 1.0
28966.430478913462, 35, -1.0
28966.729427108326, 154, -1.0
28974.345576296568, 101, 1.0
28978.47385848457, 35, -1.0
29020.05677880548, 75, 1.0
29022.812457175252, 154, 1.0
29027.24819041586, 103, 1.0
29028.59618674291, 154, -1.0
29030.427508362245, 35, 1.0
29033.605750447106, 148, -1.0
29043.92601174594, 101, -1.0
29045.945149851555, 148, -1.0
29058.35200159554, 35, -1.0
29065.36615161714, 152, -1.0
29080.064776524483, 152, -1.0
29085.7389357244, 35, 1.0
29086.512781331894, 101, 1.0
29089.0617898987, 35, -1.0
29090.932620878546, 35, 1.0
29098.384271590425, 35, -1.0
29098.807789400562, 103, 1.0
29098.93510539111, 35, -1.0
29099.4304971194, 154, 1.0
29103.487655757075, 148, -1.0
29112.000190716968, 35, -1.0
29112.900144126063, 101, -1.0
29113.010689283252, 154, -1.0
29122.42466612704, 154, 1.0
29123.77128678832, 148, -1.0
29127.184403278698, 35, -1.0
29127.655472095288, 44, -1.0
29129.844640848438, 103, 1.0
29130.823780510655, 152, -1.0
29131.662905429515, 101, 1.0
29139.6309736411, 35, -1.0
29147.41214379758, 35, -1.0
29158.585869707513, 44, -1.0
29158.772801819516, 75, -1.0
29162.79006970813, 152, -1.0
29168.624026187135, 154, 1.0
29172.49483505959, 35, -1.0
29177.267669113877, 75, 1.0
29186.32415158913, 148, -1.0
29194.842379277063, 154, -1.0
29195.44079005075, 103, 1.0
29200.307675912227, 103, 1.0
29208.065966470316, 103, 1.0
29215.095296281732, 35, -1.0
29216.38047032174, 152, -1.0
29231.555713817692, 152, -1.0
29231.89087068969, 101, -1.0
29241.853395423306, 148, -1.0
29251.764109313433, 101, 1.0
29257.091863768605, 101, 1.0
29260.831631710163, 152, -1.0
29268.881407395464, 75, 1.0
29280.336402606128, 44, -1.0
29287.054983702536, 35, -1.0
29287.637167497902, 44, -1.0
29293.89133336316, 148, -1.0
29301.52600722928, 101, 1.0
29308.65003417678, 154, 1.0
29309.682694656047, 148, -1.0
29314.140613872056, 35, -1.0
29317.332491947887, 103, 1.0
29317.64354788865, 101, 1.0
29333.801765562814, 103, 1.0
29337.089468326612, 35, -1.0
29338.73636993531, 75, -1.0
29341.483102607497, 103, -1.0
29363.080583879237, 154, 1.0
29367.339969679513, 101, 1.0
29369.62775270722, 152, -1.0
29373.507207127168, 152, -1.0
29379.726218854394, 35, -1.0
29394.844972333027, 154, 1.0
29397.3196762774, 44, -1.0
29398.84977613785, 44, -1.0
29399.937554886757, 75, 1.0
29400.454349042426, 103, 1.0
29402.359788640733, 152, 1.0
29404.666463151156, 103, 1.0
29405.9126200981, 35, 1.0
29422.86717269158, 44, -1.0
29429.43700702198, 101, -1.0
29430.16759894054, 75, -1.0
29443.051637490393, 75, 1.0
29453.591150900123, 35, 1.0
29465.532814336424, 103, 1.0
29475.209037752786, 35, -1.0
29476.122687570572, 154, 1.0
29481.19211838364, 101, -1.0
29485.517376964446, 103, 1.0
29501.287536095602, 35, -1.0
29505.09254713733, 154, 1.0
29518.343002029516, 103, 1.0
29524.539116143354, 152, 1.0
29525.821177533377, 154, -1.0
29536.229443353634, 75, -1.0
29537.030902434668, 35, 1.0
29537.903044854225, 152, 1.0
29545.739617687937, 154, 1.0
29551.54497044245, 75, -1.0
29556.4738107849, 103, 1.0
29571.505807995734, 103, -1.0
29572.796878088186, 152, -1.0
29576.743851802006, 103, 1.0
29580.794529026076, 152, -1.0
29582.238132505267, 103, 1.0
29586.476735195283, 44, -1.0
29587.88571282271, 101, -1.0
29590.279867067155, 103, 1.0
29599.900661115866, 35, 1.0
29604.26074163424, 152, -1.0
29625.887991203435, 44, -1.0
29634.29640852739, 101, -1.0
29641.768313819684, 152, -1.0
29642.41480786454, 35, -1.0
29642.487181820597, 148, -1.0
29658.99583491371, 152, -1.0
29665.85899620772, 101, 1.0
29673.31644898914, 152, -1.0
29679.252648360274, 152, -1.0
29684.69882486042, 35, -1.0
29698.08186028462, 101, 1.0
29699.889568215483, 152, -1.0
29707.480067650824, 152, -1.0
29713.10259942356, 101, 1.0
29713.30116628431, 154, 1.0
29716.68050298452, 44, -1.0
29722.620880408318, 154, -1.0
29726.188807638144, 152, -1.0
29731.43414542463, 154, 1.0
29732.433473294557, 101, 1.0
29738.54953748593, 103, 1.0
29753.842162425222, 152, -1.0
29763.31624748242, 101, 1.0
29763.935588110355, 35, -1.0
29770.273573977, 35, 1.0
29771.788780148407, 101, 1.0
29777.049285745838, 35, -1.0
29778.651736677144, 75, -1.0
29779.323692140908, 103, 1.0
29789.933736752977, 103, 1.0
29795.314915015977, 75, -1.0
29824.587490049613, 44, -1.0
29827.454116372373, 154, -1.0
29828.94387584955, 101, 1.0
29829.3079748132, 154, 1.0
29831.64640999044, 103, 1.0
29832.982513675677, 148, -1.0
29836.694635492495, 148, -1.0
29840.618939427775, 75, -1.0
29848.29881361652, 103, -1.0
29864.513000535357, 103, 1.0
29865.078781393746, 152, 1.0
29871.421580628914, 44, -1.0
29871.83725181215, 35, -1.0
29874.694299385377, 148, -1.0
29874.81995417009, 103, 1.0
29881.180329350755, 152, -1.0
29888.596773318757, 154, -1.0
29893.17871311294, 152, -1.0
29901.103081727248, 35, -1.0
29906.407583766508, 35, -1.0
29909.851857171438, 103, 1.0
29916.488554620882, 103, 1.0
29924.12318863242, 152, -1.0
29924.31598559469, 44, 1.0
29927.32796196799, 35, -1.0
29931.25486932695, 35, -1.0
29945.52080583278, 154, -1.0
29949.272550662292, 35, 1.0
29954.31034979848, 103, 1.0
29968.04594173406, 152, 1.0
29972.224042826132, 35, -1.0
29973.878450338914, 103, 1.0
29982.227652979538, 152, -1.0
29985.883456570955, 101, 1.0
29991.81865868727, 152, -1.0
29992.97094220782, 101, -1.0
29997.29459668708, 154, 1.0
30004.779244677153, 152, -1.0
30006.627059413728, 44, -1.0
30009.644911962718, 148, -1.0
30010.96796543082, 44, -1.0
30017.428743332286, 103, 1.0
30019.207162260245, 75, 1.0
30023.96571288273, 103, 1.0
30024.021723756185, 35, -1.0
30027.830999511785, 35, 1.0
30030.656067356507, 101, 1.0
30035.450990310976, 101, -1.0
30036.209727201087, 75, -1.0
30037.24761711729, 152, -1.0
30037.900498786115, 103, 1.0
30038.738185117054, 101, 1.0
30047.16429557645, 154, -1.0
30048.210688952786, 44, -1.0
30055.275527352936, 103, 1.0
30056.652850998515, 154, 1.0
30069.73529585114, 75, 1.0
30072.952363779965, 35, 1.0
30073.86928459163, 35, 1.0
30079.75300647142, 152, 1.0
30080.79319414161, 35, -1.0
30081.7240183595, 44, -1.0
30085.799181761387, 44, -1.0
30095.810323428785, 101, -1.0
30097.554202987376, 35, 1.0
30100.408608257494, 154, -1.0
30100.637456110406, 154, -1.0
30102.197040781393, 75, 1.0
30103.052979570173, 103, 1.0
30105.016102782476, 75, -1.0
30106.832132878524, 44, -1.0
30113.397154768354, 75, -1.0
30114.195305173227, 152, -1.0
30120.306219172446, 35, -1.0
30120.721469875727, 103, 1.0
30123.024539794966, 35, 1.0
30123.899496022983, 101, -1.0
30124.488339431497, 101, -1.0
30132.292233152617, 35, -1.0
30133.13825759443, 103, 1.0
30136.728332958657, 75, -1.0
30137.858375998094, 44, -1.0
30143.247104502618, 35, 1.0
30152.53417111316, 152, -1.0
30160.31273722496, 75, 1.0
30162.96549032273, 35, 1.0
30166.21174925453, 35, 1.0
30166.39636659552, 101, -1.0
30168.724340314944, 101, 1.0
30175.879626554193, 44, 1.0
30184.281665434646, 75, -1.0
30187.46290390144, 101, 1.0
30196.099404549655, 35, 1.0
30198.400053361645, 152, 1.0
30202.447268485124, 35, 1.0
30204.78155861675, 152, -1.0
30208.35709281036, 101, -1.0
30210.56743581629, 44, -1.0
30219.567145764748, 103, 1.0
30222.79290469437, 101, 1.0
30225.84345072673, 101, -1.0
30227.67464891759, 75, -1.0
30235.435005253672, 101, 1.0
30240.04090926403, 44, -1.0
30240.114892108315, 75, 1.0
30256.702519051938, 35, -1.0
30257.181182169614, 35, -1.0
30258.82047674748, 103, 1.0
30265.42464763835, 44, 1.0
30270.472123413383, 152, 1.0
30278.54634750189, 35, -1.0
30284.598082673703, 103, 1.0
30286.546324879208, 101, -1.0
30287.614619269138, 152, -1.0
30291.948423756614, 101, -1.0
30295.761615816693, 103, 1.0
30296.247309918832, 103, 1.0
30307.090009755604, 75, -1.0
30307.975547082628, 152, -1.0
30308.126276461306, 35, 1.0
30310.221501445358, 103, 1.0
30313.600708998852, 152, -1.0
30315.718960913342, 154, 1.0
30316.293509192525, 101, 1.0
30329.000957097363, 148, -1.0
30331.216856136543, 152, -1.0
30347.506799728344, 35, -1.0
30355.41533773865, 101, -1.0
30355.923630500925, 152, -1.0
30361.551599929524, 44, -1.0
30374.99594246099, 35, -1.0
30376.794479269065, 35, 1.0
30383.718450517183, 103, 1.0
30386.855199680987, 35, 1.0
30388.153907115568, 35, 1.0
30417.226069540513, 152, 1.0
30417.842439490058, 152, -1.0
30443.122236461277, 154, 1.0
30444.46930245907, 101, -1.0
30450.10306660472, 101, -1.0
30455.723852137933, 101, -1.0
30459.226687417693, 101, 1.0
30460.167584845236, 152, -1.0
30467.07982953615, 44, -1.0
30470.94181078923, 35, -1.0
30477.70864568776, 103, 1.0
30483.430910656418, 75, -1.0
30483.70401249069, 44, -1.0
30487.503467793504, 75, -1.0
30488.070605002955, 152, -1.0
30489.657747009554, 44, -1.0
30493.409913866046, 44, -1.0
30504.534477631514, 101, 1.0
30507.233088459623, 44, -1.0
30511.81269997202, 152, 1.0
30522.102155148168, 35, 1.0
30529.046127866794, 101, -1.0
30530.921465859577, 148, -1.0
30540.8933955849, 101, -1.0
30542.078420892605, 75, 1.0
30545.4619655344, 75, -1.0
30555.9463555004, 101, 1.0
30556.490320457917, 103, 1.0
30574.893121180925, 35, 1.0
30582.191708716586, 101, 1.0
30582.22780150205, 44, -1.0
30586.942254975624, 44, -1.0
30590.092909543055, 35, 1.0
30592.435659865456, 103, 1.0
30593.979347447243, 103, 1.0
30597.842835237432, 152, -1.0
30601.52141421482, 101, 1.0
30602.865836224883, 101, -1.0
30609.275961327778, 152, -1.0
30614.549568261984, 101, -1.0
30626.123821366178, 35, 1.0
30639.43488711454, 35, -1.0
30643.233940199716, 154, 1.0
30649.31888946582, 35, 1.0
30654.993070638277, 103, 1.0
30663.000393566897, 152, -1.0
30671.185800782452, 152, -1.0
30686.591553244252, 154, 1.0
30686.97062908716, 75, -1.0
30687.405034411695, 101, -1.0
30687.60023525677, 152, -1.0
30689.34270350802, 154, -1.0
30689.897852428647, 35, -1.0
30700.782658730626, 103, 1.0
30704.345477517163, 101, -1.0
30704.521949094997, 75, 1.0
30705.72371531163, 152, -1.0
30705.749268708358, 154, 1.0
30722.97893780229, 35, -1.0
30737.75534631979, 148, -1.0
30745.62334044813, 75, 1.0
30748.427218412537, 101, -1.0
30766.830717025983, 103, 1.0
30768.83576982401, 154, -1.0
30769.80647412668, 44, -1.0
30779.570375862655, 103, 1.0
30781.623589757277, 35, -1.0
30784.901419479123, 44, -1.0
30786.186884857656, 35, -1.0
30791.111453201178, 103, 1.0
30791.921804777197, 154, 1.0
30815.038638483686, 148, -1.0
30815.40669329814, 44, -1.0
30828.678706926265, 101, -1.0
30832.721272550174, 101, 1.0
30837.21130035117, 103, 1.0
30840.384572079834, 101, 1.0
30840.564126294954, 103, 1.0
30844.16795928712, 152, -1.0
30848.196882457964, 35, 1.0
30850.533729707553, 75, -1.0
30863.523109024853, 103, 1.0
30870.307742127072, 101, 1.0
30878.956208063497, 35, 1.0
30885.231263996244, 152, -1.0
30892.80030839882, 44, -1.0
30894.214303419572, 35, 1.0
30898.043082643857, 154, -1.0
30898.105351298516, 103, 1.0
30902.334962610203, 103, 1.0
30904.366931001026, 101, -1.0
30905.549457629644, 35, 1.0
30906.90275126161, 152, 1.0
30910.26630631814, 44, -1.0
30914.96109248358, 35, -1.0
30919.98765723132, 35, 1.0
30923.532777386576, 44, 1.0
30932.105681166417, 75, -1.0
30933.93130640337, 103, 1.0
30937.884534982873, 44, -1.0
30938.618490680896, 152, 1.0
30943.637074021914, 35, -1.0
30945.36671475979, 152, -1.0
30947.656650144592, 103, 1.0
30950.35643467667, 103, 1.0
30959.875435619244, 75, -1.0
30966.88175774108, 35, -1.0
30967.694501497575, 44, -1.0
30969.483627541864, 101, 1.0
30969.927120164415, 35, -1.0
30970.149389905193, 75, -1.0
30974.80263027358, 35, -1.0
30976.12726667898, 103, 1.0
30977.871883608408, 75, -1.0
30983.18622753003, 35, -1.0
30995.134266154368, 101, 1.0
30999.667320408877, 148, 1.0
31000.350722772815, 152, 1.0
31004.257455683197, 75, -1.0
31006.109883061872, 152, -1.0
31012.301842429533, 152, -1.0
31014.5723242561, 154, -1.0
31016.18279527185, 35, -1.0
31036.075191985816, 154, -1.0
31040.86639928923, 101, 1.0
31061.652800389027, 75, 1.0
31062.044948324543, 101, -1.0
31076.50394955957, 103, 1.0
31079.729257697196, 103, 1.0
31081.9729494787, 154, 1.0
31082.849808531922, 75, 1.0
31093.043537302696, 148, -1.0
31093.478661693265, 75, 1.0
31097.093667364417, 35, 1.0
31098.320003676272, 101, 1.0
31098.70375191102, 103, 1.0
31107.27100708037, 152, -1.0
31109.2581969814, 101, 1.0
31116.250464011708, 152, -1.0
31117.006673777974, 35, -1.0
31118.32515659772, 148, -1.0
31123.03631150414, 75, -1.0
31128.78304341026, 103, 1.0
31129.656271762717, 103, 1.0
31133.133160659338, 152, -1.0
31133.946798515066, 101, -1.0
31151.229943375056, 35, -1.0
31155.734669092646, 75, 1.0
31155.844677481044, 44, -1.0
31156.495565433645, 101, 1.0
31169.54124476161, 35, 1.0
31189.386184570445, 152, 1.0
31193.22502202426, 103, -1.0
31212.874275926202, 75, -1.0
31212.912599376785, 101, 1.0
31223.211601842046, 44, 1.0
31224.01324035269, 101, -1.0
31234.462816071264, 75, -1.0
31235.42078258893, 35, -1.0
31246.389260836586, 152, -1.0
31252.45737891377, 103, 1.0
31253.1951627022, 44, -1.0
31254.30233583151, 35, 1.0
31255.488225712717, 152, 1.0
31255.546055869938, 154, 1.0
31255.998243589034, 44, -1.0
31260.055339001963, 75, -1.0
31274.54644097511, 44, -1.0
31288.10329484724, 35, 1.0
31289.480858789073, 35, 1.0
31289.86439688217, 148, -1.0
31289.92004241058, 35, -1.0
31291.337903736534, 101, -1.0
31295.336311299456, 103, 1.0
31296.659100261644, 101, -1.0
31303.35217401237, 154, 1.0
31308.673598353776, 152, -1.0
31310.086434643305, 154, -1.0
31311.27534599465, 152, -1.0
31318.406862573716, 101, 1.0
31321.226370910146, 44, -1.0
31331.929034170702, 154, 1.0
31335.789752610443, 148, -1.0
31336.625019348707, 152, -1.0
31337.155337633696, 103, 1.0
31341.878944081294, 101, 1.0
31349.037801317674, 75, -1.0
31352.78237647695, 152, -1.0
31360.787253402457, 101, 1.0
31361.5255089892, 103, 1.0
31387.169500107833, 101, -1.0
31388.331011087026, 101, 1.0
31394.90212561198, 101, -1.0
31404.104931092766, 44, 1.0
31405.702362612978, 101, 1.0
31420.2291678967, 154, 1.0
31420.312839837592, 75, 1.0
31429.436202901394, 103, 1.0
31434.44274874202, 35, 1.0
31440.245080883695, 148, -1.0
31444.18850063224, 75, -1.0
31450.672643846723, 154, -1.0
31452.929364873267, 148, -1.0
31460.999265755454, 103, 1.0
31462.71965603661, 101, -1.0
31464.19327731952, 103, 1.0
31464.523464159145, 75, -1.0
31465.104208124936, 101, -1.0
31469.096627460938, 103, -1.0
31469.369050004876, 35, 1.0
31469.53080672146, 75, -1.0
31475.308766949613, 103, 1.0
31476.13787010267, 44, -1.0
31479.427609260656, 101, -1.0
31484.007282005514, 75, 1.0
31487.142420440534, 35, 1.0
31489.092177981533, 75, -1.0
31502.704717086428, 101, -1.0
31504.195159362745, 75, 1.0
31509.307578054657, 154, -1.0
31511.985794315653, 152, 1.0
31520.39635761865, 35, -1.0
31521.829090590796, 101, -1.0
31527.800305826277, 103, 1.0
31534.986449965927, 101, -1.0
31535.865699463164, 75, 1.0
31536.835517291514, 152, -1.0
31539.013615064818, 101, -1.0
31541.2756757478, 35, 1.0
31543.177361858176, 152, -1.0
31546.870744485543, 35, -1.0
31551.354681556102, 103, 1.0
31562.679074466774, 103, 1.0
31564.63401965687, 35, -1.0
31585.61465137537, 152, -1.0
31586.266457482518, 154, 1.0
31589.79431004422, 101, -1.0
31600.15257193762, 152, -1.0
31607.42491150519, 103, 1.0
31614.051852715416, 44, -1.0
31622.379949496422, 154, 1.0
31634.48323559854, 103, 1.0
31635.56310086859, 152, -1.0
31641.960610670314, 35, 1.0
31646.590567973006, 148, -1.0
31648.25051848056, 101, -1.0
31655.5265749804, 152, -1.0
31657.752017656763, 148, -1.0
31674.681527955978, 101, -1.0
31676.082483777907, 152, 1.0
31677.752511859442, 154, 1.0
31682.645441177825, 44, -1.0
31688.523590484503, 103, 1.0
31691.622358726374, 103, 1.0
31706.213579619012, 152, -1.0
31721.890363424813, 101, -1.0
31728.089441491906, 35, 1.0
31731.59643820483, 101, 1.0
31733.764604117452, 75, -1.0
31740.22530610309, 35, -1.0
31765.707588474397, 103, 1.0
31767.56532837209, 103, 1.0
31770.015759815295, 103, 1.0
31778.8506351316, 101, -1.0
31784.191733454205, 103, 1.0
31787.23296708987, 75, 1.0
31809.190882499675, 148, -1.0
31811.21194581327, 152, -1.0
31812.267533352522, 152, -1.0
31820.075855227158, 103, 1.0
31823.96471393361, 35, 1.0
31841.91851620468, 152, -1.0
31865.63634636605, 152, -1.0
31882.361678803696, 152, -1.0
31897.294915379603, 103, 1.0
31897.93149316858, 101, 1.0
31899.13963014475, 154, -1.0
31902.09908403412, 101, 1.0
31907.27279140313, 35, 1.0
31907.384491762718, 35, 1.0
31912.366848221915, 148, -1.0
31914.39324046986, 75, -1.0
31921.469169552798, 103, 1.0
31922.2096178196, 75, 1.0
31925.561200243923, 44, -1.0
31942.9102794821, 101, 1.0
31953.02362847613, 35, -1.0
31954.430097126355, 103, 1.0
31954.690716933244, 103, -1.0
31955.064214091613, 152, 1.0
31956.453517871505, 154, 1.0
31960.26102740242, 154, 1.0
31967.826618902167, 152, -1.0
31976.223250817424, 44, -1.0
31977.316708639526, 44, -1.0
31977.89381186876, 35, 1.0
31982.58380824054, 101, -1.0
31982.81848185567, 44, -1.0
31989.234245912965, 101, -1.0
31990.307706568543, 75, 1.0
31997.785656683296, 103, 1.0
32001.407950375382, 101, 1.0
32003.597199981465, 103, -1.0
32006.238007195978, 35, 1.0
32013.97263603173, 152, -1.0
32014.366001070444, 101, -1.0
32019.86629408035, 103, -1.0
32020.132350373, 152, -1.0
32020.24370069505, 103, 1.0
32024.559457308926, 152, 1.0
32030.843047557624, 103, 1.0
32031.13691466175, 101, -1.0
32037.871733697357, 44, 1.0
32057.947386021682, 103, 1.0
32059.392375743893, 44, -1.0
32062.74494519341, 103, 1.0
32066.140524601826, 154, -1.0
32086.142510205977, 75, -1.0
32089.271917833303, 154, 1.0
32096.032901198556, 103, 1.0
32108.089734342077, 101, 1.0
32109.360929723847, 35, 1.0
32109.508362831715, 152, 1.0
32117.146841216585, 103, 1.0
32132.251437078045, 103, 1.0
32135.443596093643, 75, -1.0
32136.126204287706, 35, 1.0
32151.517484524582, 35, -1.0
32155.563004028416, 152, 1.0
32162.94728110802, 75, -1.0
32165.45309824297, 101, 1.0
32168.415242868097, 35, 1.0
32168.79581449054, 154, 1.0
32169.85250249205, 152, -1.0
32176.500861383312, 103, 1.0
32176.67085375486, 101, -1.0
32179.798260776384, 103, 1.0
32185.42788631548, 101, -1.0
32201.143410810215, 103, 1.0
32208.09988784392, 103, 1.0
32208.38949977255, 35, -1.0
32208.849664988742, 44, -1.0
32212.331884441013, 148, -1.0
32222.167733264796, 154, 1.0
32222.78289732912, 35, 1.0
32226.43306686166, 75, 1.0
32237.127924016262, 35, 1.0
32237.825168083342, 35, -1.0
32240.5199239613, 35, 1.0
32240.72123407461, 152, -1.0
32255.225335078147, 103, 1.0
32256.8681579565, 103, 1.0
32264.777764708157, 152, -1.0
32273.843221293995, 103, -1.0
32281.65175875403, 35, 1.0
32285.401427028635, 35, -1.0
32286.087495269545, 101, 1.0
32290.32221196339, 152, -1.0
32295.360212658205, 101, -1.0
32297.27796574822, 101, -1.0
32302.862445808663, 101, -1.0
32328.63283087945, 101, 1.0
32334.388645799005, 154, -1.0
32334.746509646677, 101, 1.0
32340.456227799517, 152, 1.0
32341.077147173684, 75, -1.0
32351.553402084777, 44, -1.0
32363.28854719702, 35, -1.0
32373.569462599786, 101, -1.0
32379.45164359103, 152, 1.0
32387.44502970942, 75, -1.0
32387.794047295916, 101, -1.0
32388.40078957934, 103, 1.0
32394.44552381494, 35, -1.0
32415.04708832832, 35, -1.0
32429.462756539648, 101, -1.0
32433.19560519953, 101, -1.0
32437.37798693728, 75, -1.0
32437.665203274883, 152, 1.0
32441.36985515897, 152, -1.0
32442.87150402462, 44, -1.0
32450.776540818086, 103, 1.0
32454.528100113712, 75, 1.0
32461.557643615375, 75, 1.0
32471.794594197923, 35, -1.0
32472.776973441465, 103, 1.0
32472.990774305916, 44, 1.0
32483.175418706658, 101, -1.0
32486.21188615244, 35, -1.0
32493.23102531875, 75, 1.0
32501.266638143647, 148, 1.0
32508.975048785527, 103, 1.0
32514.871891837767, 101, 1.0
32517.075559327062, 101, 1.0
32518.639482552604, 103, 1.0
32519.08150068459, 152, 1.0
32528.258881857368, 101, 1.0
32529.286427224288, 101, 1.0
32529.734597943392, 101, 1.0
32536.72223819967, 75, 1.0
32538.330249761886, 35, -1.0
32541.786011748, 75, 1.0
32541.970521061092, 152, -1.0
32542.314478252178, 35, -1.0
32544.976362242, 35, -1.0
32547.334593871015, 75, 1.0
32548.020375245716, 35, -1.0
32552.760733703766, 152, -1.0
32554.242966428148, 35, 1.0
32558.06641331525, 152, 1.0
32565.038782864744, 154, -1.0
32574.385869491653, 35, -1.0
32581.567168494854, 75, 1.0
32587.91030462502, 44, -1.0
32593.496628284684, 152, 1.0
32600.098935009162, 44, -1.0
32610.461931902097, 101, 1.0
32611.83763195608, 152, -1.0
32616.89724457617, 75, 1.0
32619.171049308978, 103, 1.0
32619.995410418738, 75, 1.0
32623.270092984272, 103, -1.0
32626.072709102496, 75, 1.0
32630.030691733005, 101, 1.0
32632.18031406141, 101, 1.0
32635.20689163809, 103, -1.0
32637.721020570087, 75, 1.0
32645.512883592633, 154, -1.0
32653.47441650223, 103, 1.0
32653.60331059859, 152, 1.0
32656.46386629278, 154, 1.0
32658.361484991412, 101, 1.0
32660.24525296986, 75, 1.0
32660.42042331652, 44, -1.0
32661.191526774124, 103, -1.0
32662.985770173018, 101, -1.0
32671.345042610552, 103, -1.0
32678.557282614245, 75, -1.0
32682.985340949668, 154, 1.0
32684.3179066346, 101, -1.0
32699.520798109075, 152, 1.0
32704.032915133757, 44, 1.0
32718.98264018409, 148, -1.0
32731.52204660936, 35, -1.0
32735.774530788363, 75, 1.0
32750.208462994335, 35, -1.0
32752.27231574834, 103, -1.0
32765.68262783473, 103, -1.0
32766.236129221103, 75, 1.0
32766.9827852625, 152, 1.0
32777.9277438857, 101, -1.0
32779.27380528047, 44, -1.0
32791.74679977356, 101, -1.0
32792.20664832257, 152, -1.0
32793.912050849714, 152, 1.0
32794.92031360772, 103, 1.0
32798.605839895485, 103, 1.0
32820.90868070897, 75, 1.0
32822.43529834177, 103, -1.0
32830.680199291186, 152, -1.0
32845.90634968108, 35, -1.0
32852.48856764652, 44, -1.0
32856.6438587271, 154, -1.0
32861.2060755481, 103, -1.0
32861.95987425915, 75, 1.0
32863.545466366886, 75, 1.0
32863.88879270418, 44, -1.0
32866.1946495672, 75, 1.0
32867.437984004275, 75, 1.0
32869.813908885255, 152, -1.0
32870.32192138143, 154, 1.0
32873.27030039824, 148, -1.0
32874.49850097756, 35, -1.0
32879.74284784811, 101, -1.0
32883.953650152165, 35, -1.0
32891.822372611736, 103, 1.0
32893.838035458575, 154, 1.0
32894.72723631203, 101, 1.0
32903.794902039364, 154, -1.0
32904.529543085955, 103, 1.0
32923.068097987416, 75, 1.0
32923.09251356461, 101, -1.0
32939.55563208648, 148, -1.0
32945.99811814247, 101, -1.0
32951.67779693767, 101, 1.0
32953.49119322106, 101, -1.0
32954.70032194121, 103, 1.0
32956.85426529139, 103, 1.0
32963.886817461535, 75, 1.0
32964.567012457665, 103, -1.0
32967.5857525993, 35, -1.0
32970.13397906577, 35, -1.0
32981.5522320743, 101, -1.0
32985.60582579504, 35, -1.0
32990.500663171595, 101, 1.0
33000.79461841158, 75, 1.0
33006.98339452145, 75, 1.0
33009.560506175505, 101, 1.0
33010.691635777985, 35, -1.0
33012.807060868094, 101, -1.0
33013.28948953201, 152, -1.0
33018.20453561171, 75, 1.0
33026.68533848199, 101, 1.0
33030.08337155632, 44, -1.0
33038.8494222648, 44, -1.0
33047.2145964435, 75, 1.0
33055.937111005085, 101, 1.0
33063.02753819027, 154, 1.0
33063.57400487032, 75, 1.0
33068.259914018534, 44, -1.0
33068.652847213125, 148, 1.0
33071.35140683238, 101, -1.0
33079.30107065591, 154, 1.0
33082.846064680416, 101, -1.0
33087.68063920922, 44, -1.0
33089.04578117498, 75, 1.0
33091.476478397395, 44, -1.0
33092.77889995825, 154, 1.0
33096.352951171284, 75, 1.0
33097.79150318331, 101, 1.0
33102.06706781072, 103, -1.0
33104.46350563807, 101, -1.0
33109.78024551387, 152, -1.0
33111.57967525692, 101, 1.0
33118.575800595, 103, 1.0
33119.52529894743, 154, 1.0
33121.11198299808, 75, 1.0
33122.76437701663, 35, -1.0
33126.85632192287, 152, -1.0
33127.726358820175, 75, 1.0
33128.250178598246, 152, 1.0
33129.04163378606, 148, 1.0
33133.313415292636, 103, 1.0
33133.92683512779, 101, 1.0
33136.29632268721, 101, -1.0
33136.54801762463, 154, 1.0
33143.919320885274, 75, 1.0
33151.925091048135, 152, -1.0
33152.75104131268, 101, -1.0
33152.89561581574, 75, 1.0
33153.81633844232, 101, 1.0
33155.95961397606, 152, -1.0
33163.57886465186, 75, 1.0
33176.44792565651, 101, -1.0
33179.1953368246, 44, -1.0
33180.57636295867, 75, 1.0
33185.39180857489, 35, -1.0
33188.41304773138, 75, 1.0
33188.763902097344, 101, 1.0
33193.56101350623, 148, 1.0
33197.40196150998, 35, 1.0
33202.28629018554, 154, -1.0
33203.47047270485, 44, -1.0
33205.111576207455, 75, 1.0
33206.787339776034, 152, 1.0
33207.460234353945, 152, 1.0
33209.496163707, 75, 1.0
33214.28156598463, 35, -1.0
33218.490166037795, 35, -1.0
33222.0675511359, 75, 1.0
33222.541347112, 35, 1.0
33229.04102538024, 44, 1.0
33229.39963289759, 101, 1.0
33233.55498044487, 101, -1.0
33242.6572043482, 152, 1.0
33249.971350832406, 101, -1.0
33250.45022512523, 103, 1.0
33260.26635949918, 35, -1.0
33266.56340971451, 103, -1.0
33277.967297506584, 148, -1.0
33282.585547318326, 101, 1.0
33283.75082027238, 152, -1.0
33287.19635347917, 101, -1.0
33287.856045633984, 154, -1.0
33293.90569054443, 152, 1.0
33294.28675722173, 35, -1.0
33298.41706019751, 101, -1.0
33299.006307528616, 35, -1.0
33302.929374907966, 101, 1.0
33303.993542898614, 101, -1.0
33305.8216115499, 101, 1.0
33313.85949067685, 101, 1.0
33314.33647455219, 75, 1.0
33315.35693237652, 101, 1.0
33327.9128180321, 75, 1.0
33329.259663606055, 148, -1.0
33360.45234152546, 101, -1.0
33366.02717822921, 35, -1.0
33371.116720063605, 35, -1.0
33372.668500005086, 101, 1.0
33376.978307808444, 101, 1.0
33394.904182050086, 101, -1.0
33409.84382188681, 101, -1.0
33420.26386279751, 44, -1.0
33422.13876967486, 75, -1.0
33422.74639464509, 148, -1.0
33426.88898273075, 44, -1.0
33441.71775144348, 103, 1.0
33445.96576029849, 103, 1.0
33447.50215970402, 148, -1.0
33447.605214443705, 75, 1.0
33448.32974970543, 101, 1.0
33449.771502749696, 44, -1.0
33460.84876763322, 103, 1.0
33464.4672193106, 35, -1.0
33469.199234201275, 101, 1.0
33471.2060384856, 152, -1.0
33472.73897790439, 152, -1.0
33482.34128329424, 75, 1.0
33482.69772273536, 44, -1.0
33489.73533712927, 101, -1.0
33493.2719468868, 101, -1.0
33498.09929777451, 152, 1.0
33498.16105166631, 35, 1.0
33498.47295603958, 152, 1.0
33507.53115497352, 101, -1.0
33517.50472867803, 75, 1.0
33521.22013206336, 152, 1.0
33535.1570358582, 75, -1.0
33540.125311347, 101, 1.0
33544.5806816231, 75, -1.0
33546.163394701965, 152, 1.0
33550.11315027177, 75, 1.0
33551.170032914946, 75, 1.0
33563.11904976319, 103, 1.0
33565.316206549556, 101, 1.0
33567.753442471985, 152, -1.0
33571.03499543687, 75, 1.0
33572.196117586514, 103, -1.0
33577.50857035575, 152, 1.0
33582.50181405256, 35, -1.0
33585.79871197742, 152, 1.0
33588.69152220164, 44, -1.0
33589.70301868416, 101, -1.0
33613.863756206934, 103, 1.0
33614.21643713615, 35, -1.0
33620.12756813707, 101, -1.0
33624.25116933549, 103, -1.0
33626.73689379477, 101, 1.0
33627.40005388011, 101, -1.0
33637.297724738586, 101, -1.0
33637.41320777128, 44, -1.0
33639.88708637282, 152, -1.0
33643.3226719655, 101, 1.0
33647.968963025414, 152, 1.0
33654.05341409797, 75, 1.0
33669.078966156936, 152, -1.0
33673.7029319349, 75, 1.0
33679.06042154267, 35, -1.0
33679.56560083008, 44, -1.0
33683.99206838071, 75, 1.0
33688.24268823738, 75, 1.0
33699.006900645436, 75, -1.0
33701.52584135416, 152, 1.0
33703.883037283, 75, 1.0
33712.356244527175, 35, -1.0
33713.080659904896, 35, -1.0
33716.107141659224, 101, 1.0
33721.32796580426, 103, -1.0
33726.41079989302, 75, 1.0
33731.374116602594, 148, 1.0
33731.68232518532, 152, 1.0
33738.34736029316, 103, 1.0
33745.41204443641, 103, 1.0
33750.75306784749, 154, -1.0
33751.246807008596, 101, 1.0
33751.32257927461, 101, -1.0
33760.542571264465, 103, 1.0
33761.49824749292, 101, 1.0
33773.6815039759, 152, 1.0
33776.799797369524, 75, 1.0
33780.82762267017, 101, 1.0
33781.232702119894, 44, 1.0
33789.39593209808, 152, -1.0
33793.29921782791, 103, 1.0
33801.8511403601, 35, -1.0
33801.9081821496, 152, -1.0
33807.302768649184, 35, -1.0
33815.91539736547, 101, -1.0
33816.67450040518, 44, -1.0
33818.32439877692, 44, -1.0
33821.97079314859, 103, -1.0
33830.13203187039, 35, -1.0
33837.01634607847, 101, 1.0
33842.658218566474, 75, -1.0
33844.399223939654, 101, 1.0
33850.04437009242, 152, -1.0
33850.81367477889, 103, 1.0
33865.93179157989, 44, 1.0
33867.10392169947, 44, -1.0
33870.63036189244, 35, -1.0
33896.29749456556, 152, 1.0
33903.01228866519, 101, 1.0
33908.084743669395, 101, 1.0
33916.07568386103, 75, 1.0
33923.28495850605, 75, 1.0
33930.719108493286, 75, 1.0
33931.15991988099, 44, 1.0
33935.1334463054, 101, -1.0
33959.328377525446, 44, 1.0
33966.999907758625, 148, -1.0
33979.64765765593, 154, 1.0
33982.4523752256, 35, -1.0
33985.90968690963, 103, -1.0
33990.887106469076, 35, -1.0
33994.47014113072, 44, -1.0
34008.16899642818, 154, 1.0
34016.52354882202, 101, -1.0
34020.73059910891, 101, -1.0
34021.28442595497, 44, -1.0
34022.159078274584, 75, 1.0
34023.379142254795, 148, 1.0
34029.543779395804, 101, 1.0
34034.02719287139, 101, -1.0
34049.67575390553, 101, 1.0
34065.36454817395, 101, 1.0
34077.28762004005, 101, 1.0
34078.470544061616, 75, -1.0
34088.984141998895, 103, -1.0
34115.42877660796, 103, 1.0
34118.55697713933, 35, -1.0
34121.72197451762, 75, -1.0
34121.79436348162, 75, 1.0
34125.93993224739, 75, 1.0
34128.31484688864, 154, 1.0
34131.44450650466, 101, 1.0
34132.04370806092, 35, -1.0
34132.550653171755, 75, 1.0
34133.492189995595, 154, 1.0
34141.37869818763, 152, -1.0
34143.89498678832, 75, 1.0
34148.29164874078, 35, -1.0
34158.35823194383, 35, -1.0
34160.264944642695, 75, -1.0
34160.739657261605, 75, -1.0
34161.02571459746, 75, -1.0
34178.94690380941, 101, 1.0
34180.37843484837, 75, 1.0
34182.94079411225, 101, -1.0
34191.40794224192, 101, -1.0
34195.94556927804, 101, -1.0
34200.66170604223, 101, -1.0
34211.89945006575, 148, 1.0
34215.93875866541, 101, -1.0
34221.476523596415, 103, -1.0
34221.495244143836, 154, 1.0
34224.066012273644, 148, -1.0
34228.09401392575, 101, 1.0
34233.21635980585, 103, 1.0
34237.604414617716, 44, -1.0
34238.73052152868, 35, 1.0
34244.76895174034, 103, 1.0
34245.87542620147, 152, -1.0
34251.92598827505, 101, 1.0
34256.17326695269, 101, -1.0
34259.74580931998, 101, -1.0
34264.10961775822, 44, -1.0
34269.42828783202, 44, -1.0
34269.672799181026, 44, -1.0
34283.162126262214, 101, -1.0
34283.83918834837, 35, -1.0
34287.75281402068, 44, -1.0
34291.9108178044, 101, -1.0
34299.24189373804, 101, 1.0
34301.05949062095, 75, 1.0
34302.01751361911, 44, 1.0
34306.240201257366, 75, 1.0
34306.268619601244, 35, -1.0
34307.60259986264, 103, 1.0
34307.69881374109, 152, 1.0
34309.49631690695, 152, 1.0
34310.10465699636, 152, -1.0
34311.28952541087, 152, -1.0
34313.46055967219, 152, 1.0
34320.80294554263, 75, 1.0
34323.33175741961, 44, -1.0
34328.085176265915, 75, 1.0
34330.99002496455, 154, -1.0
34332.73416622875, 152, -1.0
34343.78900781231, 154, 1.0
34345.9384639646, 148, -1.0
34346.40813504471, 75, -1.0
34348.83713784085, 75, 1.0
34350.48240379456, 44, -1.0
34367.50818183349, 75, -1.0
34374.53961125424, 75, 1.0
34377.32119246321, 75, 1.0
34380.95001495095, 152, 1.0
34382.796076218816, 154, 1.0
34385.01322161701, 44, -1.0
34392.14625284535, 154, 1.0
34400.419777494106, 154, -1.0
34404.30528418416, 101, 1.0
34409.41987136779, 35, -1.0
34416.50466904512, 101, -1.0
34420.83970138109, 152, -1.0
34427.599338619206, 101, 1.0
34431.0791600314, 101, -1.0
34444.359516552446, 101, -1.0
34444.706680535026, 75, 1.0
34449.904557021866, 44, -1.0
34459.9879448784, 75, 1.0
34460.13502551753, 103, 1.0
34467.16788274748, 75, -1.0
34474.17560577555, 101, -1.0
34481.94124550215, 101, -1.0
34484.979392083915, 35, -1.0
34489.87254443171, 154, 1.0
34503.786832119105, 44, -1.0
34504.02733917481, 103, -1.0
34506.24022673594, 154, 1.0
34518.0139026305, 154, -1.0
34519.47318058282, 101, 1.0
34520.710662907964, 35, -1.0
34525.439412456035, 101, -1.0
34528.7640429146, 154, -1.0
34533.382829718495, 152, -1.0
34537.97778530947, 75, 1.0
34541.91137788561, 35, 1.0
34543.64714304472, 103, 1.0
34546.62837660676, 75, -1.0
34547.135688896095, 103, 1.0
34547.951887027586, 103, -1.0
34551.620933491955, 101, -1.0
34558.780034707415, 101, -1.0
34559.07477091414, 35, -1.0
34561.359510964416, 101, -1.0
34572.83427674562, 75, 1.0
34586.025465794344, 101, 1.0
34587.257353626366, 75, 1.0
34587.48410939785, 101, 1.0
34587.86349035357, 44, 1.0
34589.73163381104, 101, 1.0
34591.33655126383, 101, 1.0
34592.23462266926, 75, -1.0
34594.35733486838, 75, 1.0
34597.572817413515, 103, 1.0
34606.11116579041, 103, 1.0
34610.15896809269, 75, 1.0
34616.363833446245, 75, 1.0
34623.80748405739, 75, -1.0
34630.78234846999, 75, 1.0
34630.89234818028, 75, -1.0
34632.10833364086, 101, -1.0
34639.051797432294, 75, 1.0
34639.58747943787, 101, 1.0
34645.426904335785, 75, 1.0
34646.65905590132, 101, 1.0
34669.91189767639, 154, -1.0
34672.85324036816, 103, 1.0
34685.161059550774, 35, -1.0
34687.47507749765, 101, -1.0
34690.38320872375, 35, 1.0
34690.93161938857, 75, 1.0
34694.79925999125, 75, 1.0
34697.933064249526, 44, -1.0
34703.47255717982, 152, -1.0
34703.61393566366, 44, 1.0
34703.810080988675, 35, -1.0
34706.46204375954, 101, 1.0
34710.4275579481, 75, 1.0
34711.30860462716, 152, -1.0
34729.30720413476, 75, 1.0
34736.71037634879, 75, -1.0
34747.71467711032, 154, 1.0
34753.91997374144, 75, -1.0
34764.18572221251, 152, 1.0
34764.56013992445, 152, -1.0
34769.64001474235, 101, -1.0
34773.91769140302, 35, -1.0
34777.42302211153, 35, -1.0
34783.926693947345, 44, 1.0
34789.274685714416, 101, 1.0
34792.44143311031, 101, -1.0
34798.04086548001, 103, 1.0
34798.40828717061, 101, 1.0
34801.2780588156, 75, 1.0
34803.454399257374, 75, 1.0
34824.11882504147, 101, -1.0
34826.98194050516, 101, -1.0
34829.23173158055, 101, -1.0
34830.688296619905, 44, -1.0
34844.9008113431, 152, -1.0
34845.032236035804, 75, 1.0
34855.800266167535, 101, -1.0
34866.5508420713, 101, -1.0
34868.5435982954, 35, -1.0
34873.182683058505, 103, -1.0
34873.290785296354, 75, 1.0
34875.241227055005, 75, 1.0
34899.25257858506, 75, 1.0
34909.320789422476, 152, 1.0
34912.73532939682, 75, 1.0
34918.07865960461, 101, -1.0
34924.45857470819, 75, -1.0
34932.26683933759, 103, 1.0
34932.468501399184, 101, 1.0
34938.40674035011, 75, -1.0
34941.79181826653, 44, -1.0
34943.75817031587, 75, 1.0
34946.43504984561, 101, -1.0
34950.4175026252, 75, -1.0
34970.34710662176, 35, -1.0
34984.749683358, 101, 1.0
34987.21702181793, 101, 1.0
34988.58249759636, 152, -1.0
34989.12120783535, 101, -1.0
34991.38064440229, 103, -1.0
34994.01803611371, 148, 1.0
34995.581600338985, 152, 1.0
35001.050802431746, 152, 1.0
35007.11589965598, 152, 1.0
35011.77342725627, 44, -1.0
35019.34600226824, 101, 1.0
35020.69716606297, 101, -1.0
35023.31019256385, 101, -1.0
35023.38859576984, 152, 1.0
35027.297368463696, 75, 1.0
35034.232392604405, 101, 1.0
35034.422207733645, 154, 1.0
35037.11698234552, 103, 1.0
35042.389516777395, 35, -1.0
35051.94517649233, 101, 1.0
35067.39867536297, 152, 1.0
35070.700756062724, 152, -1.0
35072.025359572035, 103, 1.0
35073.5346090194, 103, 1.0
35073.88311466881, 101, -1.0
35078.66982331624, 75, -1.0
35079.07645785557, 44, -1.0
35083.51049983333, 103, 1.0
35086.70961339352, 103, -1.0
35088.80329592779, 75, 1.0
35090.38977877151, 152, 1.0
35093.812174669096, 75, 1.0
35094.5862256503, 35, -1.0
35098.43951672321, 44, -1.0
35100.98798653931, 75, -1.0
35101.002152924746, 101, 1.0
35111.250101733254, 75, 1.0
35127.06314628315, 75, 1.0
35129.266867062375, 101, -1.0
35133.63153757213, 154, 1.0
35134.482268506144, 152, -1.0
35139.86033967637, 101, -1.0
35141.85177565784, 75, 1.0
35141.92652244232, 75, 1.0
35142.76570330698, 152, -1.0
35143.17513099733, 152, -1.0
35145.679277238756, 101, 1.0
35148.66360732287, 75, 1.0
35149.874020725576, 75, 1.0
35154.522418923196, 101, 1.0
35156.58968153578, 35, -1.0
35173.75985782736, 152, 1.0
35178.12886072981, 75, 1.0
35179.206553339005, 101, 1.0
35186.04970284804, 75, -1.0
35188.123162378695, 44, -1.0
35194.97399292962, 101, 1.0
35196.73806345288, 35, -1.0
35197.72553154152, 35, -1.0
35241.14868161222, 101, 1.0
35256.103628198776, 75, 1.0
35259.586127603354, 44, 1.0
35261.41223714101, 152, -1.0
35267.9647909347, 101, -1.0
35268.28027614709, 154, 1.0
35273.83143917277, 103, 1.0
35275.60867875219, 101, 1.0
35276.170588319124, 101, 1.0
35291.754014321465, 103, 1.0
35292.49045406781, 154, -1.0
35293.45468783437, 75, 1.0
35297.334904323136, 44, -1.0
35308.30496702232, 75, 1.0
35313.8356115231, 44, -1.0
35314.63239509747, 44, -1.0
35318.58122427013, 152, -1.0
35321.02055300918, 35, -1.0
35321.61175778431, 154, -1.0
35325.87166912584, 35, -1.0
35326.38051465678, 154, 1.0
35327.400265198914, 101, -1.0
35330.75714872889, 101, -1.0
35331.047641054334, 35, -1.0
35331.754061757034, 35, -1.0
35336.65036119722, 35, -1.0
35336.89328025327, 75, 1.0
35345.27987848935, 75, 1.0
35347.609355589215, 148, 1.0
35351.26088830284, 101, 1.0
35357.6775058295, 154, 1.0
35357.89278404864, 101, 1.0
35358.36207890759, 75, -1.0
35358.63297106443, 44, -1.0
35359.67385888753, 101, 1.0
35364.48278014403, 152, -1.0
35367.7816384151, 152, 1.0
35371.866068046045, 101, -1.0
35372.044495657676, 154, 1.0
35388.35437270637, 148, 1.0
35389.60123458168, 148, -1.0
35395.87555192216, 44, -1.0
35400.85378770064, 75, 1.0
35401.17433037044, 44, -1.0
35401.94655262472, 35, -1.0
35402.90463201702, 101, 1.0
35405.50022000061, 152, -1.0
35410.572119438155, 44, -1.0
35422.68436782657, 75, 1.0
35431.5631745722, 75, 1.0
35433.84281506394, 101, -1.0
35437.47132013597, 44, -1.0
35438.779907821016, 75, -1.0
35441.1569548549, 75, 1.0
35441.22663850099, 152, -1.0
35441.3350440778, 44, -1.0
35444.685124750285, 152, 1.0
35445.22539682638, 101, -1.0
35446.70074396354, 44, -1.0
35450.593756155686, 103, 1.0
35454.21321756756, 44, 1.0
35454.41044772418, 35, -1.0
35455.036091289396, 152, 1.0
35467.371644897365, 44, -1.0
35467.65861082593, 101, -1.0
35468.45963949582, 44, -1.0
35470.7043733547, 44, -1.0
35480.04033559067, 101, -1.0
35483.87799920685, 75, 1.0
35490.72891871848, 103, 1.0
35491.06840649403, 148, -1.0
35493.40070737139, 44, -1.0
35494.671518799056, 101, 1.0
35501.74886182655, 44, -1.0
35507.07934764211, 44, 1.0
35529.74600572663, 103, 1.0
35530.58206101655, 101, 1.0
35532.58864081667, 101, 1.0
35539.49050372892, 101, -1.0
35543.36199559566, 154, 1.0
35544.62254159737, 44, -1.0
35544.84216147359, 152, 1.0
35545.534340666425, 103, 1.0
35552.03333692274, 152, -1.0
35558.62759273414, 75, 1.0
35559.70842673961, 35, 1.0
35567.807487107544, 75, -1.0
35573.4824324086, 152, 1.0
35574.665022772264, 75, 1.0
35581.02063741755, 101, 1.0
35599.93075643331, 152, 1.0
35606.869674132606, 103, 1.0
35616.75712161714, 148, 1.0
35627.575725542745, 101, 1.0
35640.67324410946, 44, 1.0
35643.257816272446, 103, 1.0
35651.144056520694, 152, 1.0
35655.438551010295, 75, 1.0
35658.534574717036, 103, 1.0
35661.04282909352, 101, -1.0
35664.09007251267, 103, 1.0
35670.43572648302, 35, -1.0
35670.52831232492, 75, -1.0
35674.09496279585, 101, 1.0
35675.16599792635, 35, 1.0
35676.659024133216, 148, -1.0
35682.54131862926, 75, 1.0
35690.079467801595, 154, 1.0
35692.400071320575, 101, 1.0
35693.675627005505, 75, 1.0
35695.43443004361, 35, -1.0
35703.12290300077, 152, 1.0
35706.12317010092, 101, -1.0
35715.14074948926, 44, -1.0
35722.47200666106, 44, -1.0
35723.854282309454, 101, -1.0
35725.63318639151, 35, -1.0
35726.575254441304, 152, 1.0
35727.08444151167, 103, 1.0
35728.50961322551, 154, 1.0
35729.13831310993, 35, -1.0
35729.886246103844, 152, 1.0
35741.81691461205, 103, 1.0
35753.997772962255, 101, -1.0
35754.97732820939, 103, 1.0
35761.504319059066, 103, 1.0
35762.7113420062, 101, -1.0
35768.71591719525, 44, -1.0
35772.73469854951, 75, 1.0
35774.51727258645, 101, -1.0
35797.898384165615, 35, -1.0
35800.348071961685, 154, 1.0
35805.03417113273, 152, -1.0
35805.121221544585, 103, -1.0
35805.76818804088, 101, 1.0
35808.36482311236, 101, -1.0
35808.66929716337, 103, -1.0
35812.28465816859, 35, -1.0
35823.60939108017, 101, 1.0
35827.31236861006, 103, 1.0
35833.703811614934, 44, -1.0
35834.257289237896, 35, -1.0
35834.40533148731, 103, 1.0
35846.41197076237, 75, 1.0
35854.17999845349, 35, -1.0
35855.63479366544, 152, -1.0
35865.31428887524, 152, 1.0
35868.26607098576, 44, -1.0
35873.8121570158, 148, 1.0
35874.37366068634, 75, 1.0
35891.21765392063, 75, 1.0
35897.73830684757, 101, -1.0
35897.8328594563, 101, 1.0
35898.70696033776, 75, 1.0
35912.09755397439, 101, 1.0
35913.87285906497, 101, 1.0
35931.67290527209, 103, 1.0
35940.99067991902, 35, -1.0
35951.98367132606, 101, -1.0
35964.89261654065, 44, -1.0
35972.86753795852, 35, -1.0
35982.80499222898, 103, 1.0
35987.50556432803, 75, 1.0
35995.95081974674, 101, -1.0
