vehicleInitialStation : [
148
]

vehicleRemainingTimeToInitialStation : [
0.0
]

vehicleInitialLoad : [
14
]

stationsInitialLoad : [
9.0
9.0
3.0
1.0
4.0
0.0
3.0
8.0
0
]

stationDemand : [
-0.13336173765800724
0.8025688130782692
-0.6960143247850384
0.14238237825397196
-0.1739512472460654
-0.13864205480432137
-0.38716920870152083
-0.0469966014139447
0
]

drivingTime : [
0 12.183333333333334  4.316666666666666  7.95  3.5166666666666666  4.383333333333334  5.25  2.6166666666666667  0
6.05  0 7.033333333333333  7.333333333333333  10.533333333333333  3.7666666666666666  7.8  4.866666666666666  0
3.8833333333333333  12.25  0 7.15  5.05  4.666666666666667  2.3  6.5  0
9.733333333333333  12.633333333333333  7.466666666666667  0 11.55  8.433333333333334  9.283333333333333  8.016666666666667  0
2.4833333333333334  14.666666666666666  3.7666666666666666  10.533333333333333  0 6.866666666666666  3.35  5.1  0
5.883333333333334  11.633333333333333  4.216666666666667  3.566666666666667  7.666666666666667  0 4.933333333333334  6.833333333333333  0
4.933333333333334  13.3  2.05  8.516666666666667  2.75  5.716666666666667  0 7.55  0
2.25  9.983333333333333  6.583333333333333  7.583333333333333  5.766666666666667  4.016666666666667  7.5  0 0
0 0 0 0 0 0 0 0 0
]
